9.999999999899356062e-01,1.006436526557536659e-11,9.999999999899357173e-01,1.006436526557536659e-11
9.999999999899356062e-01,1.006436526557536659e-11,9.999999999899357173e-01,1.006436526557536659e-11
9.999999999899356062e-01,1.006436526557536659e-11,9.999999999899357173e-01,1.006436526557536659e-11
9.999999999899356062e-01,1.006436526557536659e-11,9.999999999899357173e-01,1.006436526557536821e-11
9.999999999899356062e-01,1.006436526557536659e-11,9.999999999899357173e-01,1.006436526557536659e-11
9.999999999899356062e-01,1.006436526557536659e-11,9.999999999899357173e-01,1.006436526557536659e-11
9.999999999899356062e-01,1.006436526557536659e-11,9.999999999899357173e-01,1.006436526557536659e-11
9.999999999899356062e-01,1.006436526557536659e-11,9.999999999899357173e-01,1.006436526557536659e-11
9.999999999899356062e-01,1.006436526557536659e-11,9.999999999899357173e-01,1.006436526557536821e-11
9.999999999899356062e-01,1.006436526557536659e-11,9.999999999899357173e-01,1.006436526557536821e-11
9.999999999899356062e-01,1.006436526557536659e-11,9.999999999899357173e-01,1.006436526557536659e-11
9.999999999899356062e-01,1.006436526557536659e-11,9.999999999899357173e-01,1.006436526557536659e-11
9.999999999899356062e-01,1.006436526557536659e-11,9.999999999899357173e-01,1.006436526557536659e-11
9.999999999899356062e-01,1.006436526557536659e-11,9.999999999899357173e-01,1.006436526557536659e-11
9.999999999899356062e-01,1.006436526557536659e-11,9.999999999899357173e-01,1.006436526557536821e-11
1.314991687622546334e-14,9.999999999999868994e-01,1.314991687622546176e-14,9.999999999999867883e-01
7.883754150882122518e-147,1.000000000000000000e+00,9.999999998999999750e-11,9.999999998999999917e-01
1.036707117566987123e-150,1.000000000000000000e+00,1.614069609137437625e-229,1.000000000000000000e+00
1.000000000000000000e+00,8.102588957054348529e-85,1.947277389425178947e-127,1.000000000000000000e+00
1.037873978708598212e-142,1.000000000000000000e+00,1.037873978718372636e-152,1.000000000000000000e+00
5.049305542167201231e-131,1.000000000000000000e+00,9.999999998999999750e-11,9.999999998999999917e-01
1.000000000000000000e+00,5.240542832813802462e-273,6.380622093018045390e-63,1.000000000000000000e+00
1.000000000000000000e+00,6.380622092925194042e-53,9.999999998999999750e-11,9.999999998999999917e-01
5.000000000000000000e-01,5.000000000000000000e-01,1.318159579501909201e-124,1.000000000000000000e+00
1.504788862612312247e-08,9.999999849521112871e-01,2.982002227116567010e-74,1.000000000000000000e+00
2.882650061846646102e-55,1.000000000000000000e+00,2.091967986313366966e-89,1.000000000000000000e+00
2.997781153739692062e-223,1.000000000000000000e+00,2.997781153680229134e-233,1.000000000000000000e+00
1.000000000000000000e+00,2.997781153680229011e-223,1.719949786839813156e-263,1.000000000000000000e+00
1.000000000000000000e+00,1.719949786864841780e-253,9.999999998999999750e-11,9.999999998999999917e-01
5.000000000000000000e-01,5.000000000000000000e-01,8.150702484892208800e-248,1.000000000000000000e+00
1.000000000000000000e+00,8.150702485010815360e-238,8.150702484892208800e-248,1.000000000000000000e+00
1.000000000000000000e+00,8.150702485010815360e-238,9.999999998999999750e-11,9.999999998999999917e-01
5.000000000000000000e-01,5.000000000000000000e-01,9.999999998999999750e-11,9.999999998999999917e-01
5.000000000000000000e-01,5.000000000000000000e-01,2.134070458606341066e-93,1.000000000000000000e+00
4.765912620535800206e-122,1.000000000000000000e+00,4.765912620511331090e-132,1.000000000000000000e+00
1.415931466858486293e-10,9.999999998584068184e-01,9.525930786260122101e-64,1.000000000000000000e+00
2.900305680572011246e-42,1.000000000000000000e+00,2.900305680572011246e-42,1.000000000000000000e+00
3.118280795953258742e-12,9.999999999968818276e-01,3.118280795953258742e-12,9.999999999968818276e-01
2.165113646052927840e-74,1.000000000000000000e+00,2.165113646052927840e-74,1.000000000000000000e+00
1.331061532870315065e-10,9.999999998668938073e-01,1.331061532870315065e-10,9.999999998668938073e-01
5.592733038504422835e-233,1.000000000000000000e+00,5.592733038504423729e-233,1.000000000000000000e+00
7.552308208795004252e-14,9.999999999999243938e-01,7.552308208795004252e-14,9.999999999999245048e-01
1.729472159131200393e-86,1.000000000000000000e+00,1.729472159131200393e-86,1.000000000000000000e+00
3.397932514609938205e-80,1.000000000000000000e+00,3.397932514609938205e-80,1.000000000000000000e+00
9.012425899552200041e-20,1.000000000000000000e+00,9.012425899552200041e-20,1.000000000000000000e+00
9.999999996834015858e-01,3.165983998532548810e-10,9.999999996834015858e-01,3.165983998532548293e-10
9.999999999933920636e-01,6.607938860822676397e-12,9.999999999933921746e-01,6.607938860822676397e-12
9.999999999949116258e-01,5.088395614210015273e-12,9.999999999949116258e-01,5.088395614210015273e-12
9.999999999809390250e-01,1.906088483072250598e-11,9.999999999809391360e-01,1.906088483072250921e-11
9.999696545150293936e-01,3.034548497055940993e-05,9.999696545150293936e-01,3.034548497055941332e-05
9.999999999916410198e-01,8.359062569071651479e-12,9.999999999916409088e-01,8.359062569071651479e-12
9.999999999908945059e-01,9.105508767194553439e-12,9.999999999908945059e-01,9.105508767194555055e-12
4.237959541171851382e-04,9.995762040458827657e-01,4.237959541171850298e-04,9.995762040458827657e-01
9.012425899552201245e-20,1.000000000000000000e+00,9.012425899552200041e-20,1.000000000000000000e+00
9.438928158119736681e-16,9.999999999999991118e-01,9.438928158119736681e-16,9.999999999999991118e-01
9.887602347577906237e-01,1.123976524220942318e-02,9.887602347577906237e-01,1.123976524220942665e-02
9.999999999905299086e-01,9.470110775218478238e-12,9.999999999905297976e-01,9.470110775218476623e-12
9.999999999720921018e-01,2.790791985147400355e-11,9.999999999720921018e-01,2.790791985147401001e-11
9.999999999899356062e-01,1.006436526557536659e-11,9.999999999899356062e-01,1.006436526557536659e-11
9.999999999905299086e-01,9.470110775218476623e-12,9.999999999905299086e-01,9.470110775218478238e-12
9.999999999952163821e-01,4.783576317964525966e-12,9.999999999952163821e-01,4.783576317964526774e-12
9.999999999650965865e-01,3.490349648642435951e-11,9.999999999650964755e-01,3.490349648642435951e-11
9.999999999923419036e-01,7.658139894193581319e-12,9.999999999923419036e-01,7.658139894193579704e-12
9.999999999894058078e-01,1.059421469854588660e-11,9.999999999894058078e-01,1.059421469854588660e-11
9.999996165722054853e-01,3.834277945120479647e-07,9.999996165722054853e-01,3.834277945120479118e-07
9.999999999720921018e-01,2.790791985147400678e-11,9.999999999720921018e-01,2.790791985147400678e-11
9.999999978183631288e-01,2.181636925076386591e-09,9.999999978183630178e-01,2.181636925076386591e-09
9.999999923441931227e-01,7.655806880270847897e-09,9.999999923441931227e-01,7.655806880270846242e-09
9.999999995101670480e-01,4.898329619760417416e-10,9.999999995101670480e-01,4.898329619760417416e-10
9.999999978183631288e-01,2.181636925076386591e-09,9.999999978183631288e-01,2.181636925076387005e-09
9.999999987502280474e-01,1.249771974240705817e-09,9.999999987502280474e-01,1.249771974240705817e-09
9.999999999954056751e-01,4.594320500726418909e-12,9.999999999954056751e-01,4.594320500726418909e-12
9.999999999943958162e-01,5.604174516143138606e-12,9.999999999943958162e-01,5.604174516143138606e-12
9.999999999899356062e-01,1.006436526557536659e-11,9.999999999899356062e-01,1.006436526557536497e-11
9.999999999899356062e-01,1.006436526557536659e-11,9.999999999899357173e-01,1.006436526557536821e-11
9.999999999899356062e-01,1.006436526557536659e-11,9.999999999899357173e-01,1.006436526557536659e-11
9.999999999894058078e-01,1.059421469854588660e-11,9.999999999894058078e-01,1.059421469854588660e-11
9.999999999913983251e-01,8.601674835606658709e-12,9.999999999913984361e-01,8.601674835606658709e-12
9.999999999899356062e-01,1.006436526557536659e-11,9.999999999899357173e-01,1.006436526557536821e-11
9.999999999899356062e-01,1.006436526557536659e-11,9.999999999899357173e-01,1.006436526557536659e-11
9.999999999899356062e-01,1.006436526557536659e-11,9.999999999899357173e-01,1.006436526557536659e-11
9.999999999905299086e-01,9.470110775218476623e-12,9.999999999905299086e-01,9.470110775218478238e-12
9.999999999908945059e-01,9.105508767194553439e-12,9.999999999908945059e-01,9.105508767194553439e-12
9.999999999943958162e-01,5.604174516143138606e-12,9.999999999943959272e-01,5.604174516143139414e-12
9.999999999930926364e-01,6.907402739801234838e-12,9.999999999930926364e-01,6.907402739801234838e-12
9.999999999879028989e-01,1.209708840208108786e-11,9.999999999879028989e-01,1.209708840208108786e-11
9.999999999809391360e-01,1.906088483072250921e-11,9.999999999809391360e-01,1.906088483072250921e-11
1.807898221891493712e-35,1.000000000000000000e+00,1.807898221891493979e-35,1.000000000000000000e+00
6.508554717865463195e-69,1.000000000000000000e+00,6.508554717865464225e-69,1.000000000000000000e+00
1.909432868991553385e-06,9.999980905671309594e-01,1.909432868991553385e-06,9.999980905671310705e-01
9.887602347577905126e-01,1.123976524220942491e-02,9.887602347577906237e-01,1.123976524220942491e-02
3.205186936486595985e-05,9.999679481306351647e-01,3.205186936486595307e-05,9.999679481306350537e-01
9.999971298270133868e-01,2.870172986531674650e-06,9.999971298270134978e-01,2.870172986531675074e-06
9.999999996834015858e-01,3.165983998532548810e-10,9.999999996834015858e-01,3.165983998532547776e-10
9.999999999720921018e-01,2.790791985147400678e-11,9.999999999720921018e-01,2.790791985147400678e-11
9.999971298270133868e-01,2.870172986531674650e-06,9.999971298270133868e-01,2.870172986531674227e-06
9.999999999941007189e-01,5.899290110926179492e-12,9.999999999941006079e-01,5.899290110926180300e-12
9.999999352164864463e-01,6.478351360484298706e-08,9.999999352164863353e-01,6.478351360484298706e-08
9.999999999837737574e-01,1.622624383813330564e-11,9.999999999837737574e-01,1.622624383813330564e-11
9.999971298270134978e-01,2.870172986531674650e-06,9.999971298270133868e-01,2.870172986531674650e-06
9.999999999203141865e-01,7.968584051111353135e-11,9.999999999203141865e-01,7.968584051111354427e-11
9.999999995101670480e-01,4.898329619760417416e-10,9.999999995101670480e-01,4.898329619760417416e-10
9.999999999954136687e-01,4.586312181100670393e-12,9.999999999954136687e-01,4.586312181100671201e-12
9.999999999933497641e-01,6.650344746761938918e-12,9.999999999933496531e-01,6.650344746761938918e-12
9.998888664507032953e-01,1.111335492966296606e-04,9.998888664507034063e-01,1.111335492966296742e-04
9.999999978183630178e-01,2.181636925076386178e-09,9.999999978183630178e-01,2.181636925076386591e-09
9.999999999411371965e-01,5.886277232111930896e-11,9.999999999411371965e-01,5.886277232111930896e-11
9.999999999809391360e-01,1.906088483072250921e-11,9.999999999809390250e-01,1.906088483072250921e-11
9.999999999933496531e-01,6.650344746761938110e-12,9.999999999933496531e-01,6.650344746761938918e-12
9.999999999955433427e-01,4.456731138890892471e-12,9.999999999955432317e-01,4.456731138890892471e-12
9.999999999953217422e-01,4.678158430856052844e-12,9.999999999953218532e-01,4.678158430856053652e-12
9.999999999899356062e-01,1.006436526557536659e-11,9.999999999899356062e-01,1.006436526557536497e-11
9.999999999908945059e-01,9.105508767194553439e-12,9.999999999908945059e-01,9.105508767194555055e-12
9.999999999899356062e-01,1.006436526557536659e-11,9.999999999899356062e-01,1.006436526557536659e-11
9.999999999905299086e-01,9.470110775218476623e-12,9.999999999905299086e-01,9.470110775218478238e-12
9.999999999948926410e-01,5.107369090363359356e-12,9.999999999948926410e-01,5.107369090363359356e-12
9.999999999899356062e-01,1.006436526557536659e-11,9.999999999899356062e-01,1.006436526557536659e-11
9.999999999809391360e-01,1.906088483072250921e-11,9.999999999809390250e-01,1.906088483072250921e-11
1.909432868991552961e-06,9.999980905671310705e-01,1.909432868991553385e-06,9.999980905671309594e-01
9.525930786260122101e-64,1.000000000000000000e+00,9.525930786260122101e-64,1.000000000000000000e+00
2.660874160976113805e-54,1.000000000000000000e+00,2.660874160976113805e-54,1.000000000000000000e+00
9.999696545150293936e-01,3.034548497055941332e-05,9.999696545150295046e-01,3.034548497055941671e-05
9.452084402563546428e-01,5.479155974364528087e-02,9.452084402563547538e-01,5.479155974364528781e-02
9.999999999542145135e-01,4.578553539351549750e-11,9.999999999542145135e-01,4.578553539351549750e-11
9.999999999955372365e-01,4.462777587488309929e-12,9.999999999955371255e-01,4.462777587488309121e-12
4.238036665501944269e-09,9.999999957619634117e-01,4.238036665501943442e-09,9.999999957619633006e-01
9.999999998528751322e-01,1.471248556200595724e-10,9.999999998528751322e-01,1.471248556200595724e-10
9.999999999203141865e-01,7.968584051111353135e-11,9.999999999203141865e-01,7.968584051111353135e-11
9.999999995101670480e-01,4.898329619760417416e-10,9.999999995101670480e-01,4.898329619760417416e-10
9.999999978183631288e-01,2.181636925076386591e-09,9.999999978183631288e-01,2.181636925076387005e-09
9.998888664507032953e-01,1.111335492966296606e-04,9.998888664507032953e-01,1.111335492966296742e-04
9.999999999773966364e-01,2.260333082473759073e-11,9.999999999773966364e-01,2.260333082473759073e-11
9.999999999919976235e-01,8.002350202515633392e-12,9.999999999919976235e-01,8.002350202515633392e-12
9.999999999955205832e-01,4.479402961151749896e-12,9.999999999955206942e-01,4.479402961151750704e-12
9.999999992258554737e-01,7.741444924845974644e-10,9.999999992258554737e-01,7.741444924845974644e-10
9.999999999720921018e-01,2.790791985147400678e-11,9.999999999720921018e-01,2.790791985147400678e-11
9.999912770566482534e-01,8.722943351667622239e-06,9.999912770566483644e-01,8.722943351667622239e-06
9.999999999952164931e-01,4.783576317964525966e-12,9.999999999952164931e-01,4.783576317964526774e-12
9.999999999773966364e-01,2.260333082473759073e-11,9.999999999773966364e-01,2.260333082473759396e-11
9.999999698367983969e-01,3.016320162128398077e-08,9.999999698367983969e-01,3.016320162128397415e-08
9.999999999411371965e-01,5.886277232111930896e-11,9.999999999411373075e-01,5.886277232111932188e-11
9.999999987502280474e-01,1.249771974240705817e-09,9.999999987502279364e-01,1.249771974240705610e-09
9.999999999955205832e-01,4.479402961151749896e-12,9.999999999955206942e-01,4.479402961151750704e-12
9.999999999894058078e-01,1.059421469854588660e-11,9.999999999894058078e-01,1.059421469854588660e-11
9.999999999948926410e-01,5.107369090363359356e-12,9.999999999948925300e-01,5.107369090363358548e-12
9.999999999933497641e-01,6.650344746761938918e-12,9.999999999933495420e-01,6.650344746761938918e-12
9.999999999955238028e-01,4.476278123247680592e-12,9.999999999955236918e-01,4.476278123247679784e-12
1.024093259766378705e-07,9.999998975906739807e-01,1.024093259766378573e-07,9.999998975906739807e-01
3.869696153094149137e-116,1.000000000000000000e+00,3.869696153094149137e-116,1.000000000000000000e+00
1.331061532870315065e-10,9.999999998668938073e-01,1.331061532870315065e-10,9.999999998668938073e-01
9.999999995101671590e-01,4.898329619760417416e-10,9.999999995101670480e-01,4.898329619760417416e-10
9.999999996834015858e-01,3.165983998532548293e-10,9.999999996834015858e-01,3.165983998532548293e-10
9.999999999860557098e-01,1.394431753208439753e-11,9.999999999860555988e-01,1.394431753208439591e-11
9.999999978183631288e-01,2.181636925076386591e-09,9.999999978183631288e-01,2.181636925076386591e-09
9.999912770566483644e-01,8.722943351667623933e-06,9.999912770566483644e-01,8.722943351667623933e-06
7.552308208795004252e-14,9.999999999999245048e-01,7.552308208795002990e-14,9.999999999999245048e-01
3.397932514609938205e-80,1.000000000000000000e+00,3.397932514609938205e-80,1.000000000000000000e+00
2.800694639660818996e-01,7.199305360339181004e-01,2.800694639660818996e-01,7.199305360339181004e-01
1.024093259766378573e-07,9.999998975906739807e-01,1.024093259766378838e-07,9.999998975906740917e-01
9.999999999203141865e-01,7.968584051111353135e-11,9.999999999203141865e-01,7.968584051111353135e-11
9.999999999203141865e-01,7.968584051111353135e-11,9.999999999203140755e-01,7.968584051111351842e-11
2.411949648358555544e-24,1.000000000000000000e+00,2.411949648358555911e-24,1.000000000000000000e+00
9.999999999203141865e-01,7.968584051111354427e-11,9.999999999203141865e-01,7.968584051111353135e-11
1.909432868991553385e-06,9.999980905671310705e-01,1.909432868991552961e-06,9.999980905671309594e-01
9.978702591859329729e-01,2.129740814067047038e-03,9.978702591859329729e-01,2.129740814067047471e-03
9.452084402563547538e-01,5.479155974364528087e-02,9.452084402563547538e-01,5.479155974364528781e-02
1.331061532870315324e-10,9.999999998668939183e-01,1.331061532870315065e-10,9.999999998668938073e-01
9.978702591859329729e-01,2.129740814067047471e-03,9.978702591859328619e-01,2.129740814067047038e-03
9.999999995101670480e-01,4.898329619760417416e-10,9.999999995101670480e-01,4.898329619760418450e-10
9.999971298270133868e-01,2.870172986531674650e-06,9.999971298270134978e-01,2.870172986531675074e-06
9.995273477505109971e-01,4.726522494890491037e-04,9.995273477505108861e-01,4.726522494890491037e-04
9.999989299898902617e-01,1.070010109734934763e-06,9.999989299898902617e-01,1.070010109734934551e-06
9.999696545150295046e-01,3.034548497055941671e-05,9.999696545150293936e-01,3.034548497055941332e-05
5.075134280583546223e-03,9.949248657194164069e-01,5.075134280583547090e-03,9.949248657194164069e-01
2.800694639660818996e-01,7.199305360339181004e-01,2.800694639660819552e-01,7.199305360339181004e-01
9.452084402563547538e-01,5.479155974364528781e-02,9.452084402563546428e-01,5.479155974364528087e-02
9.999999698367983969e-01,3.016320162128398077e-08,9.999999698367983969e-01,3.016320162128398077e-08
9.999999999411371965e-01,5.886277232111930896e-11,9.999999999411373075e-01,5.886277232111932188e-11
9.999999352164864463e-01,6.478351360484300030e-08,9.999999352164864463e-01,6.478351360484300030e-08
9.999999999905299086e-01,9.470110775218478238e-12,9.999999999905299086e-01,9.470110775218478238e-12
9.999999999720921018e-01,2.790791985147400355e-11,9.999999999720921018e-01,2.790791985147401001e-11
9.999999992258554737e-01,7.741444924845973610e-10,9.999999992258554737e-01,7.741444924845975678e-10
9.999999999860557098e-01,1.394431753208439753e-11,9.999999999860557098e-01,1.394431753208439753e-11
9.999999999773966364e-01,2.260333082473759073e-11,9.999999999773966364e-01,2.260333082473759073e-11
9.999999978183631288e-01,2.181636925076386591e-09,9.999999978183630178e-01,2.181636925076386178e-09
9.999999999954979346e-01,4.502010443932041705e-12,9.999999999954979346e-01,4.502010443932040897e-12
9.995273477505109971e-01,4.726522494890490495e-04,9.995273477505108861e-01,4.726522494890489953e-04
9.999999999916409088e-01,8.359062569071651479e-12,9.999999999916409088e-01,8.359062569071651479e-12
9.999999352164864463e-01,6.478351360484300030e-08,9.999999352164864463e-01,6.478351360484300030e-08
9.999999999542145135e-01,4.578553539351549750e-11,9.999999999542144025e-01,4.578553539351548458e-11
9.999999999650964755e-01,3.490349648642435951e-11,9.999999999650964755e-01,3.490349648642435951e-11
9.999999999720921018e-01,2.790791985147400678e-11,9.999999999720921018e-01,2.790791985147401001e-11
9.999999997909720939e-01,2.090278510462411099e-10,9.999999997909720939e-01,2.090278510462411358e-10
9.999999995101670480e-01,4.898329619760417416e-10,9.999999995101670480e-01,4.898329619760417416e-10
2.800694639660818996e-01,7.199305360339181004e-01,2.800694639660818996e-01,7.199305360339179893e-01
9.999996165722054853e-01,3.834277945120479647e-07,9.999996165722054853e-01,3.834277945120479647e-07
9.999999999951034724e-01,4.896557034157856500e-12,9.999999999951033613e-01,4.896557034157854884e-12
9.999999999773966364e-01,2.260333082473759073e-11,9.999999999773967474e-01,2.260333082473759073e-11
9.999999999948926410e-01,5.107369090363359356e-12,9.999999999948926410e-01,5.107369090363358548e-12
2.411949648358555544e-24,1.000000000000000000e+00,2.411949648358555544e-24,1.000000000000000000e+00
9.999999923441930116e-01,7.655806880270847897e-09,9.999999923441931227e-01,7.655806880270847897e-09
3.205186936486595985e-05,9.999679481306351647e-01,3.205186936486595307e-05,9.999679481306350537e-01
9.999999995101670480e-01,4.898329619760417416e-10,9.999999995101670480e-01,4.898329619760417416e-10
9.999989299898902617e-01,1.070010109734934763e-06,9.999989299898902617e-01,1.070010109734934763e-06
9.999999997909722049e-01,2.090278510462411358e-10,9.999999997909720939e-01,2.090278510462411358e-10
9.999999999203141865e-01,7.968584051111353135e-11,9.999999999203141865e-01,7.968584051111353135e-11
9.995273477505109971e-01,4.726522494890491037e-04,9.995273477505109971e-01,4.726522494890491037e-04
4.237959541171850840e-04,9.995762040458827657e-01,4.237959541171851382e-04,9.995762040458828768e-01
9.999999998528752432e-01,1.471248556200595724e-10,9.999999998528751322e-01,1.471248556200595724e-10
9.999999999809391360e-01,1.906088483072250921e-11,9.999999999809391360e-01,1.906088483072250921e-11
9.999999999809391360e-01,1.906088483072250921e-11,9.999999999809391360e-01,1.906088483072250921e-11
9.999999999879028989e-01,1.209708840208108786e-11,9.999999999879030099e-01,1.209708840208108948e-11
9.999999999949931162e-01,5.006829722137265452e-12,9.999999999949931162e-01,5.006829722137265452e-12
9.999999698367983969e-01,3.016320162128398077e-08,9.999999698367983969e-01,3.016320162128398077e-08
9.999999845245973740e-01,1.547540266041919486e-08,9.999999845245974850e-01,1.547540266041919486e-08
9.999999698367983969e-01,3.016320162128398077e-08,9.999999698367983969e-01,3.016320162128397415e-08
9.999999352164863353e-01,6.478351360484298706e-08,9.999999352164864463e-01,6.478351360484298706e-08
9.995273477505109971e-01,4.726522494890491037e-04,9.995273477505108861e-01,4.726522494890491037e-04
9.999989299898902617e-01,1.070010109734934763e-06,9.999989299898902617e-01,1.070010109734934551e-06
1.204632648621563767e-17,1.000000000000000000e+00,1.204632648621563767e-17,1.000000000000000000e+00
1.729472159131200393e-86,1.000000000000000000e+00,1.729472159131200393e-86,1.000000000000000000e+00
2.411949648358555911e-24,1.000000000000000000e+00,2.411949648358555544e-24,1.000000000000000000e+00
9.887602347577906237e-01,1.123976524220942491e-02,9.887602347577906237e-01,1.123976524220942665e-02
9.999999999203141865e-01,7.968584051111353135e-11,9.999999999203141865e-01,7.968584051111351842e-11
9.999999987502280474e-01,1.249771974240705817e-09,9.999999987502279364e-01,1.249771974240705610e-09
5.075134280583547090e-03,9.949248657194165180e-01,5.075134280583546223e-03,9.949248657194164069e-01
9.999999923441931227e-01,7.655806880270847897e-09,9.999999923441931227e-01,7.655806880270847897e-09
9.999999999837737574e-01,1.622624383813330564e-11,9.999999999837738685e-01,1.622624383813330564e-11
9.999999999837737574e-01,1.622624383813330564e-11,9.999999999837736464e-01,1.622624383813330564e-11
9.999999999949931162e-01,5.006829722137265452e-12,9.999999999949932272e-01,5.006829722137265452e-12
9.998888664507032953e-01,1.111335492966296606e-04,9.998888664507034063e-01,1.111335492966296606e-04
9.999999987502280474e-01,1.249771974240705817e-09,9.999999987502280474e-01,1.249771974240705610e-09
2.900305680572011883e-42,1.000000000000000000e+00,2.900305680572011246e-42,1.000000000000000000e+00
4.238036665501943442e-09,9.999999957619633006e-01,4.238036665501944269e-09,9.999999957619634117e-01
4.238036665501943442e-09,9.999999957619633006e-01,4.238036665501944269e-09,9.999999957619633006e-01
4.237959541171850298e-04,9.995762040458827657e-01,4.237959541171850840e-04,9.995762040458827657e-01
9.999996165722054853e-01,3.834277945120478588e-07,9.999996165722054853e-01,3.834277945120479118e-07
9.995273477505108861e-01,4.726522494890491037e-04,9.995273477505108861e-01,4.726522494890491037e-04
9.438928158119736681e-16,9.999999999999991118e-01,9.438928158119736681e-16,9.999999999999991118e-01
9.887602347577906237e-01,1.123976524220942318e-02,9.887602347577906237e-01,1.123976524220942665e-02
8.282882430750889094e-39,1.000000000000000000e+00,8.282882430750889094e-39,1.000000000000000000e+00
5.075134280583547090e-03,9.949248657194165180e-01,5.075134280583547090e-03,9.949248657194164069e-01
9.999999999860557098e-01,1.394431753208439753e-11,9.999999999860557098e-01,1.394431753208439591e-11
9.999999698367983969e-01,3.016320162128397415e-08,9.999999698367983969e-01,3.016320162128397415e-08
9.999999999860557098e-01,1.394431753208439753e-11,9.999999999860557098e-01,1.394431753208439753e-11
9.999999999809391360e-01,1.906088483072250921e-11,9.999999999809390250e-01,1.906088483072250921e-11
9.999999999949931162e-01,5.006829722137265452e-12,9.999999999949931162e-01,5.006829722137265452e-12
9.999999999916409088e-01,8.359062569071651479e-12,9.999999999916409088e-01,8.359062569071651479e-12
9.999999999720921018e-01,2.790791985147400355e-11,9.999999999720921018e-01,2.790791985147400355e-11
9.999999845245973740e-01,1.547540266041919156e-08,9.999999845245973740e-01,1.547540266041919156e-08
9.999999999923419036e-01,7.658139894193581319e-12,9.999999999923419036e-01,7.658139894193581319e-12
9.999999999916409088e-01,8.359062569071649864e-12,9.999999999916410198e-01,8.359062569071651479e-12
9.999999999941007189e-01,5.899290110926180300e-12,9.999999999941007189e-01,5.899290110926180300e-12
9.999999978183631288e-01,2.181636925076386591e-09,9.999999978183631288e-01,2.181636925076387005e-09
9.999999998528751322e-01,1.471248556200595466e-10,9.999999998528751322e-01,1.471248556200595724e-10
9.999999999837737574e-01,1.622624383813330564e-11,9.999999999837736464e-01,1.622624383813330564e-11
9.999998453444800539e-01,1.546555199364883425e-07,9.999998453444801649e-01,1.546555199364883690e-07
9.999999999542145135e-01,4.578553539351549750e-11,9.999999999542145135e-01,4.578553539351549104e-11
9.999999999720921018e-01,2.790791985147400678e-11,9.999999999720919908e-01,2.790791985147400355e-11
9.999999999773966364e-01,2.260333082473759073e-11,9.999999999773966364e-01,2.260333082473759073e-11
9.999999352164864463e-01,6.478351360484300030e-08,9.999999352164863353e-01,6.478351360484300030e-08
9.999999923441931227e-01,7.655806880270846242e-09,9.999999923441931227e-01,7.655806880270847897e-09
9.999999999879028989e-01,1.209708840208108786e-11,9.999999999879028989e-01,1.209708840208108786e-11
9.999999999916409088e-01,8.359062569071649864e-12,9.999999999916410198e-01,8.359062569071653095e-12
9.999999999894058078e-01,1.059421469854588660e-11,9.999999999894056968e-01,1.059421469854588660e-11
9.999912770566483644e-01,8.722943351667622239e-06,9.999912770566483644e-01,8.722943351667622239e-06
9.887602347577905126e-01,1.123976524220942665e-02,9.887602347577906237e-01,1.123976524220942491e-02
9.999999999411371965e-01,5.886277232111930896e-11,9.999999999411371965e-01,5.886277232111929603e-11
9.999696545150293936e-01,3.034548497055941332e-05,9.999696545150295046e-01,3.034548497055941332e-05
9.999999992258554737e-01,7.741444924845974644e-10,9.999999992258554737e-01,7.741444924845973610e-10
9.999999999953544938e-01,4.645487461534250861e-12,9.999999999953544938e-01,4.645487461534250054e-12
5.075134280583547090e-03,9.949248657194164069e-01,5.075134280583546223e-03,9.949248657194164069e-01
9.999999352164864463e-01,6.478351360484300030e-08,9.999999352164864463e-01,6.478351360484300030e-08
1.204632648621563613e-17,1.000000000000000000e+00,1.204632648621563767e-17,1.000000000000000000e+00
4.238036665501944269e-09,9.999999957619634117e-01,4.238036665501944269e-09,9.999999957619634117e-01
9.999999698367985079e-01,3.016320162128398077e-08,9.999999698367983969e-01,3.016320162128398077e-08
4.237959541171850840e-04,9.995762040458827657e-01,4.237959541171850298e-04,9.995762040458827657e-01
1.024093259766378838e-07,9.999998975906739807e-01,1.024093259766378705e-07,9.999998975906740917e-01
9.999971298270133868e-01,2.870172986531674650e-06,9.999971298270133868e-01,2.870172986531674650e-06
9.999912770566482534e-01,8.722943351667622239e-06,9.999912770566482534e-01,8.722943351667622239e-06
9.999999999860557098e-01,1.394431753208439753e-11,9.999999999860557098e-01,1.394431753208439591e-11
1.911837754403148101e-32,1.000000000000000000e+00,1.911837754403148101e-32,1.000000000000000000e+00
1.024093259766378705e-07,9.999998975906739807e-01,1.024093259766378705e-07,9.999998975906739807e-01
9.525930786260120751e-64,1.000000000000000000e+00,9.525930786260122101e-64,1.000000000000000000e+00
9.999999997909722049e-01,2.090278510462411358e-10,9.999999997909720939e-01,2.090278510462411099e-10
9.995273477505108861e-01,4.726522494890490495e-04,9.995273477505109971e-01,4.726522494890490495e-04
9.999998453444800539e-01,1.546555199364883425e-07,9.999998453444800539e-01,1.546555199364883425e-07
1.331061532870315065e-10,9.999999998668939183e-01,1.331061532870315065e-10,9.999999998668938073e-01
1.204632648621563613e-17,1.000000000000000000e+00,1.204632648621563613e-17,1.000000000000000000e+00
3.397932514609938205e-80,1.000000000000000000e+00,3.397932514609938205e-80,1.000000000000000000e+00
1.909432868991552961e-06,9.999980905671309594e-01,1.909432868991553385e-06,9.999980905671310705e-01
4.701494535366163019e-02,9.529850546463383143e-01,4.701494535366163019e-02,9.529850546463383143e-01
9.999999999955372365e-01,4.462777587488309121e-12,9.999999999955372365e-01,4.462777587488309929e-12
9.999999999923419036e-01,7.658139894193581319e-12,9.999999999923417926e-01,7.658139894193579704e-12
9.999989299898902617e-01,1.070010109734934551e-06,9.999989299898903727e-01,1.070010109734934975e-06
9.999999999899356062e-01,1.006436526557536659e-11,9.999999999899356062e-01,1.006436526557536659e-11
9.999999999899356062e-01,1.006436526557536659e-11,9.999999999899357173e-01,1.006436526557536659e-11
9.999999999933496531e-01,6.650344746761938110e-12,9.999999999933495420e-01,6.650344746761938110e-12
9.999999999773966364e-01,2.260333082473759073e-11,9.999999999773966364e-01,2.260333082473759073e-11
9.999999999948926410e-01,5.107369090363359356e-12,9.999999999948926410e-01,5.107369090363358548e-12
9.999999999949116258e-01,5.088395614210015273e-12,9.999999999949116258e-01,5.088395614210015273e-12
9.999999999946544982e-01,5.345521493438271938e-12,9.999999999946544982e-01,5.345521493438271938e-12
9.999999999953217422e-01,4.678158430856052844e-12,9.999999999953218532e-01,4.678158430856053652e-12
9.999999992258554737e-01,7.741444924845974644e-10,9.999999992258555848e-01,7.741444924845974644e-10
9.999999999203141865e-01,7.968584051111353135e-11,9.999999999203141865e-01,7.968584051111353135e-11
9.999999960903752649e-01,3.909624719518067126e-09,9.999999960903752649e-01,3.909624719518067126e-09
9.999999999837737574e-01,1.622624383813330564e-11,9.999999999837738685e-01,1.622624383813330887e-11
9.999999999951034724e-01,4.896557034157856500e-12,9.999999999951035834e-01,4.896557034157855692e-12
9.999999999899356062e-01,1.006436526557536659e-11,9.999999999899356062e-01,1.006436526557536659e-11
9.999999999899356062e-01,1.006436526557536659e-11,9.999999999899357173e-01,1.006436526557536659e-11
9.999999845245973740e-01,1.547540266041919486e-08,9.999999845245972629e-01,1.547540266041919156e-08
9.999999999542145135e-01,4.578553539351549750e-11,9.999999999542145135e-01,4.578553539351549750e-11
1.807898221891493712e-35,1.000000000000000000e+00,1.807898221891493712e-35,1.000000000000000000e+00
6.508554717865463195e-69,1.000000000000000000e+00,6.508554717865464225e-69,1.000000000000000000e+00
6.877579828310446085e-27,1.000000000000000000e+00,6.877579828310446085e-27,1.000000000000000000e+00
1.204632648621563613e-17,1.000000000000000000e+00,1.204632648621563613e-17,1.000000000000000000e+00
9.978702591859329729e-01,2.129740814067047038e-03,9.978702591859329729e-01,2.129740814067047038e-03
9.452084402563547538e-01,5.479155974364528087e-02,9.452084402563547538e-01,5.479155974364528781e-02
9.999999999203141865e-01,7.968584051111351842e-11,9.999999999203141865e-01,7.968584051111351842e-11
9.999999352164864463e-01,6.478351360484298706e-08,9.999999352164863353e-01,6.478351360484300030e-08
9.999971298270134978e-01,2.870172986531674650e-06,9.999971298270134978e-01,2.870172986531674650e-06
9.999999999923419036e-01,7.658139894193579704e-12,9.999999999923419036e-01,7.658139894193581319e-12
9.999999999951034724e-01,4.896557034157856500e-12,9.999999999951035834e-01,4.896557034157855692e-12
9.999999845245973740e-01,1.547540266041919156e-08,9.999999845245972629e-01,1.547540266041919156e-08
5.075134280583546223e-03,9.949248657194164069e-01,5.075134280583546223e-03,9.949248657194165180e-01
9.999912770566483644e-01,8.722943351667622239e-06,9.999912770566483644e-01,8.722943351667623933e-06
9.999999999946544982e-01,5.345521493438271938e-12,9.999999999946543872e-01,5.345521493438271130e-12
9.999999999411373075e-01,5.886277232111932188e-11,9.999999999411371965e-01,5.886277232111930896e-11
9.999971298270134978e-01,2.870172986531674227e-06,9.999971298270136089e-01,2.870172986531675074e-06
9.999999999411371965e-01,5.886277232111930896e-11,9.999999999411373075e-01,5.886277232111930896e-11
9.999999999899356062e-01,1.006436526557536659e-11,9.999999999899356062e-01,1.006436526557536659e-11
9.999999999894058078e-01,1.059421469854588660e-11,9.999999999894058078e-01,1.059421469854588660e-11
9.999999999916409088e-01,8.359062569071649864e-12,9.999999999916409088e-01,8.359062569071649864e-12
9.999999999899356062e-01,1.006436526557536659e-11,9.999999999899356062e-01,1.006436526557536821e-11
9.999999999879028989e-01,1.209708840208108786e-11,9.999999999879030099e-01,1.209708840208108948e-11
9.999999999906338255e-01,9.366147881026148911e-12,9.999999999906339365e-01,9.366147881026148911e-12
9.452084402563546428e-01,5.479155974364528087e-02,9.452084402563547538e-01,5.479155974364528781e-02
9.999999999916410198e-01,8.359062569071653095e-12,9.999999999916409088e-01,8.359062569071649864e-12
9.999999987502280474e-01,1.249771974240705610e-09,9.999999987502279364e-01,1.249771974240705817e-09
7.552308208795004252e-14,9.999999999999245048e-01,7.552308208795005515e-14,9.999999999999245048e-01
9.999999999809391360e-01,1.906088483072250921e-11,9.999999999809390250e-01,1.906088483072250598e-11
9.999999999954550800e-01,4.544940010646411260e-12,9.999999999954550800e-01,4.544940010646411260e-12
9.999999999939095385e-01,6.090412875496383633e-12,9.999999999939095385e-01,6.090412875496382825e-12
9.999999999899356062e-01,1.006436526557536659e-11,9.999999999899356062e-01,1.006436526557536659e-11
9.999999999949931162e-01,5.006829722137265452e-12,9.999999999949932272e-01,5.006829722137265452e-12
9.999999999939095385e-01,6.090412875496383633e-12,9.999999999939096496e-01,6.090412875496383633e-12
9.999999995101670480e-01,4.898329619760417416e-10,9.999999995101670480e-01,4.898329619760417416e-10
4.237959541171850298e-04,9.995762040458827657e-01,4.237959541171850840e-04,9.995762040458827657e-01
9.999999998528752432e-01,1.471248556200595724e-10,9.999999998528751322e-01,1.471248556200595724e-10
3.205186936486595985e-05,9.999679481306351647e-01,3.205186936486596663e-05,9.999679481306351647e-01
9.999999999953546048e-01,4.645487461534250861e-12,9.999999999953546048e-01,4.645487461534250861e-12
9.999999999937110307e-01,6.288878759718944716e-12,9.999999999937111417e-01,6.288878759718944716e-12
1.911837754403147828e-32,1.000000000000000000e+00,1.911837754403147828e-32,1.000000000000000000e+00
6.877579828310446085e-27,1.000000000000000000e+00,6.877579828310446085e-27,1.000000000000000000e+00
3.802272892283306658e-93,1.000000000000000000e+00,3.802272892283307084e-93,1.000000000000000000e+00
1.204632648621563613e-17,1.000000000000000000e+00,1.204632648621563613e-17,1.000000000000000000e+00
9.012425899552198837e-20,1.000000000000000000e+00,9.012425899552200041e-20,1.000000000000000000e+00
3.205186936486595985e-05,9.999679481306351647e-01,3.205186936486595985e-05,9.999679481306351647e-01
5.646231525459144993e-22,1.000000000000000000e+00,5.646231525459144993e-22,1.000000000000000000e+00
6.877579828310444650e-27,1.000000000000000000e+00,6.877579828310446085e-27,1.000000000000000000e+00
9.999999978183631288e-01,2.181636925076386591e-09,9.999999978183631288e-01,2.181636925076386591e-09
2.800694639660818996e-01,7.199305360339179893e-01,2.800694639660819552e-01,7.199305360339182114e-01
1.909432868991552961e-06,9.999980905671310705e-01,1.909432868991552961e-06,9.999980905671309594e-01
7.171004187996968815e-01,2.828995812003031740e-01,7.171004187996967705e-01,2.828995812003031740e-01
9.999999997909720939e-01,2.090278510462411099e-10,9.999999997909722049e-01,2.090278510462411358e-10
9.999999999945707874e-01,5.429193516044923935e-12,9.999999999945708984e-01,5.429193516044923935e-12
4.701494535366163019e-02,9.529850546463383143e-01,4.701494535366163019e-02,9.529850546463383143e-01
9.999999999923419036e-01,7.658139894193581319e-12,9.999999999923419036e-01,7.658139894193581319e-12
9.999999999948926410e-01,5.107369090363359356e-12,9.999999999948925300e-01,5.107369090363358548e-12
9.999999999899356062e-01,1.006436526557536659e-11,9.999999999899356062e-01,1.006436526557536659e-11
9.999999999942685847e-01,5.731468574474808568e-12,9.999999999942685847e-01,5.731468574474808568e-12
9.999999999899356062e-01,1.006436526557536659e-11,9.999999999899356062e-01,1.006436526557536659e-11
9.999999999899356062e-01,1.006436526557536659e-11,9.999999999899357173e-01,1.006436526557536659e-11
9.999999999935760275e-01,6.423970721847692390e-12,9.999999999935761386e-01,6.423970721847692390e-12
9.999999999905299086e-01,9.470110775218476623e-12,9.999999999905299086e-01,9.470110775218478238e-12
9.999996165722054853e-01,3.834277945120479647e-07,9.999996165722054853e-01,3.834277945120479647e-07
2.900305680572011246e-42,1.000000000000000000e+00,2.900305680572011246e-42,1.000000000000000000e+00
9.999999999879030099e-01,1.209708840208108786e-11,9.999999999879028989e-01,1.209708840208108786e-11
9.999999999954614083e-01,4.538601109210477494e-12,9.999999999954614083e-01,4.538601109210477494e-12
9.999999960903752649e-01,3.909624719461174470e-09,9.999999960903752649e-01,3.909624719461175298e-09
9.999999999942015272e-01,5.798478635471038006e-12,9.999999999942015272e-01,5.798478635471038814e-12
4.238036665316929609e-09,9.999999957619634117e-01,4.238036665316928782e-09,9.999999957619633006e-01
9.012425899289902827e-20,1.000000000000000000e+00,9.012425899289904031e-20,1.000000000000000000e+00
9.999999992258555848e-01,7.741444924958627337e-10,9.999999992258554737e-01,7.741444924958627337e-10
9.999999999941007189e-01,5.899290110926179492e-12,9.999999999941007189e-01,5.899290110926179492e-12
9.999999999941007189e-01,5.899290110926180300e-12,9.999999999941007189e-01,5.899290110926180300e-12
9.999999999944297890e-01,5.570273398599799102e-12,9.999999999944296780e-01,5.570273398599798295e-12
9.999999999954056751e-01,4.594320500726418909e-12,9.999999999954056751e-01,4.594320500726418909e-12
9.999999999945707874e-01,5.429193516044923935e-12,9.999999999945706763e-01,5.429193516044923935e-12
9.999999999927624561e-01,7.237517422312376059e-12,9.999999999927625671e-01,7.237517422312376867e-12
9.999999999860557098e-01,1.394431753188147979e-11,9.999999999860555988e-01,1.394431753188147979e-11
9.999999999899356062e-01,1.006436526542891039e-11,9.999999999899356062e-01,1.006436526542891039e-11
9.999999999908945059e-01,9.105508767194553439e-12,9.999999999908945059e-01,9.105508767194555055e-12
9.999999999955432317e-01,4.456731138890891663e-12,9.999999999955433427e-01,4.456731138890892471e-12
9.999999999951034724e-01,4.896557034157855692e-12,9.999999999951034724e-01,4.896557034157856500e-12
9.999999999915555327e-01,8.444435846311212636e-12,9.999999999915556437e-01,8.444435846311212636e-12
9.999999999913983251e-01,8.601674835731829553e-12,9.999999999913982140e-01,8.601674835731831169e-12
9.999999999951034724e-01,4.896557034157856500e-12,9.999999999951034724e-01,4.896557034157855692e-12
5.075134280436590858e-03,9.949248657195635115e-01,5.075134280436590858e-03,9.949248657195634005e-01
4.600492363018046273e-46,1.000000000000000000e+00,4.600492363018046273e-46,1.000000000000000000e+00
4.238036665316928782e-09,9.999999957619633006e-01,4.238036665316929609e-09,9.999999957619634117e-01
1.909432868991553385e-06,9.999980905671310705e-01,1.909432868991552961e-06,9.999980905671309594e-01
9.999999999720922128e-01,2.790791985106789341e-11,9.999999999720921018e-01,2.790791985106789341e-11
9.978702591859329729e-01,2.129740814067047038e-03,9.978702591859329729e-01,2.129740814067047038e-03
9.999999999860557098e-01,1.394431753188147979e-11,9.999999999860558209e-01,1.394431753188148302e-11
9.999999999955236918e-01,4.476278123312818642e-12,9.999999999955238028e-01,4.476278123312818642e-12
9.999999999947764007e-01,5.223516961363355090e-12,9.999999999947765117e-01,5.223516961363355898e-12
9.999999923441931227e-01,7.655806880270847897e-09,9.999999923441931227e-01,7.655806880270847897e-09
9.452084402556010234e-01,5.479155974439891413e-02,9.452084402556011344e-01,5.479155974439891413e-02
9.999999999773966364e-01,2.260333082473759073e-11,9.999999999773966364e-01,2.260333082473759073e-11
4.237959541171851382e-04,9.995762040458828768e-01,4.237959541171850840e-04,9.995762040458828768e-01
9.999999352164863353e-01,6.478351360390027909e-08,9.999999352164863353e-01,6.478351360390026586e-08
9.999999999894058078e-01,1.059421469870005238e-11,9.999999999894056968e-01,1.059421469870005077e-11
9.999999999773966364e-01,2.260333082473759073e-11,9.999999999773967474e-01,2.260333082473759073e-11
9.999999999860557098e-01,1.394431753188148140e-11,9.999999999860557098e-01,1.394431753188148140e-11
9.999989299898902617e-01,1.070010109750505346e-06,9.999989299898901507e-01,1.070010109750505134e-06
9.999999992258555848e-01,7.741444924958627337e-10,9.999999992258553627e-01,7.741444924958625269e-10
9.999999999542145135e-01,4.578553539484802731e-11,9.999999999542145135e-01,4.578553539484803377e-11
9.999999998528751322e-01,1.471248556222005226e-10,9.999999998528751322e-01,1.471248556222005226e-10
9.999999999542145135e-01,4.578553539484802731e-11,9.999999999542144025e-01,4.578553539484802731e-11
9.999999999879028989e-01,1.209708840208108786e-11,9.999999999879030099e-01,1.209708840208108786e-11
9.999999987502280474e-01,1.249771974258892210e-09,9.999999987502280474e-01,1.249771974258892210e-09
9.999998453444800539e-01,1.546555199364883690e-07,9.999998453444800539e-01,1.546555199364883425e-07
9.999999352164864463e-01,6.478351360390027909e-08,9.999999352164864463e-01,6.478351360390026586e-08
9.999999999894058078e-01,1.059421469870005238e-11,9.999999999894056968e-01,1.059421469870005077e-11
9.999999987502280474e-01,1.249771974258892210e-09,9.999999987502280474e-01,1.249771974258892417e-09
9.999999999953218532e-01,4.678158430787977657e-12,9.999999999953217422e-01,4.678158430787976849e-12
9.999999999952000618e-01,4.800040420001613782e-12,9.999999999952000618e-01,4.800040420001613782e-12
9.999999999915555327e-01,8.444435846311212636e-12,9.999999999915556437e-01,8.444435846311212636e-12
9.999999999837737574e-01,1.622624383813330564e-11,9.999999999837737574e-01,1.622624383813330564e-11
9.999999998902970866e-01,1.097029182965418691e-10,9.999999998902970866e-01,1.097029182965418820e-10
9.999999999954056751e-01,4.594320500726418909e-12,9.999999999954056751e-01,4.594320500726418101e-12
9.999999999899356062e-01,1.006436526542891039e-11,9.999999999899356062e-01,1.006436526542891200e-11
9.999999999905299086e-01,9.470110775080668656e-12,9.999999999905299086e-01,9.470110775080670271e-12
9.999999999923419036e-01,7.658139894305021288e-12,9.999999999923417926e-01,7.658139894305021288e-12
9.999999999720921018e-01,2.790791985106789018e-11,9.999999999720921018e-01,2.790791985106789018e-11
9.999999999913983251e-01,8.601674835731829553e-12,9.999999999913983251e-01,8.601674835731831169e-12
9.999999999930926364e-01,6.907402739801235646e-12,9.999999999930926364e-01,6.907402739801235646e-12
9.999999999899356062e-01,1.006436526542891039e-11,9.999999999899356062e-01,1.006436526542891039e-11
9.999999999948926410e-01,5.107369090363359356e-12,9.999999999948925300e-01,5.107369090363359356e-12
9.999999999916409088e-01,8.359062569193292266e-12,9.999999999916409088e-01,8.359062569193292266e-12
9.999999996834015858e-01,3.165983998578619668e-10,9.999999996834015858e-01,3.165983998578619668e-10
9.999999999952163821e-01,4.783576318034135961e-12,9.999999999952164931e-01,4.783576318034136769e-12
9.999999978183631288e-01,2.181636925076386591e-09,9.999999978183631288e-01,2.181636925076387005e-09
5.646231525212654172e-22,1.000000000000000000e+00,5.646231525212654172e-22,1.000000000000000000e+00
2.418487454746348596e-100,1.000000000000000000e+00,2.418487454746348596e-100,1.000000000000000000e+00
6.877579828510608724e-27,1.000000000000000000e+00,6.877579828510610159e-27,1.000000000000000000e+00
8.282882430750887789e-39,1.000000000000000000e+00,8.282882430750889094e-39,1.000000000000000000e+00
1.911837754375327127e-32,1.000000000000000000e+00,1.911837754375327127e-32,1.000000000000000000e+00
7.552308208795002990e-14,9.999999999999243938e-01,7.552308208795004252e-14,9.999999999999245048e-01
1.909432868991553385e-06,9.999980905671309594e-01,1.909432868991553385e-06,9.999980905671310705e-01
4.701494535366163019e-02,9.529850546463383143e-01,4.701494535366163019e-02,9.529850546463383143e-01
4.701494535366163019e-02,9.529850546463383143e-01,4.701494535366163019e-02,9.529850546463383143e-01
1.331061532889684792e-10,9.999999998668938073e-01,1.331061532889684792e-10,9.999999998668938073e-01
9.999999995101671590e-01,4.898329619760417416e-10,9.999999995101670480e-01,4.898329619760417416e-10
9.999999992258554737e-01,7.741444924958627337e-10,9.999999992258554737e-01,7.741444924958626303e-10
9.999999998902970866e-01,1.097029182965418820e-10,9.999999998902970866e-01,1.097029182965418820e-10
9.999999999809391360e-01,1.906088483044513552e-11,9.999999999809391360e-01,1.906088483044513552e-11
9.999999999906338255e-01,9.366147881026148911e-12,9.999999999906339365e-01,9.366147881026150527e-12
9.999999999937111417e-01,6.288878759718944716e-12,9.999999999937111417e-01,6.288878759718944716e-12
9.999999845245973740e-01,1.547540266019399660e-08,9.999999845245973740e-01,1.547540266019399660e-08
9.995273477505108861e-01,4.726522494890490495e-04,9.995273477505109971e-01,4.726522494890492121e-04
1.331061532889684533e-10,9.999999998668938073e-01,1.331061532889684792e-10,9.999999998668938073e-01
1.909432868991553385e-06,9.999980905671310705e-01,1.909432868991553385e-06,9.999980905671310705e-01
3.205186936486595985e-05,9.999679481306350537e-01,3.205186936486595985e-05,9.999679481306351647e-01
9.012425899289904031e-20,1.000000000000000000e+00,9.012425899289904031e-20,1.000000000000000000e+00
1.911837754375327127e-32,1.000000000000000000e+00,1.911837754375327127e-32,1.000000000000000000e+00
3.307133096612378243e-177,1.000000000000000000e+00,3.307133096612377804e-177,1.000000000000000000e+00
3.869696153037838336e-116,1.000000000000000000e+00,3.869696153037837773e-116,1.000000000000000000e+00
9.998888664507017410e-01,1.111335492982466939e-04,9.998888664507017410e-01,1.111335492982467075e-04
9.999999999879028989e-01,1.209708840208108786e-11,9.999999999879028989e-01,1.209708840208108624e-11
9.999999999720921018e-01,2.790791985106789018e-11,9.999999999720921018e-01,2.790791985106789664e-11
5.075134280436589991e-03,9.949248657195634005e-01,5.075134280436589991e-03,9.949248657195634005e-01
8.800956426142545766e-125,1.000000000000000000e+00,8.800956426142545766e-125,1.000000000000000000e+00
1.000000000000000000e+00,8.800956426142544942e-115,1.133231708827120410e-217,1.000000000000000000e+00
9.998888664507018520e-01,1.111335492982467075e-04,9.998888664507017410e-01,1.111335492982467075e-04
9.995273477505109971e-01,4.726522494890491037e-04,9.995273477505108861e-01,4.726522494890490495e-04
9.999999960903752649e-01,3.909624719461175298e-09,9.999999960903752649e-01,3.909624719461174470e-09
4.701494535366163019e-02,9.529850546463384253e-01,4.701494535366163713e-02,9.529850546463383143e-01
1.807898221891493712e-35,1.000000000000000000e+00,1.807898221891493712e-35,1.000000000000000000e+00
9.978702591859329729e-01,2.129740814067047038e-03,9.978702591859329729e-01,2.129740814067047038e-03
3.397932514560492212e-80,1.000000000000000000e+00,3.397932514560491463e-80,1.000000000000000000e+00
1.024093259736573469e-07,9.999998975906739807e-01,1.024093259736573601e-07,9.999998975906739807e-01
4.109082433261003300e-50,1.000000000000000000e+00,4.109082433261003300e-50,1.000000000000000000e+00
9.012425899289904031e-20,1.000000000000000000e+00,9.012425899289904031e-20,1.000000000000000000e+00
7.171004187937926044e-01,2.828995812062073956e-01,7.171004187937926044e-01,2.828995812062073956e-01
4.701494535366163019e-02,9.529850546463384253e-01,4.701494535366163019e-02,9.529850546463383143e-01
1.909432868991553385e-06,9.999980905671310705e-01,1.909432868991553385e-06,9.999980905671310705e-01
9.999999999937110307e-01,6.288878759718943908e-12,9.999999999937111417e-01,6.288878759718944716e-12
9.999999999916409088e-01,8.359062569193292266e-12,9.999999999916410198e-01,8.359062569193293881e-12
9.999999992258554737e-01,7.741444924958627337e-10,9.999999992258554737e-01,7.741444924958627337e-10
9.999999998902970866e-01,1.097029182965418820e-10,9.999999998902970866e-01,1.097029182965418691e-10
9.999999996834015858e-01,3.165983998578619668e-10,9.999999996834016969e-01,3.165983998578619668e-10
9.452084402556010234e-01,5.479155974439891413e-02,9.452084402556010234e-01,5.479155974439891413e-02
9.999999999650964755e-01,3.490349648744018253e-11,9.999999999650965865e-01,3.490349648744018900e-11
9.999999960903752649e-01,3.909624719461175298e-09,9.999999960903752649e-01,3.909624719461175298e-09
9.999999999837737574e-01,1.622624383813330564e-11,9.999999999837738685e-01,1.622624383813330564e-11
9.999999999879028989e-01,1.209708840208108786e-11,9.999999999879028989e-01,1.209708840208108786e-11
9.999999999933496531e-01,6.650344746665162825e-12,9.999999999933496531e-01,6.650344746665163633e-12
9.999999999954933827e-01,4.506725468315050958e-12,9.999999999954932717e-01,4.506725468315050958e-12
9.999999987502280474e-01,1.249771974258892210e-09,9.999999987502279364e-01,1.249771974258892210e-09
9.999999999773966364e-01,2.260333082473759396e-11,9.999999999773966364e-01,2.260333082473759396e-11
9.999999999860557098e-01,1.394431753188148140e-11,9.999999999860557098e-01,1.394431753188148140e-11
9.999999999773966364e-01,2.260333082473759073e-11,9.999999999773966364e-01,2.260333082473759396e-11
9.999999999879028989e-01,1.209708840208108786e-11,9.999999999879028989e-01,1.209708840208108786e-11
9.999999999916409088e-01,8.359062569193290650e-12,9.999999999916410198e-01,8.359062569193292266e-12
9.999999992258554737e-01,7.741444924958627337e-10,9.999999992258554737e-01,7.741444924958626303e-10
9.999999923441931227e-01,7.655806880270847897e-09,9.999999923441931227e-01,7.655806880270847897e-09
9.999999999944296780e-01,5.570273398599799102e-12,9.999999999944297890e-01,5.570273398599799102e-12
9.999999999950521801e-01,4.947834189931316794e-12,9.999999999950520690e-01,4.947834189931315986e-12
9.999999999916409088e-01,8.359062569193292266e-12,9.999999999916410198e-01,8.359062569193290650e-12
9.999999978183631288e-01,2.181636925076386591e-09,9.999999978183631288e-01,2.181636925076386591e-09
9.999989299898902617e-01,1.070010109750505346e-06,9.999989299898902617e-01,1.070010109750505346e-06
4.701494535366163713e-02,9.529850546463383143e-01,4.701494535366163713e-02,9.529850546463383143e-01
9.998888664507017410e-01,1.111335492982466939e-04,9.998888664507017410e-01,1.111335492982466804e-04
4.701494535366163019e-02,9.529850546463383143e-01,4.701494535366163019e-02,9.529850546463383143e-01
9.999999999955387908e-01,4.461220696038503858e-12,9.999999999955387908e-01,4.461220696038503050e-12
9.999999999946251883e-01,5.374910414105837471e-12,9.999999999946250773e-01,5.374910414105837471e-12
9.999999999650965865e-01,3.490349648744018900e-11,9.999999999650965865e-01,3.490349648744018900e-11
9.999999999941007189e-01,5.899290110926179492e-12,9.999999999941008300e-01,5.899290110926180300e-12
9.999999992258554737e-01,7.741444924958627337e-10,9.999999992258554737e-01,7.741444924958627337e-10
9.999999999926451055e-01,7.354885590984435982e-12,9.999999999926449945e-01,7.354885590984434367e-12
9.999999999837737574e-01,1.622624383813330564e-11,9.999999999837737574e-01,1.622624383813330564e-11
9.999999999906338255e-01,9.366147881026148911e-12,9.999999999906338255e-01,9.366147881026148911e-12
9.999999999946544982e-01,5.345521493516060035e-12,9.999999999946544982e-01,5.345521493516059227e-12
9.999999999879028989e-01,1.209708840208108786e-11,9.999999999879028989e-01,1.209708840208108786e-11
9.999999999952163821e-01,4.783576318034136769e-12,9.999999999952164931e-01,4.783576318034136769e-12
9.999999999650965865e-01,3.490349648744018900e-11,9.999999999650964755e-01,3.490349648744018253e-11
9.999999999916409088e-01,8.359062569193290650e-12,9.999999999916409088e-01,8.359062569193292266e-12
9.999999999542145135e-01,4.578553539484803377e-11,9.999999999542144025e-01,4.578553539484803377e-11
9.999999999933496531e-01,6.650344746665162825e-12,9.999999999933497641e-01,6.650344746665163633e-12
9.999999996834015858e-01,3.165983998578619151e-10,9.999999996834015858e-01,3.165983998578619668e-10
9.999999996834015858e-01,3.165983998578619668e-10,9.999999996834015858e-01,3.165983998578619668e-10
9.999999960903752649e-01,3.909624719461175298e-09,9.999999960903752649e-01,3.909624719461174470e-09
9.995273477505109971e-01,4.726522494890490495e-04,9.995273477505111082e-01,4.726522494890490495e-04
9.999999960903752649e-01,3.909624719461175298e-09,9.999999960903752649e-01,3.909624719461174470e-09
9.999999698367983969e-01,3.016320162172290927e-08,9.999999698367982859e-01,3.016320162172290265e-08
9.999999352164863353e-01,6.478351360390026586e-08,9.999999352164864463e-01,6.478351360390027909e-08
9.999999978183631288e-01,2.181636925076386591e-09,9.999999978183631288e-01,2.181636925076387005e-09
9.999998453444800539e-01,1.546555199364883425e-07,9.999998453444801649e-01,1.546555199364883690e-07
4.701494535366163713e-02,9.529850546463384253e-01,4.701494535366163019e-02,9.529850546463384253e-01
1.204632648621563613e-17,1.000000000000000000e+00,1.204632648621563767e-17,1.000000000000000000e+00
3.118280795817128158e-12,9.999999999968817166e-01,3.118280795817128158e-12,9.999999999968818276e-01
3.205186936486595985e-05,9.999679481306351647e-01,3.205186936486595985e-05,9.999679481306351647e-01
9.999999352164864463e-01,6.478351360390027909e-08,9.999999352164863353e-01,6.478351360390026586e-08
9.998888664507017410e-01,1.111335492982467075e-04,9.998888664507017410e-01,1.111335492982467075e-04
9.995273477505109971e-01,4.726522494890491037e-04,9.995273477505108861e-01,4.726522494890490495e-04
8.282882430750889094e-39,1.000000000000000000e+00,8.282882430750889094e-39,1.000000000000000000e+00
1.807898221891493979e-35,1.000000000000000000e+00,1.807898221891493712e-35,1.000000000000000000e+00
2.800694639690159971e-01,7.199305360309840029e-01,2.800694639690159971e-01,7.199305360309838919e-01
9.999999698367985079e-01,3.016320162172290927e-08,9.999999698367983969e-01,3.016320162172290927e-08
9.999999999948683271e-01,5.131695836121261630e-12,9.999999999948683271e-01,5.131695836121261630e-12
9.999999999932953632e-01,6.704528808002745055e-12,9.999999999932954742e-01,6.704528808002745863e-12
9.999999352164864463e-01,6.478351360390026586e-08,9.999999352164863353e-01,6.478351360390026586e-08
9.999999999916409088e-01,8.359062569193292266e-12,9.999999999916409088e-01,8.359062569193292266e-12
9.999999999950521801e-01,4.947834189931316794e-12,9.999999999950521801e-01,4.947834189931316794e-12
9.999999999953217422e-01,4.678158430787976849e-12,9.999999999953218532e-01,4.678158430787977657e-12
9.999999999954614083e-01,4.538601109210478302e-12,9.999999999954614083e-01,4.538601109210478302e-12
9.999999999916409088e-01,8.359062569193292266e-12,9.999999999916407978e-01,8.359062569193292266e-12
9.999999999947278839e-01,5.272117414844185101e-12,9.999999999947278839e-01,5.272117414844185101e-12
2.800694639690159971e-01,7.199305360309838919e-01,2.800694639690159971e-01,7.199305360309838919e-01
5.075134280436589991e-03,9.949248657195634005e-01,5.075134280436590858e-03,9.949248657195634005e-01
9.999696545150293936e-01,3.034548497055941332e-05,9.999696545150293936e-01,3.034548497055941332e-05
9.999999999943958162e-01,5.604174516143138606e-12,9.999999999943958162e-01,5.604174516143139414e-12
7.171004187937926044e-01,2.828995812062073956e-01,7.171004187937926044e-01,2.828995812062073956e-01
9.999999996834015858e-01,3.165983998578619668e-10,9.999999996834014748e-01,3.165983998578619151e-10
9.999971298270136089e-01,2.870172986448142379e-06,9.999971298270134978e-01,2.870172986448141532e-06
9.999999992258554737e-01,7.741444924958627337e-10,9.999999992258554737e-01,7.741444924958626303e-10
9.999999999941007189e-01,5.899290110926179492e-12,9.999999999941007189e-01,5.899290110926179492e-12
9.999996165722054853e-01,3.834277945064683469e-07,9.999996165722054853e-01,3.834277945064683469e-07
9.887602347579522721e-01,1.123976524204770358e-02,9.887602347579522721e-01,1.123976524204770185e-02
9.999999999809391360e-01,1.906088483044513875e-11,9.999999999809391360e-01,1.906088483044513552e-11
9.999999999905299086e-01,9.470110775080668656e-12,9.999999999905297976e-01,9.470110775080670271e-12
9.999999999542145135e-01,4.578553539484803377e-11,9.999999999542144025e-01,4.578553539484802731e-11
9.999999999948926410e-01,5.107369090363359356e-12,9.999999999948925300e-01,5.107369090363358548e-12
9.999999999953546048e-01,4.645487461534250861e-12,9.999999999953544938e-01,4.645487461534250054e-12
9.999999992258554737e-01,7.741444924958627337e-10,9.999999992258555848e-01,7.741444924958627337e-10
9.999999978183631288e-01,2.181636925076386591e-09,9.999999978183630178e-01,2.181636925076386591e-09
9.999999999650964755e-01,3.490349648744018900e-11,9.999999999650964755e-01,3.490349648744018900e-11
9.999999987502280474e-01,1.249771974258892210e-09,9.999999987502279364e-01,1.249771974258892210e-09
9.999999999937111417e-01,6.288878759718944716e-12,9.999999999937111417e-01,6.288878759718945524e-12
9.999998453444800539e-01,1.546555199364883425e-07,9.999998453444800539e-01,1.546555199364883425e-07
9.999999999899356062e-01,1.006436526542891039e-11,9.999999999899357173e-01,1.006436526542891200e-11
9.999999999879028989e-01,1.209708840208108786e-11,9.999999999879030099e-01,1.209708840208108786e-11
9.999999999927624561e-01,7.237517422312376059e-12,9.999999999927624561e-01,7.237517422312375251e-12
9.999999998902970866e-01,1.097029182965418820e-10,9.999999998902970866e-01,1.097029182965418691e-10
9.999999999906338255e-01,9.366147881026150527e-12,9.999999999906339365e-01,9.366147881026150527e-12
9.999999999899356062e-01,1.006436526542891039e-11,9.999999999899356062e-01,1.006436526542891039e-11
9.999999999929860550e-01,7.013891618672186498e-12,9.999999999929861660e-01,7.013891618672187306e-12
9.999999995101670480e-01,4.898329619760417416e-10,9.999999995101669370e-01,4.898329619760416382e-10
9.999999999542145135e-01,4.578553539484802731e-11,9.999999999542145135e-01,4.578553539484802731e-11
9.999999999809391360e-01,1.906088483044513552e-11,9.999999999809391360e-01,1.906088483044513552e-11
9.999999698367983969e-01,3.016320162172290927e-08,9.999999698367982859e-01,3.016320162172290927e-08
9.999999999650964755e-01,3.490349648744018253e-11,9.999999999650964755e-01,3.490349648744018253e-11
9.999999999952834395e-01,4.716556624748106862e-12,9.999999999952835505e-01,4.716556624748106862e-12
9.999999999720921018e-01,2.790791985106789018e-11,9.999999999720921018e-01,2.790791985106789341e-11
9.998888664507017410e-01,1.111335492982466939e-04,9.998888664507017410e-01,1.111335492982466939e-04
9.999999999952163821e-01,4.783576318034136769e-12,9.999999999952164931e-01,4.783576318034136769e-12
9.998888664507017410e-01,1.111335492982467075e-04,9.998888664507017410e-01,1.111335492982466939e-04
9.999999698367983969e-01,3.016320162172290927e-08,9.999999698367983969e-01,3.016320162172291589e-08
9.999999999923419036e-01,7.658139894305021288e-12,9.999999999923417926e-01,7.658139894305019673e-12
9.999999998528751322e-01,1.471248556222005226e-10,9.999999998528752432e-01,1.471248556222005226e-10
2.800694639690160526e-01,7.199305360309840029e-01,2.800694639690159971e-01,7.199305360309840029e-01
9.999999999953217422e-01,4.678158430787976849e-12,9.999999999953218532e-01,4.678158430787976849e-12
9.999999999955206942e-01,4.479402961151750704e-12,9.999999999955206942e-01,4.479402961151750704e-12
9.999999999953217422e-01,4.678158430787976849e-12,9.999999999953219643e-01,4.678158430787977657e-12
9.999999997909720939e-01,2.090278510401575842e-10,9.999999997909720939e-01,2.090278510401575842e-10
9.999999352164864463e-01,6.478351360390027909e-08,9.999999352164863353e-01,6.478351360390026586e-08
9.999999923441931227e-01,7.655806880270846242e-09,9.999999923441931227e-01,7.655806880270847897e-09
9.999999999879028989e-01,1.209708840208108786e-11,9.999999999879028989e-01,1.209708840208108786e-11
9.999999999953218532e-01,4.678158430787977657e-12,9.999999999953218532e-01,4.678158430787977657e-12
9.999999999916409088e-01,8.359062569193292266e-12,9.999999999916409088e-01,8.359062569193292266e-12
9.999999999203141865e-01,7.968584051111353135e-11,9.999999999203141865e-01,7.968584051111354427e-11
9.999999845245973740e-01,1.547540266019399660e-08,9.999999845245972629e-01,1.547540266019399329e-08
9.999999992258554737e-01,7.741444924958627337e-10,9.999999992258554737e-01,7.741444924958626303e-10
9.999999978183631288e-01,2.181636925076386591e-09,9.999999978183630178e-01,2.181636925076386591e-09
9.999999999773966364e-01,2.260333082473759073e-11,9.999999999773966364e-01,2.260333082473759073e-11
9.999999999937111417e-01,6.288878759718944716e-12,9.999999999937111417e-01,6.288878759718944716e-12
9.999999960903752649e-01,3.909624719461174470e-09,9.999999960903752649e-01,3.909624719461174470e-09
9.999999999953218532e-01,4.678158430787976849e-12,9.999999999953218532e-01,4.678158430787977657e-12
9.999912770566485865e-01,8.722943351413752912e-06,9.999912770566484754e-01,8.722943351413752912e-06
9.999999352164864463e-01,6.478351360390026586e-08,9.999999352164863353e-01,6.478351360390025263e-08
9.999998453444800539e-01,1.546555199364883425e-07,9.999998453444799429e-01,1.546555199364883160e-07
9.999999999860557098e-01,1.394431753188148140e-11,9.999999999860555988e-01,1.394431753188148140e-11
9.999999999948683271e-01,5.131695836121261630e-12,9.999999999948683271e-01,5.131695836121261630e-12
9.999999999948925300e-01,5.107369090363358548e-12,9.999999999948926410e-01,5.107369090363359356e-12
9.999999999954980456e-01,4.502010443866528839e-12,9.999999999954980456e-01,4.502010443866528839e-12
9.999999999953217422e-01,4.678158430787976849e-12,9.999999999953219643e-01,4.678158430787977657e-12
9.999999999952000618e-01,4.800040420001613782e-12,9.999999999952000618e-01,4.800040420001613782e-12
9.999999698367983969e-01,3.016320162172291589e-08,9.999999698367983969e-01,3.016320162172291589e-08
9.999999978183630178e-01,2.181636925076386178e-09,9.999999978183630178e-01,2.181636925076386591e-09
9.999999999954550800e-01,4.544940010514135871e-12,9.999999999954550800e-01,4.544940010514135063e-12
9.999996165722054853e-01,3.834277945064683469e-07,9.999996165722054853e-01,3.834277945064682940e-07
9.999999352164863353e-01,6.478351360390026586e-08,9.999999352164863353e-01,6.478351360390026586e-08
4.701494535366163713e-02,9.529850546463383143e-01,4.701494535366164407e-02,9.529850546463384253e-01
9.999999999894058078e-01,1.059421469870005077e-11,9.999999999894058078e-01,1.059421469870005238e-11
9.999999999953544938e-01,4.645487461534250054e-12,9.999999999953544938e-01,4.645487461534250054e-12
9.452084402556010234e-01,5.479155974439891413e-02,9.452084402556011344e-01,5.479155974439892107e-02
9.999999999773966364e-01,2.260333082473759073e-11,9.999999999773966364e-01,2.260333082473759073e-11
9.978702591859329729e-01,2.129740814067047038e-03,9.978702591859329729e-01,2.129740814067047471e-03
9.999999999203140755e-01,7.968584051111353135e-11,9.999999999203141865e-01,7.968584051111353135e-11
9.999971298270134978e-01,2.870172986448141955e-06,9.999971298270134978e-01,2.870172986448141955e-06
9.999999999860557098e-01,1.394431753188147979e-11,9.999999999860555988e-01,1.394431753188148140e-11
9.999696545150293936e-01,3.034548497055940993e-05,9.999696545150293936e-01,3.034548497055941671e-05
9.999999999923419036e-01,7.658139894305021288e-12,9.999999999923419036e-01,7.658139894305021288e-12
9.999999999954136687e-01,4.586312181100670393e-12,9.999999999954136687e-01,4.586312181100670393e-12
9.998888664507017410e-01,1.111335492982467075e-04,9.998888664507017410e-01,1.111335492982466939e-04
5.075134280436590858e-03,9.949248657195635115e-01,5.075134280436589991e-03,9.949248657195634005e-01
9.999912770566485865e-01,8.722943351413752912e-06,9.999912770566485865e-01,8.722943351413752912e-06
9.525930786121500800e-64,1.000000000000000000e+00,9.525930786121502150e-64,1.000000000000000000e+00
3.397932514560492212e-80,1.000000000000000000e+00,3.397932514560491463e-80,1.000000000000000000e+00
7.348060592059387583e-144,1.000000000000000000e+00,7.348060592059387583e-144,1.000000000000000000e+00
9.999999352164863353e-01,6.478351360390026586e-08,9.999999352164864463e-01,6.478351360390026586e-08
2.660874160976113805e-54,1.000000000000000000e+00,2.660874160976113805e-54,1.000000000000000000e+00
9.999999998528751322e-01,1.471248556222005485e-10,9.999999998528752432e-01,1.471248556222005485e-10
4.237959541171850840e-04,9.995762040458827657e-01,4.237959541171850840e-04,9.995762040458828768e-01
2.800694639690159971e-01,7.199305360309838919e-01,2.800694639690160526e-01,7.199305360309838919e-01
9.999996165722054853e-01,3.834277945064683999e-07,9.999996165722054853e-01,3.834277945064683469e-07
9.999999999720921018e-01,2.790791985106789341e-11,9.999999999720921018e-01,2.790791985106789341e-11
1.729472159106033239e-86,1.000000000000000000e+00,1.729472159106033239e-86,1.000000000000000000e+00
5.646231525212654172e-22,1.000000000000000000e+00,5.646231525212654172e-22,1.000000000000000000e+00
2.800694639690160526e-01,7.199305360309840029e-01,2.800694639690159971e-01,7.199305360309838919e-01
9.998888664507017410e-01,1.111335492982466804e-04,9.998888664507017410e-01,1.111335492982466939e-04
2.800694639690160526e-01,7.199305360309840029e-01,2.800694639690160526e-01,7.199305360309840029e-01
9.999971298270136089e-01,2.870172986448141532e-06,9.999971298270136089e-01,2.870172986448141955e-06
9.887602347579522721e-01,1.123976524204770358e-02,9.887602347579522721e-01,1.123976524204770358e-02
4.237959541171850840e-04,9.995762040458828768e-01,4.237959541171850840e-04,9.995762040458827657e-01
9.887602347579522721e-01,1.123976524204770358e-02,9.887602347579522721e-01,1.123976524204770358e-02
9.999999997909720939e-01,2.090278510401576101e-10,9.999999997909720939e-01,2.090278510401576101e-10
9.999999352164864463e-01,6.478351360390027909e-08,9.999999352164863353e-01,6.478351360390026586e-08
9.999999999933496531e-01,6.650344746665163633e-12,9.999999999933496531e-01,6.650344746665163633e-12
9.438928158119736681e-16,9.999999999999991118e-01,9.438928158119736681e-16,9.999999999999990008e-01
4.237959541171851382e-04,9.995762040458828768e-01,4.237959541171850298e-04,9.995762040458827657e-01
9.998888664507017410e-01,1.111335492982466939e-04,9.998888664507017410e-01,1.111335492982466939e-04
9.999912770566485865e-01,8.722943351413754606e-06,9.999912770566485865e-01,8.722943351413754606e-06
9.999999999928261829e-01,7.173779663402244790e-12,9.999999999928261829e-01,7.173779663402245597e-12
9.999999997909720939e-01,2.090278510401575842e-10,9.999999997909720939e-01,2.090278510401576101e-10
9.999999978183631288e-01,2.181636925076387005e-09,9.999999978183630178e-01,2.181636925076386591e-09
9.999989299898902617e-01,1.070010109750505346e-06,9.999989299898902617e-01,1.070010109750505346e-06
9.999696545150295046e-01,3.034548497055941671e-05,9.999696545150295046e-01,3.034548497055941671e-05
9.999999999905297976e-01,9.470110775080667040e-12,9.999999999905299086e-01,9.470110775080668656e-12
9.999999999928261829e-01,7.173779663402245597e-12,9.999999999928261829e-01,7.173779663402244790e-12
9.999999996834015858e-01,3.165983998578619151e-10,9.999999996834015858e-01,3.165983998578619668e-10
9.999999999928261829e-01,7.173779663402245597e-12,9.999999999928261829e-01,7.173779663402245597e-12
9.999696545150295046e-01,3.034548497055941671e-05,9.999696545150295046e-01,3.034548497055942009e-05
9.999999999203141865e-01,7.968584051111353135e-11,9.999999999203141865e-01,7.968584051111353135e-11
9.999999999650964755e-01,3.490349648744018253e-11,9.999999999650964755e-01,3.490349648744018253e-11
9.999999999860557098e-01,1.394431753188148140e-11,9.999999999860557098e-01,1.394431753188147979e-11
9.999999992258554737e-01,7.741444924958627337e-10,9.999999992258554737e-01,7.741444924958626303e-10
9.999999999203141865e-01,7.968584051111353135e-11,9.999999999203141865e-01,7.968584051111351842e-11
9.999999999899356062e-01,1.006436526542891039e-11,9.999999999899356062e-01,1.006436526542891039e-11
9.999999999954056751e-01,4.594320500726418909e-12,9.999999999954055641e-01,4.594320500726418909e-12
9.999999998902970866e-01,1.097029182965418820e-10,9.999999998902969756e-01,1.097029182965418562e-10
9.999999999773966364e-01,2.260333082473759073e-11,9.999999999773966364e-01,2.260333082473759073e-11
9.999999997909720939e-01,2.090278510401576101e-10,9.999999997909720939e-01,2.090278510401576101e-10
9.999696545150293936e-01,3.034548497055941671e-05,9.999696545150293936e-01,3.034548497055941332e-05
9.999999999773966364e-01,2.260333082473759073e-11,9.999999999773966364e-01,2.260333082473759073e-11
9.999999999411371965e-01,5.886277232197586741e-11,9.999999999411373075e-01,5.886277232197588033e-11
9.999999998528751322e-01,1.471248556222005226e-10,9.999999998528751322e-01,1.471248556222004968e-10
9.999989299898902617e-01,1.070010109750505346e-06,9.999989299898902617e-01,1.070010109750505346e-06
9.995273477505109971e-01,4.726522494890491037e-04,9.995273477505108861e-01,4.726522494890489953e-04
9.999999997909720939e-01,2.090278510401576101e-10,9.999999997909720939e-01,2.090278510401576101e-10
9.999999999950521801e-01,4.947834189931317601e-12,9.999999999950521801e-01,4.947834189931316794e-12
9.999999999411373075e-01,5.886277232197588033e-11,9.999999999411371965e-01,5.886277232197588033e-11
9.999971298270136089e-01,2.870172986448141955e-06,9.999971298270136089e-01,2.870172986448141955e-06
9.999999845245973740e-01,1.547540266019399660e-08,9.999999845245973740e-01,1.547540266019399660e-08
9.999999845245973740e-01,1.547540266019399660e-08,9.999999845245973740e-01,1.547540266019399660e-08
9.999999698367983969e-01,3.016320162172291589e-08,9.999999698367983969e-01,3.016320162172290265e-08
9.999999999720921018e-01,2.790791985106789341e-11,9.999999999720921018e-01,2.790791985106789341e-11
4.600492363018045496e-46,1.000000000000000000e+00,4.600492363018045496e-46,1.000000000000000000e+00
9.452084402556011344e-01,5.479155974439890719e-02,9.452084402556010234e-01,5.479155974439891413e-02
9.999999960903752649e-01,3.909624719461174470e-09,9.999999960903752649e-01,3.909624719461174470e-09
9.999999999650964755e-01,3.490349648744018253e-11,9.999999999650963645e-01,3.490349648744018253e-11
9.999999999950521801e-01,4.947834189931317601e-12,9.999999999950520690e-01,4.947834189931315986e-12
7.171004187937926044e-01,2.828995812062073956e-01,7.171004187937926044e-01,2.828995812062073956e-01
9.999999999955387908e-01,4.461220696038503050e-12,9.999999999955386798e-01,4.461220696038503050e-12
9.999999999933497641e-01,6.650344746665163633e-12,9.999999999933496531e-01,6.650344746665163633e-12
9.999999999941007189e-01,5.899290110926180300e-12,9.999999999941007189e-01,5.899290110926180300e-12
9.999999698367983969e-01,3.016320162172291589e-08,9.999999698367983969e-01,3.016320162172290927e-08
9.999999923441931227e-01,7.655806880270847897e-09,9.999999923441931227e-01,7.655806880270847897e-09
9.999999999941007189e-01,5.899290110926179492e-12,9.999999999941007189e-01,5.899290110926180300e-12
9.999999999916409088e-01,8.359062569193292266e-12,9.999999999916409088e-01,8.359062569193290650e-12
9.452084402556011344e-01,5.479155974439892107e-02,9.452084402556010234e-01,5.479155974439891413e-02
9.995273477505109971e-01,4.726522494890491037e-04,9.995273477505109971e-01,4.726522494890490495e-04
9.438928158119736681e-16,9.999999999999991118e-01,9.438928158119736681e-16,9.999999999999991118e-01
6.877579828510610159e-27,1.000000000000000000e+00,6.877579828510610159e-27,1.000000000000000000e+00
1.331061532889684792e-10,9.999999998668939183e-01,1.331061532889684533e-10,9.999999998668938073e-01
9.999999999944296780e-01,5.570273398599799102e-12,9.999999999944296780e-01,5.570273398599798295e-12
9.999999999944297890e-01,5.570273398599799102e-12,9.999999999944296780e-01,5.570273398599798295e-12
9.999696545150295046e-01,3.034548497055941671e-05,9.999696545150293936e-01,3.034548497055941332e-05
3.118280795817127351e-12,9.999999999968817166e-01,3.118280795817127755e-12,9.999999999968817166e-01
1.024093259736573601e-07,9.999998975906739807e-01,1.024093259736573601e-07,9.999998975906739807e-01
6.508554717770752254e-69,1.000000000000000000e+00,6.508554717770752254e-69,1.000000000000000000e+00
5.646231525212654172e-22,1.000000000000000000e+00,5.646231525212654172e-22,1.000000000000000000e+00
2.834566061290250702e-242,1.000000000000000000e+00,2.834566061290250702e-242,1.000000000000000000e+00
9.999999998757984621e-01,1.242015491228581934e-10,1.295844630044976701e-106,1.000000000000000000e+00
1.000000000000000000e+00,1.295844630063833617e-96,9.999999998999999750e-11,9.999999998999999917e-01
5.000000000000000000e-01,5.000000000000000000e-01,2.043108605501688372e-239,1.000000000000000000e+00
1.000000000000000000e+00,2.043108605531419938e-229,9.999999998999999750e-11,9.999999998999999917e-01
5.000000000000000000e-01,5.000000000000000000e-01,9.999999998999999750e-11,9.999999998999999917e-01
5.000000000000000000e-01,5.000000000000000000e-01,9.999999998999999750e-11,9.999999998999999917e-01
5.000000000000000000e-01,5.000000000000000000e-01,1.181804777819438813e-316,1.000000000000000000e+00
1.000000000000000000e+00,1.181804777819438813e-306,8.150702484773599991e-248,1.000000000000000000e+00
1.000000000000000000e+00,8.150702484773599796e-238,9.999999998999999750e-11,9.999999998999999917e-01
5.000000000000000000e-01,5.000000000000000000e-01,9.999999998999999750e-11,9.999999998999999917e-01
5.000000000000000000e-01,5.000000000000000000e-01,1.004941833773519033e-297,1.000000000000000000e+00
1.000000000000000000e+00,1.004941833758895195e-287,9.337590669922917429e-140,1.000000000000000000e+00
5.075134280363111441e-03,9.949248657196367862e-01,5.075134280436590858e-03,9.949248657195635115e-01
1.807898221891493712e-35,1.000000000000000000e+00,1.807898221891493712e-35,1.000000000000000000e+00
9.999999999879027879e-01,1.209708840208108786e-11,9.999999999879028989e-01,1.209708840208108786e-11
9.999971298270136089e-01,2.870172986448141955e-06,9.999971298270134978e-01,2.870172986448141955e-06
9.999999999951034724e-01,4.896557034157855692e-12,9.999999999951034724e-01,4.896557034157855692e-12
9.999999999955206942e-01,4.479402961151750704e-12,9.999999999955204721e-01,4.479402961151749896e-12
9.999999923441931227e-01,7.655806880270847897e-09,9.999999923441932337e-01,7.655806880270847897e-09
9.999999999955236918e-01,4.476278123312817834e-12,9.999999999955236918e-01,4.476278123312817834e-12
9.999999999955238028e-01,4.476278123312818642e-12,9.999999999955236918e-01,4.476278123312817834e-12
9.999999999952164931e-01,4.783576318034136769e-12,9.999999999952163821e-01,4.783576318034135961e-12
9.999999999942015272e-01,5.798478635471038006e-12,9.999999999942015272e-01,5.798478635471038814e-12
9.999989299898902617e-01,1.070010109750505346e-06,9.999989299898902617e-01,1.070010109750505346e-06
9.999999999899356062e-01,1.006436526542891039e-11,9.999999999899356062e-01,1.006436526542891200e-11
9.999999999946544982e-01,5.345521493516060035e-12,9.999999999946544982e-01,5.345521493516059227e-12
9.999999999916409088e-01,8.359062569193292266e-12,9.999999999916409088e-01,8.359062569193292266e-12
9.999999999905299086e-01,9.470110775080668656e-12,9.999999999905300196e-01,9.470110775080670271e-12
9.999999999954136687e-01,4.586312181100670393e-12,9.999999999954136687e-01,4.586312181100670393e-12
9.999999999899356062e-01,1.006436526542891039e-11,9.999999999899357173e-01,1.006436526542891200e-11
9.999999999899356062e-01,1.006436526542891039e-11,9.999999999899357173e-01,1.006436526542891200e-11
9.999999999952834395e-01,4.716556624748106862e-12,9.999999999952834395e-01,4.716556624748106862e-12
9.995273477505109971e-01,4.726522494890490495e-04,9.995273477505108861e-01,4.726522494890489953e-04
9.887602347579522721e-01,1.123976524204770358e-02,9.887602347579522721e-01,1.123976524204770358e-02
9.999999999937110307e-01,6.288878759718943908e-12,9.999999999937111417e-01,6.288878759718945524e-12
9.452084402556010234e-01,5.479155974439891413e-02,9.452084402556011344e-01,5.479155974439892107e-02
9.999996165722055963e-01,3.834277945064683469e-07,9.999996165722054853e-01,3.834277945064683469e-07
3.205186936486595985e-05,9.999679481306351647e-01,3.205186936486595985e-05,9.999679481306351647e-01
4.701494535366163713e-02,9.529850546463384253e-01,4.701494535366163019e-02,9.529850546463384253e-01
2.800694639690160526e-01,7.199305360309840029e-01,2.800694639690160526e-01,7.199305360309840029e-01
9.999696545150293936e-01,3.034548497055941671e-05,9.999696545150293936e-01,3.034548497055941332e-05
9.999996165722055963e-01,3.834277945064683999e-07,9.999996165722054853e-01,3.834277945064683469e-07
9.452084402556010234e-01,5.479155974439891413e-02,9.452084402556011344e-01,5.479155974439892107e-02
9.999999996834015858e-01,3.165983998578619151e-10,9.999999996834015858e-01,3.165983998578619668e-10
9.999996165722054853e-01,3.834277945064682940e-07,9.999996165722054853e-01,3.834277945064682940e-07
9.999999352164863353e-01,6.478351360390026586e-08,9.999999352164863353e-01,6.478351360390026586e-08
9.999999995101670480e-01,4.898329619760417416e-10,9.999999995101670480e-01,4.898329619760416382e-10
9.999999999542145135e-01,4.578553539484802731e-11,9.999999999542145135e-01,4.578553539484802731e-11
9.999999999933496531e-01,6.650344746665162825e-12,9.999999999933497641e-01,6.650344746665163633e-12
9.999999999955386798e-01,4.461220696038502242e-12,9.999999999955387908e-01,4.461220696038503858e-12
9.999999996834015858e-01,3.165983998578619151e-10,9.999999996834016969e-01,3.165983998578619668e-10
9.998888664507017410e-01,1.111335492982466939e-04,9.998888664507017410e-01,1.111335492982466804e-04
9.995273477505109971e-01,4.726522494890491037e-04,9.995273477505108861e-01,4.726522494890490495e-04
9.999999999720921018e-01,2.790791985106789341e-11,9.999999999720921018e-01,2.790791985106789341e-11
9.999998453444800539e-01,1.546555199364883690e-07,9.999998453444800539e-01,1.546555199364883690e-07
9.999999999650964755e-01,3.490349648744018253e-11,9.999999999650965865e-01,3.490349648744018900e-11
9.999999999953544938e-01,4.645487461534250861e-12,9.999999999953543828e-01,4.645487461534250054e-12
9.999999999923419036e-01,7.658139894305021288e-12,9.999999999923417926e-01,7.658139894305021288e-12
9.999999999203141865e-01,7.968584051111353135e-11,9.999999999203140755e-01,7.968584051111353135e-11
9.999989299898902617e-01,1.070010109750505346e-06,9.999989299898901507e-01,1.070010109750505134e-06
9.999999999954932717e-01,4.506725468315051766e-12,9.999999999954933827e-01,4.506725468315051766e-12
9.999999999650965865e-01,3.490349648744018900e-11,9.999999999650964755e-01,3.490349648744017607e-11
9.999999999955205832e-01,4.479402961151749896e-12,9.999999999955206942e-01,4.479402961151750704e-12
9.999999999950521801e-01,4.947834189931316794e-12,9.999999999950521801e-01,4.947834189931316794e-12
9.999999999946544982e-01,5.345521493516059227e-12,9.999999999946544982e-01,5.345521493516059227e-12
9.999999999933497641e-01,6.650344746665163633e-12,9.999999999933496531e-01,6.650344746665163633e-12
9.999999999905299086e-01,9.470110775080668656e-12,9.999999999905299086e-01,9.470110775080668656e-12
9.999999999933496531e-01,6.650344746665162825e-12,9.999999999933497641e-01,6.650344746665164441e-12
9.438928158119736681e-16,9.999999999999991118e-01,9.438928158119736681e-16,9.999999999999990008e-01
9.999999999923417926e-01,7.658139894305021288e-12,9.999999999923419036e-01,7.658139894305021288e-12
9.999999960903752649e-01,3.909624719461175298e-09,9.999999960903752649e-01,3.909624719461174470e-09
1.331061532889684792e-10,9.999999998668938073e-01,1.331061532889684533e-10,9.999999998668939183e-01
9.999999999955236918e-01,4.476278123312817834e-12,9.999999999955236918e-01,4.476278123312817834e-12
9.999999999950521801e-01,4.947834189931316794e-12,9.999999999950520690e-01,4.947834189931315986e-12
9.999999999720921018e-01,2.790791985106789018e-11,9.999999999720921018e-01,2.790791985106789664e-11
9.887602347579522721e-01,1.123976524204770358e-02,9.887602347579522721e-01,1.123976524204770358e-02
9.999999978183631288e-01,2.181636925076386591e-09,9.999999978183631288e-01,2.181636925076386591e-09
9.999999999955205832e-01,4.479402961151749896e-12,9.999999999955206942e-01,4.479402961151750704e-12
9.999999999894058078e-01,1.059421469870005238e-11,9.999999999894058078e-01,1.059421469870005238e-11
3.211863018429489014e-295,1.000000000000000000e+00,3.211863018429489014e-295,1.000000000000000000e+00
3.211863018429488808e-285,1.000000000000000000e+00,7.891091843080292208e-190,1.000000000000000000e+00
6.877579828510610159e-27,1.000000000000000000e+00,6.877579828510610159e-27,1.000000000000000000e+00
9.352388814067828455e-59,1.000000000000000000e+00,9.352388814067828455e-59,1.000000000000000000e+00
1.331061532889684792e-10,9.999999998668938073e-01,1.331061532889684533e-10,9.999999998668938073e-01
1.911837754375327127e-32,1.000000000000000000e+00,1.911837754375327127e-32,1.000000000000000000e+00
7.348060592059387583e-144,1.000000000000000000e+00,7.348060592059387583e-144,1.000000000000000000e+00
1.280513414429709305e-29,1.000000000000000000e+00,1.280513414429709305e-29,1.000000000000000000e+00
2.125597154813844928e-215,1.000000000000000000e+00,2.125597154813844928e-215,1.000000000000000000e+00
1.000000000000000000e+00,2.125597154813844905e-205,1.824048561873004518e-225,1.000000000000000000e+00
1.000000000000000000e+00,1.824048561873004375e-215,9.999999998999999750e-11,9.999999998999999917e-01
5.000000000000000000e-01,5.000000000000000000e-01,3.218728835749540935e-167,1.000000000000000000e+00
1.000000000000000000e+00,3.218728835702702289e-157,9.999999998999999750e-11,9.999999998999999917e-01
5.000000000000000000e-01,5.000000000000000000e-01,1.824048561846461084e-225,1.000000000000000000e+00
1.000000000000000000e+00,1.824048561846460917e-215,9.999999998999999750e-11,9.999999998999999917e-01
5.000000000000000000e-01,5.000000000000000000e-01,1.824048561873004518e-225,1.000000000000000000e+00
1.000000000000000000e+00,1.824048561873004375e-215,1.004941833773519033e-297,1.000000000000000000e+00
1.000000000000000000e+00,1.004941833758895195e-287,3.019981766032149253e-157,1.000000000000000000e+00
1.214718467607063117e-17,1.000000000000000000e+00,1.204632648621563613e-17,1.000000000000000000e+00
9.999999999720921018e-01,2.790791985106789341e-11,9.999999999720921018e-01,2.790791985106789018e-11
9.999999997909720939e-01,2.090278510401576101e-10,9.999999997909720939e-01,2.090278510401576101e-10
9.999999999906338255e-01,9.366147881026148911e-12,9.999999999906338255e-01,9.366147881026150527e-12
9.999999999953218532e-01,4.678158430787977657e-12,9.999999999953218532e-01,4.678158430787976849e-12
9.999999999542144025e-01,4.578553539484802731e-11,9.999999999542144025e-01,4.578553539484802731e-11
9.999999845245973740e-01,1.547540266019399660e-08,9.999999845245973740e-01,1.547540266019399991e-08
9.999999960903752649e-01,3.909624719461174470e-09,9.999999960903752649e-01,3.909624719461174470e-09
9.999999999940604178e-01,5.939534100410236530e-12,9.999999999940604178e-01,5.939534100410236530e-12
9.999999995101670480e-01,4.898329619760417416e-10,9.999999995101670480e-01,4.898329619760417416e-10
9.999999999941007189e-01,5.899290110926179492e-12,9.999999999941007189e-01,5.899290110926180300e-12
9.999999998528752432e-01,1.471248556222005485e-10,9.999999998528751322e-01,1.471248556222005226e-10
9.999999999899356062e-01,1.006436526542891200e-11,9.999999999899354952e-01,1.006436526542891039e-11
9.999999999905299086e-01,9.470110775080668656e-12,9.999999999905299086e-01,9.470110775080670271e-12
9.999999999837737574e-01,1.622624383813330564e-11,9.999999999837736464e-01,1.622624383813330564e-11
9.999999999954979346e-01,4.502010443866528031e-12,9.999999999954980456e-01,4.502010443866528839e-12
9.999996165722054853e-01,3.834277945064683469e-07,9.999996165722054853e-01,3.834277945064682940e-07
9.999999998528751322e-01,1.471248556222004968e-10,9.999999998528751322e-01,1.471248556222005226e-10
9.999989299898902617e-01,1.070010109750505346e-06,9.999989299898902617e-01,1.070010109750505346e-06
7.552308208795004252e-14,9.999999999999245048e-01,7.552308208795004252e-14,9.999999999999243938e-01
9.999999999203140755e-01,7.968584051111353135e-11,9.999999999203141865e-01,7.968584051111353135e-11
9.999999999542145135e-01,4.578553539484802731e-11,9.999999999542144025e-01,4.578553539484803377e-11
9.999999999411371965e-01,5.886277232197586741e-11,9.999999999411371965e-01,5.886277232197586741e-11
9.999999923441931227e-01,7.655806880270847897e-09,9.999999923441932337e-01,7.655806880270849551e-09
9.999999995101670480e-01,4.898329619760417416e-10,9.999999995101670480e-01,4.898329619760417416e-10
9.999999999542145135e-01,4.578553539484802731e-11,9.999999999542145135e-01,4.578553539484802731e-11
9.999971298270136089e-01,2.870172986448142379e-06,9.999971298270134978e-01,2.870172986448142379e-06
9.999999999949116258e-01,5.088395614210015273e-12,9.999999999949116258e-01,5.088395614210015273e-12
9.999999999923419036e-01,7.658139894305021288e-12,9.999999999923417926e-01,7.658139894305019673e-12
9.999999999203141865e-01,7.968584051111353135e-11,9.999999999203140755e-01,7.968584051111353135e-11
9.999999999906338255e-01,9.366147881026148911e-12,9.999999999906338255e-01,9.366147881026148911e-12
9.999999999948926410e-01,5.107369090363359356e-12,9.999999999948926410e-01,5.107369090363359356e-12
9.999999999955433427e-01,4.456731138890892471e-12,9.999999999955433427e-01,4.456731138890891663e-12
9.999999999905299086e-01,9.470110775080668656e-12,9.999999999905299086e-01,9.470110775080668656e-12
9.999999999905299086e-01,9.470110775080668656e-12,9.999999999905299086e-01,9.470110775080668656e-12
9.999999999905299086e-01,9.470110775080668656e-12,9.999999999905299086e-01,9.470110775080670271e-12
9.999999999899356062e-01,1.006436526542891039e-11,9.999999999899357173e-01,1.006436526542891200e-11
9.999999999899356062e-01,1.006436526542891039e-11,9.999999999899357173e-01,1.006436526542891200e-11
9.999999999899356062e-01,1.006436526542891039e-11,9.999999999899357173e-01,1.006436526542891200e-11
9.999999999933920636e-01,6.607938860822676397e-12,9.999999999933921746e-01,6.607938860822676397e-12
9.999999999946251883e-01,5.374910414105837471e-12,9.999999999946250773e-01,5.374910414105836663e-12
9.999999999899356062e-01,1.006436526542891039e-11,9.999999999899357173e-01,1.006436526542891039e-11
9.999999999954136687e-01,4.586312181100670393e-12,9.999999999954136687e-01,4.586312181100670393e-12
9.999999999926451055e-01,7.354885590984435982e-12,9.999999999926451055e-01,7.354885590984435982e-12
9.999999999879028989e-01,1.209708840208108786e-11,9.999999999879030099e-01,1.209708840208108948e-11
9.999999999955387908e-01,4.461220696038503050e-12,9.999999999955387908e-01,4.461220696038503050e-12
9.999999998528752432e-01,1.471248556222005485e-10,9.999999998528751322e-01,1.471248556222005485e-10
9.999999999954614083e-01,4.538601109210478302e-12,9.999999999954614083e-01,4.538601109210477494e-12
9.999999999955433427e-01,4.456731138890892471e-12,9.999999999955433427e-01,4.456731138890891663e-12
9.999999999953546048e-01,4.645487461534250861e-12,9.999999999953544938e-01,4.645487461534250054e-12
9.999999999943958162e-01,5.604174516143138606e-12,9.999999999943958162e-01,5.604174516143137799e-12
9.999999999939095385e-01,6.090412875585010704e-12,9.999999999939095385e-01,6.090412875585009897e-12
9.999999999954614083e-01,4.538601109210478302e-12,9.999999999954614083e-01,4.538601109210478302e-12
9.999999999927624561e-01,7.237517422312376059e-12,9.999999999927624561e-01,7.237517422312376059e-12
9.999999999944297890e-01,5.570273398599799102e-12,9.999999999944297890e-01,5.570273398599799102e-12
9.999999999899356062e-01,1.006436526542891039e-11,9.999999999899357173e-01,1.006436526542891200e-11
9.999999999915555327e-01,8.444435846311211020e-12,9.999999999915555327e-01,8.444435846311212636e-12
9.999999999947765117e-01,5.223516961363355090e-12,9.999999999947764007e-01,5.223516961363355090e-12
9.999999999905299086e-01,9.470110775080668656e-12,9.999999999905297976e-01,9.470110775080668656e-12
9.999999999932954742e-01,6.704528808002745863e-12,9.999999999932954742e-01,6.704528808002746671e-12
9.999999999773966364e-01,2.260333082473759073e-11,9.999999999773967474e-01,2.260333082473759073e-11
9.999999999923986360e-01,7.601346801520211239e-12,9.999999999923987470e-01,7.601346801520212854e-12
9.999999999899356062e-01,1.006436526542891039e-11,9.999999999899356062e-01,1.006436526542891200e-11
9.999999999955432317e-01,4.456731138890891663e-12,9.999999999955433427e-01,4.456731138890891663e-12
9.999999999942685847e-01,5.731468574474808568e-12,9.999999999942685847e-01,5.731468574474808568e-12
9.999999999947764007e-01,5.223516961363355090e-12,9.999999999947765117e-01,5.223516961363355090e-12
9.999999999916409088e-01,8.359062569193292266e-12,9.999999999916409088e-01,8.359062569193292266e-12
9.999999999899356062e-01,1.006436526542891039e-11,9.999999999899356062e-01,1.006436526542891039e-11
9.999999999922692950e-01,7.730700947268789679e-12,9.999999999922692950e-01,7.730700947268788063e-12
9.999999999913983251e-01,8.601674835731829553e-12,9.999999999913982140e-01,8.601674835731829553e-12
9.999999995101670480e-01,4.898329619760417416e-10,9.999999995101670480e-01,4.898329619760417416e-10
9.999999923441931227e-01,7.655806880270847897e-09,9.999999923441932337e-01,7.655806880270847897e-09
9.999999996834015858e-01,3.165983998578619668e-10,9.999999996834015858e-01,3.165983998578619668e-10
9.999999999953544938e-01,4.645487461534250054e-12,9.999999999953543828e-01,4.645487461534250054e-12
9.999999999906338255e-01,9.366147881026150527e-12,9.999999999906339365e-01,9.366147881026148911e-12
9.999999999954614083e-01,4.538601109210477494e-12,9.999999999954614083e-01,4.538601109210477494e-12
9.999999999954549690e-01,4.544940010514135063e-12,9.999999999954550800e-01,4.544940010514135871e-12
9.999998453444800539e-01,1.546555199364883425e-07,9.999998453444801649e-01,1.546555199364883425e-07
2.800694639690160526e-01,7.199305360309840029e-01,2.800694639690160526e-01,7.199305360309840029e-01
4.600492363018045496e-46,1.000000000000000000e+00,4.600492363018045496e-46,1.000000000000000000e+00
2.900305680572010609e-42,1.000000000000000000e+00,2.900305680572011246e-42,1.000000000000000000e+00
9.012425899289902827e-20,1.000000000000000000e+00,9.012425899289904031e-20,1.000000000000000000e+00
9.999999996834015858e-01,3.165983998578619151e-10,9.999999996834015858e-01,3.165983998578619151e-10
9.999998453444801649e-01,1.546555199364883690e-07,9.999998453444800539e-01,1.546555199364883425e-07
9.999998453444801649e-01,1.546555199364883425e-07,9.999998453444799429e-01,1.546555199364883425e-07
9.999999999411371965e-01,5.886277232197588033e-11,9.999999999411371965e-01,5.886277232197586741e-11
9.999999999941007189e-01,5.899290110926179492e-12,9.999999999941007189e-01,5.899290110926180300e-12
3.802272892227976599e-93,1.000000000000000000e+00,3.802272892227976599e-93,1.000000000000000000e+00
2.142316050022730905e-165,1.000000000000000000e+00,2.142316050022731146e-165,1.000000000000000000e+00
2.800694639690159971e-01,7.199305360309840029e-01,2.800694639690159971e-01,7.199305360309838919e-01
1.911837754375326853e-32,1.000000000000000000e+00,1.911837754375326853e-32,1.000000000000000000e+00
1.911837754375326853e-32,1.000000000000000000e+00,1.911837754375327127e-32,1.000000000000000000e+00
1.331061532889684533e-10,9.999999998668938073e-01,1.331061532889684533e-10,9.999999998668938073e-01
1.911837754375327127e-32,1.000000000000000000e+00,1.911837754375327127e-32,1.000000000000000000e+00
1.280513414429709305e-29,1.000000000000000000e+00,1.280513414429709305e-29,1.000000000000000000e+00
9.452084402556011344e-01,5.479155974439892107e-02,9.452084402556010234e-01,5.479155974439891413e-02
9.999999992258554737e-01,7.741444924958626303e-10,9.999999992258554737e-01,7.741444924958627337e-10
9.999912770566485865e-01,8.722943351413752912e-06,9.999912770566485865e-01,8.722943351413754606e-06
9.452084402556011344e-01,5.479155974439891413e-02,9.452084402556011344e-01,5.479155974439891413e-02
1.909432868991553385e-06,9.999980905671309594e-01,1.909432868991553385e-06,9.999980905671310705e-01
9.438928158119736681e-16,9.999999999999991118e-01,9.438928158119736681e-16,9.999999999999990008e-01
9.999999999720921018e-01,2.790791985106789341e-11,9.999999999720921018e-01,2.790791985106789018e-11
9.995273477505109971e-01,4.726522494890491037e-04,9.995273477505109971e-01,4.726522494890490495e-04
9.452084402556011344e-01,5.479155974439892107e-02,9.452084402556011344e-01,5.479155974439891413e-02
1.807898221891493712e-35,1.000000000000000000e+00,1.807898221891493712e-35,1.000000000000000000e+00
9.525930786121502150e-64,1.000000000000000000e+00,9.525930786121500800e-64,1.000000000000000000e+00
9.012425899289904031e-20,1.000000000000000000e+00,9.012425899289904031e-20,1.000000000000000000e+00
5.075134280436590858e-03,9.949248657195634005e-01,5.075134280436590858e-03,9.949248657195635115e-01
9.999999999542144025e-01,4.578553539484802084e-11,9.999999999542145135e-01,4.578553539484803377e-11
9.999999999650964755e-01,3.490349648744018900e-11,9.999999999650964755e-01,3.490349648744018253e-11
5.075134280436589991e-03,9.949248657195634005e-01,5.075134280436589991e-03,9.949248657195634005e-01
9.999999978183630178e-01,2.181636925076386591e-09,9.999999978183630178e-01,2.181636925076386591e-09
9.999999999923419036e-01,7.658139894305022904e-12,9.999999999923417926e-01,7.658139894305021288e-12
9.999999997909720939e-01,2.090278510401576101e-10,9.999999997909722049e-01,2.090278510401576359e-10
1.909432868991552961e-06,9.999980905671310705e-01,1.909432868991553385e-06,9.999980905671310705e-01
9.999998453444799429e-01,1.546555199364883425e-07,9.999998453444800539e-01,1.546555199364883690e-07
9.999999999922692950e-01,7.730700947268789679e-12,9.999999999922694061e-01,7.730700947268789679e-12
9.999999999919976235e-01,8.002350202515633392e-12,9.999999999919976235e-01,8.002350202515633392e-12
9.999999999915555327e-01,8.444435846311211020e-12,9.999999999915555327e-01,8.444435846311212636e-12
9.999999999905299086e-01,9.470110775080668656e-12,9.999999999905299086e-01,9.470110775080670271e-12
9.999999999203141865e-01,7.968584051111353135e-11,9.999999999203140755e-01,7.968584051111353135e-11
9.999999999899356062e-01,1.006436526542891039e-11,9.999999999899356062e-01,1.006436526542891039e-11
9.999999999899356062e-01,1.006436526542891039e-11,9.999999999899357173e-01,1.006436526542891200e-11
9.999999999918550708e-01,8.144940324079871441e-12,9.999999999918550708e-01,8.144940324079871441e-12
9.999999999899356062e-01,1.006436526542891039e-11,9.999999999899357173e-01,1.006436526542891200e-11
9.999999999899356062e-01,1.006436526542891039e-11,9.999999999899357173e-01,1.006436526542891200e-11
9.999999999899356062e-01,1.006436526542891039e-11,9.999999999899357173e-01,1.006436526542891200e-11
9.999999999899356062e-01,1.006436526542891039e-11,9.999999999899357173e-01,1.006436526542891200e-11
9.999999999899356062e-01,1.006436526542891039e-11,9.999999999899357173e-01,1.006436526542891200e-11
9.999999999899356062e-01,1.006436526542891039e-11,9.999999999899357173e-01,1.006436526542891200e-11
9.999999999899356062e-01,1.006436526542891039e-11,9.999999999899357173e-01,1.006436526542891200e-11
9.999999999899356062e-01,1.006436526542891039e-11,9.999999999899357173e-01,1.006436526542891200e-11
9.999999999720921018e-01,2.790791985106789018e-11,9.999999999720919908e-01,2.790791985106789018e-11
9.999999999899356062e-01,1.006436526542891039e-11,9.999999999899356062e-01,1.006436526542891039e-11
9.999999999899356062e-01,1.006436526542891039e-11,9.999999999899357173e-01,1.006436526542891200e-11
9.999999999899356062e-01,1.006436526542891039e-11,9.999999999899357173e-01,1.006436526542891200e-11
9.999999999899356062e-01,1.006436526542891039e-11,9.999999999899357173e-01,1.006436526542891200e-11
9.999999999949931162e-01,5.006829722064406512e-12,9.999999999949932272e-01,5.006829722064406512e-12
9.999999999899356062e-01,1.006436526542891039e-11,9.999999999899357173e-01,1.006436526542891200e-11
9.999999999922692950e-01,7.730700947268789679e-12,9.999999999922692950e-01,7.730700947268788063e-12
9.999999999542145135e-01,4.578553539484803377e-11,9.999999999542145135e-01,4.578553539484802731e-11
9.999999999899356062e-01,1.006436526542891039e-11,9.999999999899356062e-01,1.006436526542891039e-11
9.999999999899356062e-01,1.006436526542891039e-11,9.999999999899357173e-01,1.006436526542891200e-11
9.999999999899356062e-01,1.006436526542891039e-11,9.999999999899357173e-01,1.006436526542891200e-11
9.999999999899356062e-01,1.006436526542891039e-11,9.999999999899357173e-01,1.006436526542891200e-11
9.999999999899356062e-01,1.006436526542891039e-11,9.999999999899357173e-01,1.006436526542891200e-11
9.999999999899356062e-01,1.006436526542891039e-11,9.999999999899357173e-01,1.006436526542891200e-11
9.999999999899356062e-01,1.006436526542891039e-11,9.999999999899357173e-01,1.006436526542891200e-11
9.999999999899356062e-01,1.006436526542891039e-11,9.999999999899357173e-01,1.006436526542891200e-11
9.999999999899356062e-01,1.006436526542891039e-11,9.999999999899357173e-01,1.006436526542891200e-11
9.999999999899356062e-01,1.006436526542891039e-11,9.999999999899357173e-01,1.006436526542891200e-11
9.999999999899356062e-01,1.006436526542891039e-11,9.999999999899357173e-01,1.006436526542891200e-11
9.999999999899356062e-01,1.006436526542891039e-11,9.999999999899357173e-01,1.006436526542891200e-11
9.999999999899356062e-01,1.006436526542891039e-11,9.999999999899357173e-01,1.006436526542891200e-11
9.999999999899356062e-01,1.006436526542891039e-11,9.999999999899357173e-01,1.006436526542891200e-11
9.999999999899356062e-01,1.006436526542891039e-11,9.999999999899357173e-01,1.006436526542891200e-11
9.999999999899356062e-01,1.006436526542891039e-11,9.999999999899357173e-01,1.006436526542891200e-11
9.999999999899356062e-01,1.006436526542891039e-11,9.999999999899357173e-01,1.006436526542891200e-11
9.999999999952163821e-01,4.783576318034136769e-12,9.999999999952164931e-01,4.783576318034136769e-12
9.999999999899356062e-01,1.006436526542891039e-11,9.999999999899356062e-01,1.006436526542891200e-11
9.999999999954056751e-01,4.594320500726418909e-12,9.999999999954055641e-01,4.594320500726418101e-12
9.999999999899356062e-01,1.006436526542891039e-11,9.999999999899356062e-01,1.006436526542891200e-11
9.999999999899356062e-01,1.006436526542891039e-11,9.999999999899357173e-01,1.006436526542891200e-11
9.999999999899356062e-01,1.006436526542891039e-11,9.999999999899357173e-01,1.006436526542891200e-11
9.999999999899356062e-01,1.006436526542891039e-11,9.999999999899357173e-01,1.006436526542891200e-11
9.999999999899356062e-01,1.006436526542891039e-11,9.999999999899357173e-01,1.006436526542891200e-11
9.999999999899356062e-01,1.006436526542891039e-11,9.999999999899357173e-01,1.006436526542891200e-11
9.999999999952834395e-01,4.716556624748106862e-12,9.999999999952834395e-01,4.716556624748107670e-12
9.999999999899356062e-01,1.006436526542891039e-11,9.999999999899356062e-01,1.006436526542891200e-11
9.999999999899356062e-01,1.006436526542891039e-11,9.999999999899357173e-01,1.006436526542891200e-11
9.999999999899356062e-01,1.006436526542891039e-11,9.999999999899357173e-01,1.006436526542891200e-11
9.999999999899356062e-01,1.006436526542891039e-11,9.999999999899357173e-01,1.006436526542891200e-11
9.999999999899356062e-01,1.006436526542891039e-11,9.999999999899357173e-01,1.006436526542891200e-11
9.999999999905299086e-01,9.470110775080668656e-12,9.999999999905299086e-01,9.470110775080670271e-12
9.999999999953544938e-01,4.645487461534250054e-12,9.999999999953543828e-01,4.645487461534250054e-12
9.999999999899356062e-01,1.006436526542891039e-11,9.999999999899354952e-01,1.006436526542891039e-11
9.999999999899356062e-01,1.006436526542891039e-11,9.999999999899357173e-01,1.006436526542891200e-11
9.999999999899356062e-01,1.006436526542891039e-11,9.999999999899357173e-01,1.006436526542891200e-11
9.999999999899356062e-01,1.006436526542891039e-11,9.999999999899357173e-01,1.006436526542891200e-11
9.999999999894058078e-01,1.059421469870005238e-11,9.999999999894058078e-01,1.059421469870005238e-11
9.999999999932954742e-01,6.704528808002745863e-12,9.999999999932954742e-01,6.704528808002745863e-12
9.999999999899356062e-01,1.006436526542891039e-11,9.999999999899357173e-01,1.006436526542891039e-11
9.999999999899356062e-01,1.006436526542891039e-11,9.999999999899357173e-01,1.006436526542891200e-11
9.999999999908945059e-01,9.105508767194553439e-12,9.999999999908945059e-01,9.105508767194555055e-12
9.999999999899356062e-01,1.006436526542891039e-11,9.999999999899356062e-01,1.006436526542891039e-11
9.999999999899356062e-01,1.006436526542891039e-11,9.999999999899357173e-01,1.006436526542891200e-11
9.999999999899356062e-01,1.006436526542891039e-11,9.999999999899357173e-01,1.006436526542891200e-11
9.999999999860557098e-01,1.394431753188148140e-11,9.999999999860555988e-01,1.394431753188148140e-11
9.999999999936636241e-01,6.336410936240908115e-12,9.999999999936636241e-01,6.336410936240908923e-12
9.999999999899356062e-01,1.006436526542891039e-11,9.999999999899356062e-01,1.006436526542891039e-11
9.999999999899356062e-01,1.006436526542891039e-11,9.999999999899357173e-01,1.006436526542891200e-11
9.999999999899356062e-01,1.006436526542891039e-11,9.999999999899357173e-01,1.006436526542891200e-11
9.999999999945707874e-01,5.429193516044923935e-12,9.999999999945708984e-01,5.429193516044923935e-12
9.999999999899356062e-01,1.006436526542891039e-11,9.999999999899356062e-01,1.006436526542891039e-11
9.999999999908945059e-01,9.105508767194553439e-12,9.999999999908945059e-01,9.105508767194555055e-12
9.999999999905299086e-01,9.470110775080668656e-12,9.999999999905299086e-01,9.470110775080670271e-12
9.999999999936636241e-01,6.336410936240908115e-12,9.999999999936636241e-01,6.336410936240908923e-12
9.999999999908945059e-01,9.105508767194553439e-12,9.999999999908945059e-01,9.105508767194553439e-12
9.999999999899356062e-01,1.006436526542891039e-11,9.999999999899356062e-01,1.006436526542891200e-11
9.999999999899356062e-01,1.006436526542891039e-11,9.999999999899357173e-01,1.006436526542891200e-11
9.999999999899356062e-01,1.006436526542891039e-11,9.999999999899357173e-01,1.006436526542891200e-11
9.999999999899356062e-01,1.006436526542891039e-11,9.999999999899357173e-01,1.006436526542891200e-11
9.999999999899356062e-01,1.006436526542891039e-11,9.999999999899357173e-01,1.006436526542891200e-11
9.999999999899356062e-01,1.006436526542891039e-11,9.999999999899357173e-01,1.006436526542891200e-11
9.999999999899356062e-01,1.006436526542891039e-11,9.999999999899357173e-01,1.006436526542891200e-11
9.999999999918550708e-01,8.144940324079871441e-12,9.999999999918550708e-01,8.144940324079873057e-12
9.999999999954056751e-01,4.594320500726418909e-12,9.999999999954056751e-01,4.594320500726419717e-12
9.999999999899356062e-01,1.006436526542891039e-11,9.999999999899356062e-01,1.006436526542891200e-11
9.999999999923986360e-01,7.601346801520209623e-12,9.999999999923986360e-01,7.601346801520211239e-12
9.999999999929860550e-01,7.013891618672186498e-12,9.999999999929861660e-01,7.013891618672187306e-12
9.999999999918550708e-01,8.144940324079871441e-12,9.999999999918550708e-01,8.144940324079869826e-12
9.999999999939095385e-01,6.090412875585010704e-12,9.999999999939095385e-01,6.090412875585010704e-12
9.999999999923986360e-01,7.601346801520209623e-12,9.999999999923986360e-01,7.601346801520209623e-12
9.999999999954550800e-01,4.544940010514135871e-12,9.999999999954550800e-01,4.544940010514135063e-12
9.999999999919976235e-01,8.002350202515633392e-12,9.999999999919976235e-01,8.002350202515633392e-12
9.999999999899356062e-01,1.006436526542891039e-11,9.999999999899356062e-01,1.006436526542891200e-11
9.999999999899356062e-01,1.006436526542891039e-11,9.999999999899357173e-01,1.006436526542891200e-11
9.999999999947278839e-01,5.272117414844185101e-12,9.999999999947278839e-01,5.272117414844184293e-12
9.999999999905299086e-01,9.470110775080668656e-12,9.999999999905299086e-01,9.470110775080670271e-12
9.999999999899356062e-01,1.006436526542891039e-11,9.999999999899357173e-01,1.006436526542891200e-11
9.999999999899356062e-01,1.006436526542891039e-11,9.999999999899357173e-01,1.006436526542891200e-11
9.999999999899356062e-01,1.006436526542891039e-11,9.999999999899357173e-01,1.006436526542891200e-11
9.999999999899356062e-01,1.006436526542891039e-11,9.999999999899357173e-01,1.006436526542891200e-11
9.999999999899356062e-01,1.006436526542891039e-11,9.999999999899357173e-01,1.006436526542891200e-11
9.999999999899356062e-01,1.006436526542891039e-11,9.999999999899357173e-01,1.006436526542891200e-11
9.999999999899356062e-01,1.006436526542891039e-11,9.999999999899357173e-01,1.006436526542891200e-11
9.999999999899356062e-01,1.006436526542891039e-11,9.999999999899357173e-01,1.006436526542891200e-11
9.999999999899356062e-01,1.006436526542891039e-11,9.999999999899357173e-01,1.006436526542891200e-11
9.999999999899356062e-01,1.006436526542891039e-11,9.999999999899357173e-01,1.006436526542891200e-11
9.999999999899356062e-01,1.006436526542891039e-11,9.999999999899357173e-01,1.006436526542891200e-11
9.999999999899356062e-01,1.006436526542891039e-11,9.999999999899357173e-01,1.006436526542891200e-11
9.999999999899356062e-01,1.006436526542891039e-11,9.999999999899357173e-01,1.006436526542891200e-11
9.999999999899356062e-01,1.006436526542891039e-11,9.999999999899357173e-01,1.006436526542891200e-11
9.999999999899356062e-01,1.006436526542891039e-11,9.999999999899357173e-01,1.006436526542891200e-11
9.999999999899356062e-01,1.006436526542891039e-11,9.999999999899357173e-01,1.006436526542891200e-11
9.999999999899356062e-01,1.006436526542891039e-11,9.999999999899357173e-01,1.006436526542891200e-11
9.999999999899356062e-01,1.006436526542891039e-11,9.999999999899357173e-01,1.006436526542891200e-11
9.999999999899356062e-01,1.006436526542891039e-11,9.999999999899357173e-01,1.006436526542891200e-11
9.999999999899356062e-01,1.006436526542891039e-11,9.999999999899357173e-01,1.006436526542891200e-11
9.999999999899356062e-01,1.006436526542891039e-11,9.999999999899357173e-01,1.006436526542891200e-11
9.999999999899356062e-01,1.006436526542891039e-11,9.999999999899357173e-01,1.006436526542891200e-11
9.999999999899356062e-01,1.006436526542891039e-11,9.999999999899357173e-01,1.006436526542891200e-11
9.999999999899356062e-01,1.006436526542891039e-11,9.999999999899357173e-01,1.006436526542891200e-11
9.999999999899356062e-01,1.006436526542891039e-11,9.999999999899357173e-01,1.006436526542891200e-11
9.999999999899356062e-01,1.006436526542891039e-11,9.999999999899357173e-01,1.006436526542891200e-11
9.999999999932954742e-01,6.704528808002745863e-12,9.999999999932954742e-01,6.704528808002745055e-12
9.999999999899356062e-01,1.006436526542891039e-11,9.999999999899357173e-01,1.006436526542891039e-11
9.999999999905299086e-01,9.470110775080668656e-12,9.999999999905299086e-01,9.470110775080670271e-12
9.999999999899356062e-01,1.006436526542891039e-11,9.999999999899357173e-01,1.006436526542891200e-11
9.999999999899356062e-01,1.006436526542891039e-11,9.999999999899357173e-01,1.006436526542891200e-11
9.999999999899356062e-01,1.006436526542891039e-11,9.999999999899357173e-01,1.006436526542891200e-11
9.999999999899356062e-01,1.006436526542891039e-11,9.999999999899357173e-01,1.006436526542891200e-11
9.999999999899356062e-01,1.006436526542891039e-11,9.999999999899357173e-01,1.006436526542891200e-11
9.999999999899356062e-01,1.006436526542891039e-11,9.999999999899357173e-01,1.006436526542891200e-11
9.999999999899356062e-01,1.006436526542891039e-11,9.999999999899357173e-01,1.006436526542891200e-11
9.999999999899356062e-01,1.006436526542891039e-11,9.999999999899357173e-01,1.006436526542891200e-11
9.999999999899356062e-01,1.006436526542891039e-11,9.999999999899357173e-01,1.006436526542891200e-11
9.999999999899356062e-01,1.006436526542891039e-11,9.999999999899357173e-01,1.006436526542891200e-11
9.999999999899356062e-01,1.006436526542891039e-11,9.999999999899357173e-01,1.006436526542891200e-11
9.999999999899356062e-01,1.006436526542891039e-11,9.999999999899357173e-01,1.006436526542891200e-11
9.999999999899356062e-01,1.006436526542891039e-11,9.999999999899357173e-01,1.006436526542891200e-11
9.999999999899356062e-01,1.006436526542891039e-11,9.999999999899357173e-01,1.006436526542891200e-11
9.999999999899356062e-01,1.006436526542891039e-11,9.999999999899357173e-01,1.006436526542891200e-11
9.999999999899356062e-01,1.006436526542891039e-11,9.999999999899357173e-01,1.006436526542891200e-11
9.999999999954932717e-01,4.506725468315050958e-12,9.999999999954932717e-01,4.506725468315050958e-12
9.999999999899356062e-01,1.006436526542891039e-11,9.999999999899356062e-01,1.006436526542891200e-11
9.999999999899356062e-01,1.006436526542891039e-11,9.999999999899357173e-01,1.006436526542891200e-11
9.999999999899356062e-01,1.006436526542891039e-11,9.999999999899357173e-01,1.006436526542891200e-11
9.999999999899356062e-01,1.006436526542891039e-11,9.999999999899357173e-01,1.006436526542891200e-11
9.999999999899356062e-01,1.006436526542891039e-11,9.999999999899357173e-01,1.006436526542891200e-11
9.999999999899356062e-01,1.006436526542891039e-11,9.999999999899357173e-01,1.006436526542891200e-11
9.999999999899356062e-01,1.006436526542891039e-11,9.999999999899357173e-01,1.006436526542891200e-11
9.999999999899356062e-01,1.006436526542891039e-11,9.999999999899357173e-01,1.006436526542891200e-11
9.999999999899356062e-01,1.006436526542891039e-11,9.999999999899357173e-01,1.006436526542891200e-11
9.999999999899356062e-01,1.006436526542891039e-11,9.999999999899357173e-01,1.006436526542891200e-11
9.999999999936636241e-01,6.336410936240908115e-12,9.999999999936636241e-01,6.336410936240908115e-12
9.999999999944562123e-01,5.543774189792760389e-12,9.999999999944562123e-01,5.543774189712087661e-12
9.999999999899356062e-01,1.006436526542891039e-11,9.999999999899357173e-01,1.006436526542891039e-11
9.999999999899356062e-01,1.006436526542891039e-11,9.999999999899357173e-01,1.006436526542891200e-11
9.999999999899356062e-01,1.006436526542891039e-11,9.999999999899357173e-01,1.006436526542891200e-11
9.999999999899356062e-01,1.006436526542891039e-11,9.999999999899357173e-01,1.006436526542891200e-11
9.999999999954932717e-01,4.506725468315050958e-12,9.999999999954932717e-01,4.506725468315050958e-12
9.999999999899356062e-01,1.006436526542891039e-11,9.999999999899356062e-01,1.006436526542891200e-11
9.999999999899356062e-01,1.006436526542891039e-11,9.999999999899357173e-01,1.006436526542891200e-11
9.999999999918550708e-01,8.144940324079871441e-12,9.999999999918550708e-01,8.144940324079873057e-12
9.999999999899356062e-01,1.006436526542891039e-11,9.999999999899357173e-01,1.006436526542891200e-11
9.999999999899356062e-01,1.006436526542891039e-11,9.999999999899357173e-01,1.006436526542891200e-11
9.999999999899356062e-01,1.006436526542891039e-11,9.999999999899357173e-01,1.006436526542891200e-11
9.999999999899356062e-01,1.006436526542891039e-11,9.999999999899357173e-01,1.006436526542891200e-11
9.999999999899356062e-01,1.006436526542891039e-11,9.999999999899357173e-01,1.006436526542891200e-11
9.999999999899356062e-01,1.006436526542891039e-11,9.999999999899357173e-01,1.006436526542891200e-11
9.999999999899356062e-01,1.006436526542891039e-11,9.999999999899357173e-01,1.006436526542891200e-11
9.999999999899356062e-01,1.006436526542891039e-11,9.999999999899357173e-01,1.006436526542891200e-11
9.999999999899356062e-01,1.006436526542891039e-11,9.999999999899357173e-01,1.006436526542891200e-11
9.999999999899356062e-01,1.006436526542891039e-11,9.999999999899357173e-01,1.006436526542891200e-11
9.999999999899356062e-01,1.006436526542891039e-11,9.999999999899357173e-01,1.006436526542891200e-11
9.999999999899356062e-01,1.006436526542891039e-11,9.999999999899357173e-01,1.006436526542891200e-11
9.999999999899356062e-01,1.006436526542891039e-11,9.999999999899357173e-01,1.006436526542891200e-11
9.999999999951034724e-01,4.896557034157856500e-12,9.999999999951034724e-01,4.896557034157856500e-12
9.999999999899356062e-01,1.006436526542891039e-11,9.999999999899356062e-01,1.006436526542891039e-11
9.999999999899356062e-01,1.006436526542891039e-11,9.999999999899357173e-01,1.006436526542891200e-11
9.999999999899356062e-01,1.006436526542891039e-11,9.999999999899357173e-01,1.006436526542891200e-11
9.999999999899356062e-01,1.006436526542891039e-11,9.999999999899357173e-01,1.006436526542891200e-11
9.999999999899356062e-01,1.006436526542891039e-11,9.999999999899357173e-01,1.006436526542891200e-11
9.999999999899356062e-01,1.006436526542891039e-11,9.999999999899357173e-01,1.006436526542891200e-11
9.999999999899356062e-01,1.006436526542891039e-11,9.999999999899357173e-01,1.006436526542891200e-11
9.999999999899356062e-01,1.006436526542891039e-11,9.999999999899357173e-01,1.006436526542891200e-11
9.999999999899356062e-01,1.006436526542891039e-11,9.999999999899357173e-01,1.006436526542891200e-11
9.999999999899356062e-01,1.006436526542891039e-11,9.999999999899357173e-01,1.006436526542891200e-11
9.999999999899356062e-01,1.006436526542891039e-11,9.999999999899357173e-01,1.006436526542891200e-11
9.999999999899356062e-01,1.006436526542891039e-11,9.999999999899357173e-01,1.006436526542891200e-11
9.999999999899356062e-01,1.006436526542891039e-11,9.999999999899357173e-01,1.006436526542891200e-11
9.999999999899356062e-01,1.006436526542891039e-11,9.999999999899357173e-01,1.006436526542891200e-11
9.999999999899356062e-01,1.006436526542891039e-11,9.999999999899357173e-01,1.006436526542891200e-11
9.999999999899356062e-01,1.006436526542891039e-11,9.999999999899357173e-01,1.006436526542891200e-11
9.999999999899356062e-01,1.006436526542891039e-11,9.999999999899357173e-01,1.006436526542891200e-11
9.999999999899356062e-01,1.006436526542891039e-11,9.999999999899357173e-01,1.006436526542891200e-11
9.999999999899356062e-01,1.006436526542891039e-11,9.999999999899357173e-01,1.006436526542891200e-11
9.999999999899356062e-01,1.006436526542891039e-11,9.999999999899357173e-01,1.006436526542891200e-11
9.999999999899356062e-01,1.006436526542891039e-11,9.999999999899357173e-01,1.006436526542891200e-11
9.999999999937111417e-01,6.288878759718944716e-12,9.999999999937111417e-01,6.288878759718944716e-12
9.999999999899356062e-01,1.006436526542891039e-11,9.999999999899356062e-01,1.006436526542891039e-11
9.999999999899356062e-01,1.006436526542891039e-11,9.999999999899357173e-01,1.006436526542891200e-11
9.999999999899356062e-01,1.006436526542891039e-11,9.999999999899357173e-01,1.006436526542891200e-11
9.999999999899356062e-01,1.006436526542891039e-11,9.999999999899357173e-01,1.006436526542891200e-11
9.999999999899356062e-01,1.006436526542891039e-11,9.999999999899357173e-01,1.006436526542891200e-11
9.999999999899356062e-01,1.006436526542891039e-11,9.999999999899357173e-01,1.006436526542891200e-11
9.999999999899356062e-01,1.006436526542891039e-11,9.999999999899357173e-01,1.006436526542891200e-11
9.999999999899356062e-01,1.006436526542891039e-11,9.999999999899357173e-01,1.006436526542891200e-11
9.999999999899356062e-01,1.006436526542891039e-11,9.999999999899357173e-01,1.006436526542891200e-11
9.999999999899356062e-01,1.006436526542891039e-11,9.999999999899357173e-01,1.006436526542891200e-11
9.999999999899356062e-01,1.006436526542891039e-11,9.999999999899357173e-01,1.006436526542891200e-11
9.999999999899356062e-01,1.006436526542891039e-11,9.999999999899357173e-01,1.006436526542891200e-11
9.999999999899356062e-01,1.006436526542891039e-11,9.999999999899357173e-01,1.006436526542891200e-11
9.999999999899356062e-01,1.006436526542891039e-11,9.999999999899357173e-01,1.006436526542891200e-11
9.999999999899356062e-01,1.006436526542891039e-11,9.999999999899357173e-01,1.006436526542891200e-11
9.999999999650964755e-01,3.490349648744018253e-11,9.999999999650964755e-01,3.490349648744018900e-11
9.999999999899356062e-01,1.006436526542891039e-11,9.999999999899357173e-01,1.006436526542891200e-11
9.999999999899356062e-01,1.006436526542891039e-11,9.999999999899357173e-01,1.006436526542891200e-11
9.999999999899356062e-01,1.006436526542891039e-11,9.999999999899357173e-01,1.006436526542891200e-11
9.999999999899356062e-01,1.006436526542891039e-11,9.999999999899357173e-01,1.006436526542891200e-11
9.999999999899356062e-01,1.006436526542891039e-11,9.999999999899357173e-01,1.006436526542891200e-11
9.999999999899356062e-01,1.006436526542891039e-11,9.999999999899357173e-01,1.006436526542891200e-11
9.999999999899356062e-01,1.006436526542891039e-11,9.999999999899357173e-01,1.006436526542891200e-11
9.999999999899356062e-01,1.006436526542891039e-11,9.999999999899357173e-01,1.006436526542891200e-11
9.999999999899356062e-01,1.006436526542891039e-11,9.999999999899357173e-01,1.006436526542891200e-11
9.999999999899356062e-01,1.006436526542891039e-11,9.999999999899357173e-01,1.006436526542891200e-11
9.999999999899356062e-01,1.006436526542891039e-11,9.999999999899357173e-01,1.006436526542891200e-11
9.999999999899356062e-01,1.006436526542891039e-11,9.999999999899357173e-01,1.006436526542891200e-11
9.999999999899356062e-01,1.006436526542891039e-11,9.999999999899357173e-01,1.006436526542891200e-11
9.999999999899356062e-01,1.006436526542891039e-11,9.999999999899357173e-01,1.006436526542891200e-11
9.999999999899356062e-01,1.006436526542891039e-11,9.999999999899357173e-01,1.006436526542891200e-11
9.999999999899356062e-01,1.006436526542891039e-11,9.999999999899357173e-01,1.006436526542891200e-11
9.999999999899356062e-01,1.006436526542891039e-11,9.999999999899357173e-01,1.006436526542891200e-11
9.999999999899356062e-01,1.006436526542891039e-11,9.999999999899357173e-01,1.006436526542891200e-11
9.999999999899356062e-01,1.006436526542891039e-11,9.999999999899357173e-01,1.006436526542891200e-11
9.999999999899356062e-01,1.006436526542891039e-11,9.999999999899357173e-01,1.006436526542891200e-11
9.999999999899356062e-01,1.006436526542891039e-11,9.999999999899357173e-01,1.006436526542891200e-11
9.999999999899356062e-01,1.006436526542891039e-11,9.999999999899357173e-01,1.006436526542891200e-11
9.999999999899356062e-01,1.006436526542891039e-11,9.999999999899357173e-01,1.006436526542891200e-11
9.999999999899356062e-01,1.006436526542891039e-11,9.999999999899357173e-01,1.006436526542891200e-11
9.999999999899356062e-01,1.006436526542891039e-11,9.999999999899357173e-01,1.006436526542891200e-11
9.999999999899356062e-01,1.006436526542891039e-11,9.999999999899357173e-01,1.006436526542891200e-11
9.999999999899356062e-01,1.006436526542891039e-11,9.999999999899357173e-01,1.006436526542891200e-11
9.999999999899356062e-01,1.006436526542891039e-11,9.999999999899357173e-01,1.006436526542891200e-11
9.999999999899356062e-01,1.006436526542891039e-11,9.999999999899357173e-01,1.006436526542891200e-11
9.999999999899356062e-01,1.006436526542891039e-11,9.999999999899357173e-01,1.006436526542891200e-11
9.999999999899356062e-01,1.006436526542891039e-11,9.999999999899357173e-01,1.006436526542891200e-11
9.999999999899356062e-01,1.006436526542891039e-11,9.999999999899357173e-01,1.006436526542891200e-11
9.999999999899356062e-01,1.006436526542891039e-11,9.999999999899357173e-01,1.006436526542891200e-11
9.999999999899356062e-01,1.006436526542891039e-11,9.999999999899357173e-01,1.006436526542891200e-11
9.999999999899356062e-01,1.006436526542891039e-11,9.999999999899357173e-01,1.006436526542891200e-11
9.999999999899356062e-01,1.006436526542891039e-11,9.999999999899357173e-01,1.006436526542891200e-11
9.999999999899356062e-01,1.006436526542891039e-11,9.999999999899357173e-01,1.006436526542891200e-11
9.999999999899356062e-01,1.006436526542891039e-11,9.999999999899357173e-01,1.006436526542891200e-11
9.999999999899356062e-01,1.006436526542891039e-11,9.999999999899357173e-01,1.006436526542891200e-11
9.999999999899356062e-01,1.006436526542891039e-11,9.999999999899357173e-01,1.006436526542891200e-11
9.999999999899356062e-01,1.006436526542891039e-11,9.999999999899357173e-01,1.006436526542891200e-11
9.999999999899356062e-01,1.006436526542891039e-11,9.999999999899357173e-01,1.006436526542891200e-11
9.999999999899356062e-01,1.006436526542891039e-11,9.999999999899357173e-01,1.006436526542891200e-11
9.999999999899356062e-01,1.006436526542891039e-11,9.999999999899357173e-01,1.006436526542891200e-11
9.999999999899356062e-01,1.006436526542891039e-11,9.999999999899357173e-01,1.006436526542891200e-11
9.999999999899356062e-01,1.006436526542891039e-11,9.999999999899357173e-01,1.006436526542891200e-11
9.999999999899356062e-01,1.006436526542891039e-11,9.999999999899357173e-01,1.006436526542891200e-11
9.999999999899356062e-01,1.006436526542891039e-11,9.999999999899357173e-01,1.006436526542891200e-11
9.999999999899356062e-01,1.006436526542891039e-11,9.999999999899357173e-01,1.006436526542891200e-11
9.999999999899356062e-01,1.006436526542891039e-11,9.999999999899357173e-01,1.006436526542891200e-11
9.999999999899356062e-01,1.006436526542891039e-11,9.999999999899357173e-01,1.006436526542891200e-11
9.999999999899356062e-01,1.006436526542891039e-11,9.999999999899357173e-01,1.006436526542891200e-11
9.999999999899356062e-01,1.006436526542891039e-11,9.999999999899357173e-01,1.006436526542891200e-11
9.999999999899356062e-01,1.006436526542891039e-11,9.999999999899357173e-01,1.006436526542891200e-11
9.999999999899356062e-01,1.006436526542891039e-11,9.999999999899357173e-01,1.006436526542891200e-11
9.999999999899356062e-01,1.006436526542891039e-11,9.999999999899357173e-01,1.006436526542891200e-11
9.999999999913983251e-01,8.601674835731829553e-12,9.999999999913984361e-01,8.601674835731831169e-12
9.999999999936636241e-01,6.336410936240908115e-12,9.999999999936636241e-01,6.336410936240908115e-12
9.999999999923419036e-01,7.658139894305021288e-12,9.999999999923419036e-01,7.658139894305021288e-12
9.999999999899356062e-01,1.006436526542891039e-11,9.999999999899356062e-01,1.006436526542891039e-11
9.999999999899356062e-01,1.006436526542891039e-11,9.999999999899357173e-01,1.006436526542891200e-11
9.999999999899356062e-01,1.006436526542891039e-11,9.999999999899357173e-01,1.006436526542891200e-11
9.999999999950521801e-01,4.947834189931316794e-12,9.999999999950520690e-01,4.947834189931316794e-12
9.999999999899356062e-01,1.006436526542891039e-11,9.999999999899357173e-01,1.006436526542891200e-11
9.999999999899356062e-01,1.006436526542891039e-11,9.999999999899357173e-01,1.006436526542891200e-11
9.999999999899356062e-01,1.006436526542891039e-11,9.999999999899357173e-01,1.006436526542891200e-11
9.999999999899356062e-01,1.006436526542891039e-11,9.999999999899357173e-01,1.006436526542891200e-11
9.999999999899356062e-01,1.006436526542891039e-11,9.999999999899357173e-01,1.006436526542891200e-11
9.999999999899356062e-01,1.006436526542891039e-11,9.999999999899357173e-01,1.006436526542891200e-11
9.999999999899356062e-01,1.006436526542891039e-11,9.999999999899357173e-01,1.006436526542891200e-11
9.999999999899356062e-01,1.006436526542891039e-11,9.999999999899357173e-01,1.006436526542891200e-11
9.999999999899356062e-01,1.006436526542891039e-11,9.999999999899357173e-01,1.006436526542891200e-11
9.999999999899356062e-01,1.006436526542891039e-11,9.999999999899357173e-01,1.006436526542891200e-11
9.999999999899356062e-01,1.006436526542891039e-11,9.999999999899357173e-01,1.006436526542891200e-11
9.999999999899356062e-01,1.006436526542891039e-11,9.999999999899357173e-01,1.006436526542891200e-11
9.999999999899356062e-01,1.006436526542891039e-11,9.999999999899357173e-01,1.006436526542891200e-11
9.999999999899356062e-01,1.006436526542891039e-11,9.999999999899357173e-01,1.006436526542891200e-11
9.999999999940604178e-01,5.939534100410236530e-12,9.999999999940604178e-01,5.939534100410235722e-12
9.999999999899356062e-01,1.006436526542891039e-11,9.999999999899356062e-01,1.006436526542891039e-11
9.999999999899356062e-01,1.006436526542891039e-11,9.999999999899357173e-01,1.006436526542891200e-11
9.999999999899356062e-01,1.006436526542891039e-11,9.999999999899357173e-01,1.006436526542891200e-11
9.999999999899356062e-01,1.006436526542891039e-11,9.999999999899357173e-01,1.006436526542891200e-11
9.999999999899356062e-01,1.006436526542891039e-11,9.999999999899357173e-01,1.006436526542891200e-11
9.999999999899356062e-01,1.006436526542891039e-11,9.999999999899357173e-01,1.006436526542891200e-11
9.999999999899356062e-01,1.006436526542891039e-11,9.999999999899357173e-01,1.006436526542891200e-11
9.999999999899356062e-01,1.006436526542891039e-11,9.999999999899357173e-01,1.006436526542891200e-11
9.999999999899356062e-01,1.006436526542891039e-11,9.999999999899357173e-01,1.006436526542891200e-11
9.999999999899356062e-01,1.006436526542891039e-11,9.999999999899357173e-01,1.006436526542891200e-11
9.999999999899356062e-01,1.006436526542891039e-11,9.999999999899357173e-01,1.006436526542891200e-11
9.999999999899356062e-01,1.006436526542891039e-11,9.999999999899357173e-01,1.006436526542891200e-11
9.999999999899356062e-01,1.006436526542891039e-11,9.999999999899357173e-01,1.006436526542891200e-11
9.999999999899356062e-01,1.006436526542891039e-11,9.999999999899357173e-01,1.006436526542891200e-11
9.999999999899356062e-01,1.006436526542891039e-11,9.999999999899357173e-01,1.006436526542891200e-11
9.999999999899356062e-01,1.006436526542891039e-11,9.999999999899357173e-01,1.006436526542891200e-11
9.999999999899356062e-01,1.006436526542891039e-11,9.999999999899357173e-01,1.006436526542891200e-11
9.999999999899356062e-01,1.006436526542891039e-11,9.999999999899357173e-01,1.006436526542891200e-11
9.999999999899356062e-01,1.006436526542891039e-11,9.999999999899357173e-01,1.006436526542891200e-11
9.999999999951034724e-01,4.896557034157856500e-12,9.999999999951034724e-01,4.896557034157856500e-12
9.999999999899356062e-01,1.006436526542891039e-11,9.999999999899356062e-01,1.006436526542891039e-11
9.999999999899356062e-01,1.006436526542891039e-11,9.999999999899357173e-01,1.006436526542891200e-11
9.999999999899356062e-01,1.006436526542891039e-11,9.999999999899357173e-01,1.006436526542891200e-11
9.999999999899356062e-01,1.006436526542891039e-11,9.999999999899357173e-01,1.006436526542891200e-11
9.999999999899356062e-01,1.006436526542891039e-11,9.999999999899357173e-01,1.006436526542891200e-11
9.999999999899356062e-01,1.006436526542891039e-11,9.999999999899357173e-01,1.006436526542891200e-11
9.999999999899356062e-01,1.006436526542891039e-11,9.999999999899357173e-01,1.006436526542891200e-11
9.999999999899356062e-01,1.006436526542891039e-11,9.999999999899357173e-01,1.006436526542891200e-11
9.999999999899356062e-01,1.006436526542891039e-11,9.999999999899357173e-01,1.006436526542891200e-11
9.999999999809391360e-01,1.906088483044513552e-11,9.999999999809390250e-01,1.906088483044513552e-11
9.999999999899356062e-01,1.006436526542891039e-11,9.999999999899357173e-01,1.006436526542891039e-11
9.999999999899356062e-01,1.006436526542891039e-11,9.999999999899357173e-01,1.006436526542891200e-11
9.999999999899356062e-01,1.006436526542891039e-11,9.999999999899357173e-01,1.006436526542891200e-11
9.999999999899356062e-01,1.006436526542891039e-11,9.999999999899357173e-01,1.006436526542891200e-11
9.999999999899356062e-01,1.006436526542891039e-11,9.999999999899357173e-01,1.006436526542891200e-11
9.999999999899356062e-01,1.006436526542891039e-11,9.999999999899357173e-01,1.006436526542891200e-11
9.999999999899356062e-01,1.006436526542891039e-11,9.999999999899357173e-01,1.006436526542891200e-11
9.999999999899356062e-01,1.006436526542891039e-11,9.999999999899357173e-01,1.006436526542891200e-11
9.999999999899356062e-01,1.006436526542891039e-11,9.999999999899357173e-01,1.006436526542891200e-11
9.999999999951034724e-01,4.896557034157856500e-12,9.999999999951034724e-01,4.896557034157856500e-12
9.999999999899356062e-01,1.006436526542891039e-11,9.999999999899356062e-01,1.006436526542891039e-11
9.999999999899356062e-01,1.006436526542891039e-11,9.999999999899357173e-01,1.006436526542891200e-11
9.999999999899356062e-01,1.006436526542891039e-11,9.999999999899357173e-01,1.006436526542891200e-11
9.999999999899356062e-01,1.006436526542891039e-11,9.999999999899357173e-01,1.006436526542891200e-11
9.999999999899356062e-01,1.006436526542891039e-11,9.999999999899357173e-01,1.006436526542891200e-11
9.999999999899356062e-01,1.006436526542891039e-11,9.999999999899357173e-01,1.006436526542891200e-11
9.999999999899356062e-01,1.006436526542891039e-11,9.999999999899357173e-01,1.006436526542891200e-11
9.999999999899356062e-01,1.006436526542891039e-11,9.999999999899357173e-01,1.006436526542891200e-11
9.999999999899356062e-01,1.006436526542891039e-11,9.999999999899357173e-01,1.006436526542891200e-11
9.999999999899356062e-01,1.006436526542891039e-11,9.999999999899357173e-01,1.006436526542891200e-11
9.999999999946544982e-01,5.345521493516060035e-12,9.999999999946544982e-01,5.345521493516059227e-12
9.999999999899356062e-01,1.006436526542891039e-11,9.999999999899357173e-01,1.006436526542891039e-11
9.999999999899356062e-01,1.006436526542891039e-11,9.999999999899357173e-01,1.006436526542891200e-11
9.999999999899356062e-01,1.006436526542891039e-11,9.999999999899357173e-01,1.006436526542891200e-11
9.999999999899356062e-01,1.006436526542891039e-11,9.999999999899357173e-01,1.006436526542891200e-11
9.999999999899356062e-01,1.006436526542891039e-11,9.999999999899357173e-01,1.006436526542891200e-11
9.999999999899356062e-01,1.006436526542891039e-11,9.999999999899357173e-01,1.006436526542891200e-11
9.999999999899356062e-01,1.006436526542891039e-11,9.999999999899357173e-01,1.006436526542891200e-11
9.999999999899356062e-01,1.006436526542891039e-11,9.999999999899357173e-01,1.006436526542891200e-11
9.999999999899356062e-01,1.006436526542891039e-11,9.999999999899357173e-01,1.006436526542891200e-11
9.999999999720921018e-01,2.790791985106789018e-11,9.999999999720919908e-01,2.790791985106789341e-11
9.999999999899356062e-01,1.006436526542891039e-11,9.999999999899356062e-01,1.006436526542891039e-11
9.999999999929860550e-01,7.013891618672186498e-12,9.999999999929861660e-01,7.013891618672187306e-12
9.999999999899356062e-01,1.006436526542891039e-11,9.999999999899356062e-01,1.006436526542891200e-11
9.999999999899356062e-01,1.006436526542891039e-11,9.999999999899357173e-01,1.006436526542891200e-11
9.999999999899356062e-01,1.006436526542891039e-11,9.999999999899357173e-01,1.006436526542891200e-11
9.999999999899356062e-01,1.006436526542891039e-11,9.999999999899357173e-01,1.006436526542891200e-11
9.999999999899356062e-01,1.006436526542891039e-11,9.999999999899357173e-01,1.006436526542891200e-11
9.999999999899356062e-01,1.006436526542891039e-11,9.999999999899357173e-01,1.006436526542891200e-11
9.999999999899356062e-01,1.006436526542891039e-11,9.999999999899357173e-01,1.006436526542891200e-11
9.999999999899356062e-01,1.006436526542891039e-11,9.999999999899357173e-01,1.006436526542891200e-11
9.999999999899356062e-01,1.006436526542891039e-11,9.999999999899357173e-01,1.006436526542891200e-11
9.999999999899356062e-01,1.006436526542891039e-11,9.999999999899357173e-01,1.006436526542891200e-11
9.999999999899356062e-01,1.006436526542891039e-11,9.999999999899357173e-01,1.006436526542891200e-11
9.999999999952163821e-01,4.783576318034136769e-12,9.999999999952164931e-01,4.783576318034136769e-12
9.999999999899356062e-01,1.006436526542891039e-11,9.999999999899356062e-01,1.006436526542891039e-11
9.999999999899356062e-01,1.006436526542891039e-11,9.999999999899357173e-01,1.006436526542891200e-11
9.999999999899356062e-01,1.006436526542891039e-11,9.999999999899357173e-01,1.006436526542891200e-11
9.999999999899356062e-01,1.006436526542891039e-11,9.999999999899357173e-01,1.006436526542891200e-11
9.999999999899356062e-01,1.006436526542891039e-11,9.999999999899357173e-01,1.006436526542891200e-11
9.999999999899356062e-01,1.006436526542891039e-11,9.999999999899357173e-01,1.006436526542891200e-11
9.999999999899356062e-01,1.006436526542891039e-11,9.999999999899357173e-01,1.006436526542891200e-11
9.999999999899356062e-01,1.006436526542891039e-11,9.999999999899357173e-01,1.006436526542891200e-11
9.999999999899356062e-01,1.006436526542891039e-11,9.999999999899357173e-01,1.006436526542891200e-11
9.999999999913983251e-01,8.601674835731829553e-12,9.999999999913984361e-01,8.601674835731831169e-12
9.999999999899356062e-01,1.006436526542891039e-11,9.999999999899357173e-01,1.006436526542891200e-11
9.999999999899356062e-01,1.006436526542891039e-11,9.999999999899357173e-01,1.006436526542891200e-11
9.999999999899356062e-01,1.006436526542891039e-11,9.999999999899357173e-01,1.006436526542891200e-11
9.999999999899356062e-01,1.006436526542891039e-11,9.999999999899357173e-01,1.006436526542891200e-11
9.999999999899356062e-01,1.006436526542891039e-11,9.999999999899357173e-01,1.006436526542891200e-11
9.999999999899356062e-01,1.006436526542891039e-11,9.999999999899357173e-01,1.006436526542891200e-11
9.999999999899356062e-01,1.006436526542891039e-11,9.999999999899357173e-01,1.006436526542891200e-11
9.999999999899356062e-01,1.006436526542891039e-11,9.999999999899357173e-01,1.006436526542891200e-11
9.999999999899356062e-01,1.006436526542891039e-11,9.999999999899357173e-01,1.006436526542891200e-11
9.999999999899356062e-01,1.006436526542891039e-11,9.999999999899357173e-01,1.006436526542891200e-11
9.999999999899356062e-01,1.006436526542891039e-11,9.999999999899357173e-01,1.006436526542891200e-11
9.999999999899356062e-01,1.006436526542891039e-11,9.999999999899357173e-01,1.006436526542891200e-11
9.999999999899356062e-01,1.006436526542891039e-11,9.999999999899357173e-01,1.006436526542891200e-11
9.999999999899356062e-01,1.006436526542891039e-11,9.999999999899357173e-01,1.006436526542891200e-11
9.999999999899356062e-01,1.006436526542891039e-11,9.999999999899357173e-01,1.006436526542891200e-11
9.999999999899356062e-01,1.006436526542891039e-11,9.999999999899357173e-01,1.006436526542891200e-11
9.999999999899356062e-01,1.006436526542891039e-11,9.999999999899357173e-01,1.006436526542891200e-11
9.999999999899356062e-01,1.006436526542891039e-11,9.999999999899357173e-01,1.006436526542891200e-11
9.999999999899356062e-01,1.006436526542891039e-11,9.999999999899357173e-01,1.006436526542891200e-11
9.999999999899356062e-01,1.006436526542891039e-11,9.999999999899357173e-01,1.006436526542891200e-11
9.999999999899356062e-01,1.006436526542891039e-11,9.999999999899357173e-01,1.006436526542891200e-11
9.999999999899356062e-01,1.006436526542891039e-11,9.999999999899357173e-01,1.006436526542891200e-11
9.999999999899356062e-01,1.006436526542891039e-11,9.999999999899357173e-01,1.006436526542891200e-11
9.999999999899356062e-01,1.006436526542891039e-11,9.999999999899357173e-01,1.006436526542891200e-11
9.999999999899356062e-01,1.006436526542891039e-11,9.999999999899357173e-01,1.006436526542891200e-11
9.999999999899356062e-01,1.006436526542891039e-11,9.999999999899357173e-01,1.006436526542891200e-11
9.999999999951999508e-01,4.800040420001612974e-12,9.999999999951999508e-01,4.800040420001613782e-12
9.999999999899356062e-01,1.006436526542891039e-11,9.999999999899356062e-01,1.006436526542891200e-11
9.999999999899356062e-01,1.006436526542891039e-11,9.999999999899357173e-01,1.006436526542891200e-11
9.999999999899356062e-01,1.006436526542891039e-11,9.999999999899357173e-01,1.006436526542891200e-11
9.999999999899356062e-01,1.006436526542891039e-11,9.999999999899357173e-01,1.006436526542891200e-11
9.999999999899356062e-01,1.006436526542891039e-11,9.999999999899357173e-01,1.006436526542891200e-11
9.999999999899356062e-01,1.006436526542891039e-11,9.999999999899357173e-01,1.006436526542891200e-11
9.999999999899356062e-01,1.006436526542891039e-11,9.999999999899357173e-01,1.006436526542891200e-11
9.999999999899356062e-01,1.006436526542891039e-11,9.999999999899357173e-01,1.006436526542891200e-11
9.999999999899356062e-01,1.006436526542891039e-11,9.999999999899357173e-01,1.006436526542891200e-11
9.999999999899356062e-01,1.006436526542891039e-11,9.999999999899357173e-01,1.006436526542891200e-11
9.999999999947278839e-01,5.272117414844185101e-12,9.999999999947278839e-01,5.272117414844184293e-12
9.999999999899356062e-01,1.006436526542891039e-11,9.999999999899356062e-01,1.006436526542891039e-11
9.999999999899356062e-01,1.006436526542891039e-11,9.999999999899357173e-01,1.006436526542891200e-11
9.999999999899356062e-01,1.006436526542891039e-11,9.999999999899357173e-01,1.006436526542891200e-11
9.999999999899356062e-01,1.006436526542891039e-11,9.999999999899357173e-01,1.006436526542891200e-11
9.999999999899356062e-01,1.006436526542891039e-11,9.999999999899357173e-01,1.006436526542891200e-11
9.999999999899356062e-01,1.006436526542891039e-11,9.999999999899357173e-01,1.006436526542891200e-11
9.999999999899356062e-01,1.006436526542891039e-11,9.999999999899357173e-01,1.006436526542891200e-11
9.999999999899356062e-01,1.006436526542891039e-11,9.999999999899357173e-01,1.006436526542891200e-11
9.999999999899356062e-01,1.006436526542891039e-11,9.999999999899357173e-01,1.006436526542891200e-11
9.999999999899356062e-01,1.006436526542891039e-11,9.999999999899357173e-01,1.006436526542891200e-11
9.999999999928261829e-01,7.173779663402245597e-12,9.999999999928262939e-01,7.173779663402246405e-12
9.999996165722054853e-01,3.834277945064683469e-07,9.999996165722054853e-01,3.834277945064682940e-07
9.999999999955236918e-01,4.476278123312817834e-12,9.999999999955236918e-01,4.476278123312817834e-12
9.999999999933919526e-01,6.607938860822675590e-12,9.999999999933920636e-01,6.607938860822676397e-12
9.999999999899356062e-01,1.006436526542891039e-11,9.999999999899356062e-01,1.006436526542891039e-11
9.999999999899356062e-01,1.006436526542891039e-11,9.999999999899357173e-01,1.006436526542891200e-11
9.999999999899356062e-01,1.006436526542891039e-11,9.999999999899357173e-01,1.006436526542891200e-11
9.999999999899356062e-01,1.006436526542891039e-11,9.999999999899357173e-01,1.006436526542891200e-11
9.999999999899356062e-01,1.006436526542891039e-11,9.999999999899357173e-01,1.006436526542891200e-11
9.999999999899356062e-01,1.006436526542891039e-11,9.999999999899357173e-01,1.006436526542891200e-11
9.999999999899356062e-01,1.006436526542891039e-11,9.999999999899357173e-01,1.006436526542891200e-11
9.999999999946544982e-01,5.345521493516060035e-12,9.999999999946544982e-01,5.345521493516059227e-12
9.999999999899356062e-01,1.006436526542891039e-11,9.999999999899357173e-01,1.006436526542891200e-11
9.999999999946250773e-01,5.374910414105836663e-12,9.999999999946250773e-01,5.374910414105837471e-12
9.999999999899356062e-01,1.006436526542891039e-11,9.999999999899357173e-01,1.006436526542891362e-11
9.999999999899356062e-01,1.006436526542891039e-11,9.999999999899357173e-01,1.006436526542891200e-11
9.999999999899356062e-01,1.006436526542891039e-11,9.999999999899357173e-01,1.006436526542891200e-11
9.999999999899356062e-01,1.006436526542891039e-11,9.999999999899357173e-01,1.006436526542891200e-11
9.999999999542145135e-01,4.578553539484803377e-11,9.999999999542144025e-01,4.578553539484802731e-11
9.999999999899356062e-01,1.006436526542891039e-11,9.999999999899356062e-01,1.006436526542891039e-11
9.999999999899356062e-01,1.006436526542891039e-11,9.999999999899357173e-01,1.006436526542891200e-11
9.999999999899356062e-01,1.006436526542891039e-11,9.999999999899357173e-01,1.006436526542891200e-11
9.999999999899356062e-01,1.006436526542891039e-11,9.999999999899357173e-01,1.006436526542891200e-11
9.999999999951034724e-01,4.896557034157856500e-12,9.999999999951034724e-01,4.896557034157856500e-12
9.999999999899356062e-01,1.006436526542891039e-11,9.999999999899356062e-01,1.006436526542891039e-11
9.999999999899356062e-01,1.006436526542891039e-11,9.999999999899357173e-01,1.006436526542891200e-11
9.999999999899356062e-01,1.006436526542891039e-11,9.999999999899357173e-01,1.006436526542891200e-11
9.999999999899356062e-01,1.006436526542891039e-11,9.999999999899357173e-01,1.006436526542891200e-11
9.999999999899356062e-01,1.006436526542891039e-11,9.999999999899357173e-01,1.006436526542891200e-11
9.999999999899356062e-01,1.006436526542891039e-11,9.999999999899357173e-01,1.006436526542891200e-11
9.999999999936636241e-01,6.336410936240908115e-12,9.999999999936636241e-01,6.336410936240908115e-12
9.999999999933919526e-01,6.607938860822675590e-12,9.999999999933920636e-01,6.607938860822676397e-12
9.999999999899356062e-01,1.006436526542891039e-11,9.999999999899356062e-01,1.006436526542891039e-11
9.999999998528751322e-01,1.471248556222005226e-10,9.999999998528751322e-01,1.471248556222005226e-10
9.999999999899356062e-01,1.006436526542891200e-11,9.999999999899354952e-01,1.006436526542891039e-11
9.999999999899356062e-01,1.006436526542891039e-11,9.999999999899357173e-01,1.006436526542891200e-11
9.999999999899356062e-01,1.006436526542891039e-11,9.999999999899357173e-01,1.006436526542891200e-11
9.999999999899356062e-01,1.006436526542891039e-11,9.999999999899357173e-01,1.006436526542891200e-11
9.999999999899356062e-01,1.006436526542891039e-11,9.999999999899357173e-01,1.006436526542891200e-11
9.999999999899356062e-01,1.006436526542891039e-11,9.999999999899357173e-01,1.006436526542891200e-11
9.999999999899356062e-01,1.006436526542891039e-11,9.999999999899357173e-01,1.006436526542891200e-11
9.999999999899356062e-01,1.006436526542891039e-11,9.999999999899357173e-01,1.006436526542891200e-11
9.999999999899356062e-01,1.006436526542891039e-11,9.999999999899357173e-01,1.006436526542891200e-11
9.999999999899356062e-01,1.006436526542891039e-11,9.999999999899357173e-01,1.006436526542891200e-11
9.999999999899356062e-01,1.006436526542891039e-11,9.999999999899357173e-01,1.006436526542891200e-11
9.999999999899356062e-01,1.006436526542891039e-11,9.999999999899357173e-01,1.006436526542891200e-11
9.999999999899356062e-01,1.006436526542891039e-11,9.999999999899357173e-01,1.006436526542891200e-11
9.999999999899356062e-01,1.006436526542891039e-11,9.999999999899357173e-01,1.006436526542891200e-11
9.999989299898902617e-01,1.070010109750505346e-06,9.999989299898901507e-01,1.070010109750505346e-06
9.999999999899356062e-01,1.006436526542891039e-11,9.999999999899356062e-01,1.006436526542891200e-11
9.999999999899356062e-01,1.006436526542891039e-11,9.999999999899357173e-01,1.006436526542891200e-11
9.999999999899356062e-01,1.006436526542891039e-11,9.999999999899357173e-01,1.006436526542891200e-11
9.999999999899356062e-01,1.006436526542891039e-11,9.999999999899357173e-01,1.006436526542891200e-11
9.999999999899356062e-01,1.006436526542891039e-11,9.999999999899357173e-01,1.006436526542891200e-11
9.999999999899356062e-01,1.006436526542891039e-11,9.999999999899357173e-01,1.006436526542891200e-11
9.999999999954136687e-01,4.586312181100670393e-12,9.999999999954136687e-01,4.586312181100670393e-12
9.999999999949931162e-01,5.006829722064406512e-12,9.999999999949931162e-01,5.006829722064406512e-12
9.999999999899356062e-01,1.006436526542891039e-11,9.999999999899357173e-01,1.006436526542891200e-11
9.999999999899356062e-01,1.006436526542891039e-11,9.999999999899357173e-01,1.006436526542891200e-11
9.898843270308416153e-01,1.011567296915838465e-02,9.898843270308416153e-01,1.011567296915838292e-02
9.898843270308416153e-01,1.011567296915838465e-02,9.898843270308416153e-01,1.011567296915838292e-02
9.898843270308416153e-01,1.011567296915838465e-02,9.898843270308416153e-01,1.011567296915838292e-02
9.898843270308416153e-01,1.011567296915838465e-02,9.898843270308416153e-01,1.011567296915838292e-02
9.898843270308416153e-01,1.011567296915838465e-02,9.898843270308416153e-01,1.011567296915838292e-02
9.898843270308416153e-01,1.011567296915838465e-02,9.898843270308416153e-01,1.011567296915838465e-02
9.898843270308416153e-01,1.011567296915838465e-02,9.898843270308416153e-01,1.011567296915838292e-02
9.898843270308416153e-01,1.011567296915838465e-02,9.898843270308416153e-01,1.011567296915838292e-02
9.898843270308416153e-01,1.011567296915838465e-02,9.898843270308416153e-01,1.011567296915838292e-02
9.898843270308416153e-01,1.011567296915838465e-02,9.898843270308416153e-01,1.011567296915838292e-02
9.898843270308416153e-01,1.011567296915838465e-02,9.898843270308416153e-01,1.011567296915838292e-02
9.898843270308416153e-01,1.011567296915838465e-02,9.898843270308416153e-01,1.011567296915838292e-02
9.898843270308416153e-01,1.011567296915838465e-02,9.898843270308416153e-01,1.011567296915838292e-02
9.898843270308416153e-01,1.011567296915838465e-02,9.898843270308416153e-01,1.011567296915838465e-02
9.898843270308416153e-01,1.011567296915838465e-02,9.898843270308416153e-01,1.011567296915838292e-02
9.898843270308416153e-01,1.011567296915838465e-02,9.898843270308416153e-01,1.011567296915838292e-02
9.898843270308416153e-01,1.011567296915838465e-02,9.898843270308416153e-01,1.011567296915838292e-02
9.898843270308416153e-01,1.011567296915838465e-02,9.898843270308416153e-01,1.011567296915838292e-02
9.898843270308416153e-01,1.011567296915838465e-02,9.898843270308416153e-01,1.011567296915838292e-02
9.898843270308416153e-01,1.011567296915838465e-02,9.898843270308416153e-01,1.011567296915838292e-02
9.898843270308416153e-01,1.011567296915838465e-02,9.898843270308416153e-01,1.011567296915838292e-02
9.898843270308416153e-01,1.011567296915838465e-02,9.898843270308416153e-01,1.011567296915838465e-02
9.898843270308416153e-01,1.011567296915838465e-02,9.898843270308416153e-01,1.011567296915838292e-02
9.898843270308416153e-01,1.011567296915838465e-02,9.898843270308416153e-01,1.011567296915838292e-02
9.898843270308416153e-01,1.011567296915838465e-02,9.898843270308416153e-01,1.011567296915838292e-02
9.898843270308416153e-01,1.011567296915838465e-02,9.898843270308416153e-01,1.011567296915838292e-02
9.898843270308416153e-01,1.011567296915838465e-02,9.898843270308416153e-01,1.011567296915838292e-02
9.898843270308416153e-01,1.011567296915838465e-02,9.898843270308416153e-01,1.011567296915838292e-02
9.898843270308416153e-01,1.011567296915838465e-02,9.898843270308416153e-01,1.011567296915838292e-02
9.898843270308416153e-01,1.011567296915838465e-02,9.898843270308416153e-01,1.011567296915838465e-02
9.999999999899356062e-01,1.006436526542891039e-11,9.999999999899357173e-01,1.006436526542891200e-11
9.999999999899356062e-01,1.006436526542891039e-11,9.999999999899357173e-01,1.006436526542891200e-11
9.999999999899356062e-01,1.006436526542891039e-11,9.999999999899357173e-01,1.006436526542891200e-11
9.999999999899356062e-01,1.006436526542891039e-11,9.999999999899357173e-01,1.006436526542891200e-11
9.999999999899356062e-01,1.006436526542891039e-11,9.999999999899357173e-01,1.006436526542891200e-11
9.352388814067828455e-59,1.000000000000000000e+00,9.352388814067830224e-59,1.000000000000000000e+00
8.282882430750889094e-39,1.000000000000000000e+00,8.282882430750889094e-39,1.000000000000000000e+00
9.525930786121502150e-64,1.000000000000000000e+00,9.525930786121500800e-64,1.000000000000000000e+00
4.600492363018045496e-46,1.000000000000000000e+00,4.600492363018045496e-46,1.000000000000000000e+00
3.118280795817127755e-12,9.999999999968817166e-01,3.118280795817128158e-12,9.999999999968818276e-01
4.109082433261002825e-50,1.000000000000000000e+00,4.109082433261003300e-50,1.000000000000000000e+00
4.238036665316928782e-09,9.999999957619633006e-01,4.238036665316929609e-09,9.999999957619634117e-01
9.452084402556010234e-01,5.479155974439892107e-02,9.452084402556010234e-01,5.479155974439891413e-02
9.998888664507017410e-01,1.111335492982466939e-04,9.998888664507017410e-01,1.111335492982466804e-04
4.238036665316929609e-09,9.999999957619634117e-01,4.238036665316928782e-09,9.999999957619633006e-01
9.999998453444800539e-01,1.546555199364883425e-07,9.999998453444800539e-01,1.546555199364883425e-07
9.999999998902970866e-01,1.097029182965418820e-10,9.999999998902971976e-01,1.097029182965418820e-10
9.999999999952163821e-01,4.783576318034135961e-12,9.999999999952164931e-01,4.783576318034135961e-12
9.999999999879028989e-01,1.209708840208108786e-11,9.999999999879030099e-01,1.209708840208108948e-11
9.999999999860557098e-01,1.394431753188148140e-11,9.999999999860557098e-01,1.394431753188148140e-11
9.999999999916409088e-01,8.359062569193290650e-12,9.999999999916409088e-01,8.359062569193292266e-12
9.999999999948926410e-01,5.107369090363359356e-12,9.999999999948925300e-01,5.107369090363358548e-12
9.999999997909720939e-01,2.090278510401575842e-10,9.999999997909720939e-01,2.090278510401576359e-10
9.999999997909720939e-01,2.090278510401575842e-10,9.999999997909722049e-01,2.090278510401576359e-10
9.999999978183631288e-01,2.181636925076387005e-09,9.999999978183630178e-01,2.181636925076386591e-09
9.999999999954614083e-01,4.538601109210477494e-12,9.999999999954612973e-01,4.538601109210476686e-12
9.999999999944562123e-01,5.543774189712087661e-12,9.999999999944562123e-01,5.543774189792759581e-12
9.999999999899356062e-01,1.006436526542891039e-11,9.999999999899357173e-01,1.006436526542891039e-11
9.999999999954979346e-01,4.502010443866528031e-12,9.999999999954980456e-01,4.502010443866528839e-12
9.999999999954056751e-01,4.594320500726418909e-12,9.999999999954056751e-01,4.594320500726419717e-12
9.999998453444800539e-01,1.546555199364883425e-07,9.999998453444799429e-01,1.546555199364883425e-07
9.452084402556011344e-01,5.479155974439892107e-02,9.452084402556011344e-01,5.479155974439891413e-02
3.205186936486595985e-05,9.999679481306351647e-01,3.205186936486595985e-05,9.999679481306351647e-01
4.238036665316928782e-09,9.999999957619633006e-01,4.238036665316928782e-09,9.999999957619633006e-01
1.204632648621563613e-17,1.000000000000000000e+00,1.204632648621563613e-17,1.000000000000000000e+00
2.660874160976113805e-54,1.000000000000000000e+00,2.660874160976113805e-54,1.000000000000000000e+00
1.204632648621563613e-17,1.000000000000000000e+00,1.204632648621563613e-17,1.000000000000000000e+00
9.999998795367496252e-01,1.204632503507599087e-07,9.999999998999999750e-11,9.999999998999999917e-01
5.000000000000000000e-01,5.000000000000000000e-01,9.999999998999999750e-11,9.999999998999999917e-01
5.000000000000000000e-01,5.000000000000000000e-01,9.438928158119736681e-16,9.999999999999991118e-01
1.132166966330561193e-114,1.000000000000000000e+00,1.132166966330561013e-114,1.000000000000000000e+00
1.000000000000000000e+00,1.132166966314085800e-104,7.272014977365151246e-172,1.000000000000000000e+00
1.000000000000000000e+00,7.272014977470971914e-162,2.372532378696426706e-158,1.000000000000000000e+00
1.000000000000000000e+00,2.372532378696426503e-148,3.836517063288619153e-262,1.000000000000000000e+00
1.000000000000000000e+00,3.836517063288619233e-252,2.145563631389949658e-175,1.000000000000000000e+00
1.000000000000000000e+00,3.094424882895809074e-29,2.061375554478385656e-301,1.000000000000000000e+00
2.145563631389949649e-165,1.000000000000000000e+00,6.045497239980972800e-108,1.000000000000000000e+00
6.508554717770752254e-69,1.000000000000000000e+00,6.508554717770752254e-69,1.000000000000000000e+00
9.352388814067828455e-59,1.000000000000000000e+00,9.352388814067828455e-59,1.000000000000000000e+00
7.552308208795005515e-14,9.999999999999245048e-01,7.552308208795004252e-14,9.999999999999245048e-01
1.024093259736573733e-07,9.999998975906739807e-01,1.024093259736573601e-07,9.999998975906739807e-01
4.237959541171851382e-04,9.995762040458828768e-01,4.237959541171850840e-04,9.995762040458827657e-01
4.237959541171851382e-04,9.995762040458828768e-01,4.237959541171850298e-04,9.995762040458827657e-01
9.438928158119736681e-16,9.999999999999991118e-01,9.438928158119736681e-16,9.999999999999991118e-01
1.024093259736573733e-07,9.999998975906740917e-01,1.024093259736573601e-07,9.999998975906739807e-01
4.237959541171851382e-04,9.995762040458828768e-01,4.237959541171850840e-04,9.995762040458827657e-01
1.909432868991553385e-06,9.999980905671310705e-01,1.909432868991552961e-06,9.999980905671309594e-01
3.118280795817127755e-12,9.999999999968817166e-01,3.118280795817127755e-12,9.999999999968817166e-01
4.701494535366163713e-02,9.529850546463384253e-01,4.701494535366163019e-02,9.529850546463383143e-01
1.807898221891493712e-35,1.000000000000000000e+00,1.807898221891493712e-35,1.000000000000000000e+00
3.205186878792775696e-05,9.999679481312120366e-01,3.205186878792775696e-05,9.999679481312121476e-01
7.504350208465186376e-111,1.000000000000000000e+00,4.167442041874185348e-113,1.000000000000000000e+00
1.509821587255917904e-195,1.000000000000000000e+00,1.115581170295802572e-295,1.000000000000000000e+00
7.058185088943939867e-02,9.294181491105605319e-01,7.171004187937926044e-01,2.828995812062073956e-01
9.999999978183630178e-01,2.181636925076386178e-09,9.999999978183630178e-01,2.181636925076386178e-09
3.205186936486595307e-05,9.999679481306351647e-01,3.205186936486595985e-05,9.999679481306351647e-01
7.552308208795005515e-14,9.999999999999245048e-01,7.552308208795005515e-14,9.999999999999245048e-01
9.999999999946544982e-01,5.345521493516060035e-12,9.999999999946544982e-01,5.345521493516059227e-12
9.999999999905299086e-01,9.470110775080668656e-12,9.999999999905299086e-01,9.470110775080668656e-12
9.999999999905299086e-01,9.470110775080668656e-12,9.999999999905299086e-01,9.470110775080668656e-12
9.999999999953544938e-01,4.645487461534250054e-12,9.999999999953543828e-01,4.645487461534250054e-12
9.999999999899356062e-01,1.006436526542891039e-11,9.999999999899354952e-01,1.006436526542890877e-11
9.999999999899356062e-01,1.006436526542891039e-11,9.999999999899357173e-01,1.006436526542891200e-11
9.999989299898902617e-01,1.070010109750505346e-06,9.999989299898901507e-01,1.070010109750505134e-06
9.887602347579522721e-01,1.123976524204770185e-02,9.887602347579521611e-01,1.123976524204770185e-02
9.999999998902970866e-01,1.097029182965418691e-10,9.999999998902970866e-01,1.097029182965418691e-10
9.999999698367983969e-01,3.016320162172290927e-08,9.999999698367983969e-01,3.016320162172290927e-08
9.999999987502280474e-01,1.249771974258892417e-09,9.999999987502280474e-01,1.249771974258892417e-09
9.999999999542145135e-01,4.578553539484803377e-11,9.999999999542145135e-01,4.578553539484802084e-11
9.999971298270136089e-01,2.870172986448142379e-06,9.999971298270134978e-01,2.870172986448142379e-06
9.999999999773966364e-01,2.260333082473759073e-11,9.999999999773966364e-01,2.260333082473759073e-11
9.999999960903752649e-01,3.909624719461175298e-09,9.999999960903752649e-01,3.909624719461174470e-09
2.800694639690159971e-01,7.199305360309840029e-01,2.800694639690160526e-01,7.199305360309840029e-01
9.999999352164863353e-01,6.478351360390026586e-08,9.999999352164863353e-01,6.478351360390026586e-08
9.999999999916409088e-01,8.359062569193292266e-12,9.999999999916409088e-01,8.359062569193292266e-12
9.999999999899356062e-01,1.006436526542891039e-11,9.999999999899356062e-01,1.006436526542891039e-11
9.999999999929860550e-01,7.013891618672186498e-12,9.999999999929861660e-01,7.013891618672187306e-12
9.999999999946544982e-01,5.345521493516059227e-12,9.999999999946544982e-01,5.345521493516059227e-12
9.999999999952835505e-01,4.716556624748107670e-12,9.999999999952833285e-01,4.716556624748106862e-12
9.999999999928261829e-01,7.173779663402244790e-12,9.999999999928262939e-01,7.173779663402246405e-12
9.999999999947277729e-01,5.272117414844184293e-12,9.999999999947278839e-01,5.272117414844185909e-12
9.999999999773966364e-01,2.260333082473759073e-11,9.999999999773966364e-01,2.260333082473759073e-11
9.999912770566485865e-01,8.722943351413754606e-06,9.999912770566485865e-01,8.722943351413752912e-06
9.999999999950521801e-01,4.947834189931316794e-12,9.999999999950521801e-01,4.947834189931316794e-12
4.237959541171850298e-04,9.995762040458827657e-01,4.237959541171850298e-04,9.995762040458827657e-01
9.999999845245972629e-01,1.547540266019399660e-08,9.999999845245973740e-01,1.547540266019399991e-08
9.999996165722054853e-01,3.834277945064682940e-07,9.999996165722055963e-01,3.834277945064683469e-07
9.999999999955387908e-01,4.461220696038503050e-12,9.999999999955389018e-01,4.461220696038503050e-12
9.999999998528752432e-01,1.471248556222005485e-10,9.999999998528751322e-01,1.471248556222005485e-10
9.999999999930926364e-01,6.907402739801235646e-12,9.999999999930926364e-01,6.907402739801234838e-12
9.999999698367983969e-01,3.016320162172291589e-08,9.999999698367982859e-01,3.016320162172290927e-08
9.999999999942015272e-01,5.798478635471038006e-12,9.999999999942015272e-01,5.798478635471038006e-12
9.999999999928261829e-01,7.173779663402244790e-12,9.999999999928261829e-01,7.173779663402245597e-12
1.909432868991553385e-06,9.999980905671310705e-01,1.909432868991552961e-06,9.999980905671309594e-01
9.999999987502280474e-01,1.249771974258892210e-09,9.999999987502280474e-01,1.249771974258892210e-09
5.075134280436590858e-03,9.949248657195634005e-01,5.075134280436590858e-03,9.949248657195634005e-01
9.999999992258554737e-01,7.741444924958627337e-10,9.999999992258555848e-01,7.741444924958627337e-10
9.999999698367983969e-01,3.016320162172290927e-08,9.999999698367983969e-01,3.016320162172290927e-08
9.887602347579523832e-01,1.123976524204770358e-02,9.887602347579522721e-01,1.123976524204770358e-02
9.999999997909720939e-01,2.090278510401576101e-10,9.999999997909720939e-01,2.090278510401576101e-10
9.999999996834015858e-01,3.165983998578619668e-10,9.999999996834015858e-01,3.165983998578619668e-10
9.887602347579522721e-01,1.123976524204770185e-02,9.887602347579522721e-01,1.123976524204770185e-02
9.999999999203141865e-01,7.968584051111353135e-11,9.999999999203141865e-01,7.968584051111351842e-11
9.352388814067828455e-59,1.000000000000000000e+00,9.352388814067828455e-59,1.000000000000000000e+00
9.999999999650965865e-01,3.490349648744018900e-11,9.999999999650965865e-01,3.490349648744018900e-11
9.999999698367983969e-01,3.016320162172290927e-08,9.999999698367983969e-01,3.016320162172290927e-08
9.887602347579523832e-01,1.123976524204770358e-02,9.887602347579522721e-01,1.123976524204770358e-02
5.646231525212654172e-22,1.000000000000000000e+00,5.646231525212654172e-22,1.000000000000000000e+00
9.999999978183631288e-01,2.181636925076386591e-09,9.999999978183631288e-01,2.181636925076386591e-09
9.999999999860557098e-01,1.394431753188147979e-11,9.999999999860555988e-01,1.394431753188147979e-11
4.237959541171851382e-04,9.995762040458827657e-01,4.237959541171850840e-04,9.995762040458827657e-01
5.075134280436589991e-03,9.949248657195634005e-01,5.075134280436590858e-03,9.949248657195634005e-01
9.995273477505109971e-01,4.726522494890491579e-04,9.995273477505109971e-01,4.726522494890491037e-04
6.877579828510610159e-27,1.000000000000000000e+00,6.877579828510608724e-27,1.000000000000000000e+00
9.995273477505109971e-01,4.726522494890490495e-04,9.995273477505109971e-01,4.726522494890490495e-04
5.075134280436589991e-03,9.949248657195634005e-01,5.075134280436590858e-03,9.949248657195634005e-01
2.142316050022731146e-165,1.000000000000000000e+00,2.142316050022731146e-165,1.000000000000000000e+00
9.999971298270134978e-01,2.870172986448141955e-06,9.999971298270136089e-01,2.870172986448141955e-06
9.999998453444800539e-01,1.546555199364883425e-07,9.999998453444800539e-01,1.546555199364883425e-07
9.995273477505108861e-01,4.726522494890489953e-04,9.995273477505108861e-01,4.726522494890490495e-04
7.552308208795004252e-14,9.999999999999245048e-01,7.552308208795005515e-14,9.999999999999245048e-01
1.280513414429709305e-29,1.000000000000000000e+00,1.280513414429709305e-29,1.000000000000000000e+00
9.999999999542145135e-01,4.578553539484803377e-11,9.999999999542144025e-01,4.578553539484802731e-11
9.999999978183631288e-01,2.181636925076386591e-09,9.999999978183630178e-01,2.181636925076386591e-09
9.999999999953544938e-01,4.645487461534250861e-12,9.999999999953546048e-01,4.645487461534250861e-12
9.999999998528752432e-01,1.471248556222005485e-10,9.999999998528751322e-01,1.471248556222005226e-10
9.995273477505109971e-01,4.726522494890491037e-04,9.995273477505108861e-01,4.726522494890491037e-04
9.999999997909720939e-01,2.090278510401576101e-10,9.999999997909720939e-01,2.090278510401576101e-10
9.999999997909720939e-01,2.090278510401575842e-10,9.999999997909722049e-01,2.090278510401576359e-10
9.999999999955432317e-01,4.456731138890891663e-12,9.999999999955432317e-01,4.456731138890891663e-12
9.999999996834015858e-01,3.165983998578619151e-10,9.999999996834015858e-01,3.165983998578619668e-10
9.999912770566485865e-01,8.722943351413752912e-06,9.999912770566485865e-01,8.722943351413752912e-06
9.999998453444800539e-01,1.546555199364883425e-07,9.999998453444799429e-01,1.546555199364883160e-07
9.999989299898902617e-01,1.070010109750505134e-06,9.999989299898902617e-01,1.070010109750505346e-06
9.999999999933496531e-01,6.650344746665163633e-12,9.999999999933496531e-01,6.650344746665163633e-12
9.999999999860557098e-01,1.394431753188147979e-11,9.999999999860557098e-01,1.394431753188147979e-11
9.999696545150293936e-01,3.034548497055940993e-05,9.999696545150293936e-01,3.034548497055941671e-05
7.171004187937926044e-01,2.828995812062073956e-01,7.171004187937926044e-01,2.828995812062073956e-01
9.887602347579522721e-01,1.123976524204770358e-02,9.887602347579522721e-01,1.123976524204770185e-02
9.999999999203141865e-01,7.968584051111353135e-11,9.999999999203141865e-01,7.968584051111351842e-11
5.075134280436589991e-03,9.949248657195634005e-01,5.075134280436589991e-03,9.949248657195634005e-01
9.999999999932954742e-01,6.704528808002746671e-12,9.999999999932954742e-01,6.704528808002745863e-12
9.999999999954980456e-01,4.502010443866528839e-12,9.999999999954979346e-01,4.502010443866528839e-12
9.999999698367983969e-01,3.016320162172291589e-08,9.999999698367983969e-01,3.016320162172290927e-08
9.999971298270134978e-01,2.870172986448141955e-06,9.999971298270136089e-01,2.870172986448142379e-06
9.999999923441931227e-01,7.655806880270847897e-09,9.999999923441930116e-01,7.655806880270847897e-09
9.999999999894058078e-01,1.059421469870005238e-11,9.999999999894058078e-01,1.059421469870005238e-11
9.999999978183631288e-01,2.181636925076386591e-09,9.999999978183630178e-01,2.181636925076386178e-09
9.999999999951999508e-01,4.800040420001612974e-12,9.999999999951998397e-01,4.800040420001613782e-12
9.999999999946544982e-01,5.345521493516059227e-12,9.999999999946544982e-01,5.345521493516060035e-12
9.999999999949931162e-01,5.006829722064406512e-12,9.999999999949932272e-01,5.006829722064406512e-12
9.999971298270136089e-01,2.870172986448141955e-06,9.999971298270136089e-01,2.870172986448141955e-06
9.999999992258554737e-01,7.741444924958627337e-10,9.999999992258554737e-01,7.741444924958627337e-10
9.999999999948926410e-01,5.107369090363359356e-12,9.999999999948926410e-01,5.107369090363359356e-12
9.999999845245973740e-01,1.547540266019399660e-08,9.999999845245973740e-01,1.547540266019399660e-08
9.995273477505108861e-01,4.726522494890490495e-04,9.995273477505109971e-01,4.726522494890491579e-04
9.999999999955236918e-01,4.476278123312817834e-12,9.999999999955236918e-01,4.476278123312817834e-12
9.999999999837736464e-01,1.622624383813330241e-11,9.999999999837736464e-01,1.622624383813330241e-11
9.999999999926451055e-01,7.354885590984435982e-12,9.999999999926449945e-01,7.354885590984434367e-12
9.999999698367983969e-01,3.016320162172290927e-08,9.999999698367983969e-01,3.016320162172291589e-08
9.999999999950521801e-01,4.947834189931316794e-12,9.999999999950521801e-01,4.947834189931316794e-12
9.999999999932953632e-01,6.704528808002745055e-12,9.999999999932954742e-01,6.704528808002745863e-12
9.999999996834015858e-01,3.165983998578619151e-10,9.999999996834015858e-01,3.165983998578619151e-10
9.999999999932954742e-01,6.704528808002745863e-12,9.999999999932954742e-01,6.704528808002745055e-12
9.999998453444800539e-01,1.546555199364883425e-07,9.999998453444801649e-01,1.546555199364883425e-07
9.999971298270136089e-01,2.870172986448142379e-06,9.999971298270134978e-01,2.870172986448141955e-06
9.999999995101670480e-01,4.898329619760417416e-10,9.999999995101670480e-01,4.898329619760417416e-10
9.999999923441931227e-01,7.655806880270847897e-09,9.999999923441932337e-01,7.655806880270847897e-09
9.999999999720921018e-01,2.790791985106789341e-11,9.999999999720921018e-01,2.790791985106789018e-11
3.205186936486595307e-05,9.999679481306351647e-01,3.205186936486595307e-05,9.999679481306350537e-01
9.999999998902970866e-01,1.097029182965418820e-10,9.999999998902970866e-01,1.097029182965418820e-10
9.999999999906338255e-01,9.366147881026150527e-12,9.999999999906339365e-01,9.366147881026150527e-12
9.999999999837737574e-01,1.622624383813330564e-11,9.999999999837738685e-01,1.622624383813330564e-11
9.999999999928261829e-01,7.173779663402245597e-12,9.999999999928262939e-01,7.173779663402244790e-12
9.999999999899356062e-01,1.006436526542891039e-11,9.999999999899356062e-01,1.006436526542891039e-11
9.999999999954979346e-01,4.502010443866528031e-12,9.999999999954980456e-01,4.502010443866528839e-12
9.999999999943958162e-01,5.604174516143138606e-12,9.999999999943959272e-01,5.604174516143139414e-12
9.999999999953217422e-01,4.678158430787976849e-12,9.999999999953218532e-01,4.678158430787976849e-12
9.999999999879028989e-01,1.209708840208108786e-11,9.999999999879028989e-01,1.209708840208108786e-11
9.999999999952163821e-01,4.783576318034136769e-12,9.999999999952164931e-01,4.783576318034136769e-12
9.999999999944297890e-01,5.570273398599799102e-12,9.999999999944296780e-01,5.570273398599799102e-12
7.552308208795004252e-14,9.999999999999245048e-01,7.552308208795004252e-14,9.999999999999243938e-01
4.500959010898249020e-134,1.000000000000000000e+00,4.500959010898248043e-134,1.000000000000000000e+00
9.999999923441931227e-01,7.655806880270847897e-09,9.999999923441931227e-01,7.655806880270847897e-09
3.970181747267378241e-44,1.000000000000000000e+00,3.970181747267378241e-44,1.000000000000000000e+00
1.000000000000000000e+00,3.970181747267377692e-34,9.999999998999999750e-11,9.999999998999999917e-01
5.000000000000000000e-01,5.000000000000000000e-01,9.999999998999999750e-11,9.999999998999999917e-01
5.000000000000000000e-01,5.000000000000000000e-01,1.747152135324886664e-100,1.000000000000000000e+00
1.000000000000000000e+00,1.747152135324886579e-90,1.719949786814784770e-263,1.000000000000000000e+00
1.000000000000000000e+00,1.719949786814784854e-253,9.999999998999999750e-11,9.999999998999999917e-01
5.000000000000000000e-01,5.000000000000000000e-01,3.131119161062443883e-270,1.000000000000000000e+00
1.000000000000000000e+00,3.131119161062443747e-260,9.999999998999999750e-11,9.999999998999999917e-01
5.000000000000000000e-01,5.000000000000000000e-01,2.142316050022731146e-165,1.000000000000000000e+00
4.701494535366163713e-02,9.529850546463384253e-01,4.701494535366163019e-02,9.529850546463383143e-01
9.999989299898902617e-01,1.070010109750505346e-06,9.999989299898902617e-01,1.070010109750505346e-06
2.165113646021421278e-74,1.000000000000000000e+00,2.165113646021421278e-74,1.000000000000000000e+00
2.165113646021420885e-74,1.000000000000000000e+00,2.165113646021421278e-74,1.000000000000000000e+00
9.999998453444800539e-01,1.546555199364883690e-07,9.999998453444800539e-01,1.546555199364883425e-07
1.280513414429709305e-29,1.000000000000000000e+00,1.280513414429709305e-29,1.000000000000000000e+00
9.999998453444800539e-01,1.546555199364883160e-07,9.999998453444800539e-01,1.546555199364883425e-07
9.999999978183631288e-01,2.181636925076386591e-09,9.999999978183631288e-01,2.181636925076387005e-09
1.024093259736573601e-07,9.999998975906739807e-01,1.024093259736573866e-07,9.999998975906740917e-01
9.999999845245973740e-01,1.547540266019399660e-08,9.999999845245973740e-01,1.547540266019399660e-08
9.999999698367983969e-01,3.016320162172291589e-08,9.999999698367983969e-01,3.016320162172291589e-08
9.999999992258555848e-01,7.741444924958627337e-10,9.999999992258555848e-01,7.741444924958627337e-10
9.978702591859329729e-01,2.129740814067047038e-03,9.978702591859329729e-01,2.129740814067047471e-03
9.887602347579522721e-01,1.123976524204770358e-02,9.887602347579522721e-01,1.123976524204770185e-02
1.911837754375327127e-32,1.000000000000000000e+00,1.911837754375326853e-32,1.000000000000000000e+00
2.800694639690159971e-01,7.199305360309840029e-01,2.800694639690159971e-01,7.199305360309838919e-01
9.999999999955433427e-01,4.456731138890891663e-12,9.999999999955432317e-01,4.456731138890891663e-12
7.171004187937926044e-01,2.828995812062073956e-01,7.171004187937926044e-01,2.828995812062073956e-01
9.999996165722054853e-01,3.834277945064683469e-07,9.999996165722053743e-01,3.834277945064682940e-07
9.999999960903752649e-01,3.909624719461175298e-09,9.999999960903752649e-01,3.909624719461174470e-09
4.238036665316928782e-09,9.999999957619633006e-01,4.238036665316929609e-09,9.999999957619633006e-01
9.438928158119736681e-16,9.999999999999990008e-01,9.438928158119734709e-16,9.999999999999990008e-01
9.887602347579523832e-01,1.123976524204770358e-02,9.887602347579522721e-01,1.123976524204770358e-02
9.999999999954136687e-01,4.586312181100670393e-12,9.999999999954136687e-01,4.586312181100670393e-12
4.109082433261003300e-50,1.000000000000000000e+00,4.109082433261003775e-50,1.000000000000000000e+00
1.000000000000000000e+00,4.109082433320797823e-40,9.999999998999999750e-11,9.999999998999999917e-01
5.000000000000000000e-01,5.000000000000000000e-01,9.999999998999999750e-11,9.999999998999999917e-01
5.000000000000000000e-01,5.000000000000000000e-01,9.452084402556010234e-01,5.479155974439891413e-02
9.999999960903752649e-01,3.909624719461174470e-09,9.999999960903752649e-01,3.909624719461174470e-09
9.999999999952834395e-01,4.716556624748106862e-12,9.999999999952833285e-01,4.716556624748106862e-12
9.999999999955386798e-01,4.461220696038502242e-12,9.999999999955387908e-01,4.461220696038503858e-12
9.999999999879028989e-01,1.209708840208108786e-11,9.999999999879028989e-01,1.209708840208108786e-11
9.999999999922692950e-01,7.730700947268789679e-12,9.999999999922694061e-01,7.730700947268789679e-12
9.999999999905299086e-01,9.470110775080668656e-12,9.999999999905299086e-01,9.470110775080668656e-12
9.999999999905299086e-01,9.470110775080668656e-12,9.999999999905299086e-01,9.470110775080668656e-12
9.999999999915555327e-01,8.444435846311211020e-12,9.999999999915555327e-01,8.444435846311212636e-12
9.999999999899356062e-01,1.006436526542891039e-11,9.999999999899356062e-01,1.006436526542891200e-11
9.999999999809391360e-01,1.906088483044513552e-11,9.999999999809390250e-01,1.906088483044513552e-11
9.999999999955387908e-01,4.461220696038503050e-12,9.999999999955387908e-01,4.461220696038503858e-12
9.999999999955386798e-01,4.461220696038502242e-12,9.999999999955387908e-01,4.461220696038503050e-12
9.999999999837736464e-01,1.622624383813330241e-11,9.999999999837737574e-01,1.622624383813330564e-11
9.999999999953544938e-01,4.645487461534250054e-12,9.999999999953543828e-01,4.645487461534250861e-12
9.999999999899356062e-01,1.006436526542891039e-11,9.999999999899354952e-01,1.006436526542891039e-11
9.999999998902970866e-01,1.097029182965418691e-10,9.999999998902970866e-01,1.097029182965418691e-10
9.999999999946544982e-01,5.345521493516059227e-12,9.999999999946544982e-01,5.345521493516059227e-12
9.999999999953217422e-01,4.678158430787976849e-12,9.999999999953218532e-01,4.678158430787977657e-12
9.999999995101670480e-01,4.898329619760417416e-10,9.999999995101669370e-01,4.898329619760417416e-10
9.999996165722054853e-01,3.834277945064683469e-07,9.999996165722055963e-01,3.834277945064683999e-07
9.999999999941007189e-01,5.899290110926179492e-12,9.999999999941007189e-01,5.899290110926179492e-12
9.999999999952835505e-01,4.716556624748107670e-12,9.999999999952834395e-01,4.716556624748106862e-12
9.999999999899356062e-01,1.006436526542891039e-11,9.999999999899356062e-01,1.006436526542891200e-11
9.999999999899356062e-01,1.006436526542891039e-11,9.999999999899357173e-01,1.006436526542891200e-11
9.999999997909720939e-01,2.090278510401576101e-10,9.999999997909722049e-01,2.090278510401576359e-10
1.280513414429709305e-29,1.000000000000000000e+00,1.280513414429709586e-29,1.000000000000000000e+00
9.999999999946543872e-01,5.345521493516059227e-12,9.999999999946544982e-01,5.345521493516059227e-12
9.999999999899356062e-01,1.006436526542891039e-11,9.999999999899357173e-01,1.006436526542891039e-11
9.999999998902970866e-01,1.097029182965418691e-10,9.999999998902970866e-01,1.097029182965418691e-10
9.999999999949116258e-01,5.088395614210015273e-12,9.999999999949115148e-01,5.088395614210014465e-12
9.999999987502280474e-01,1.249771974258892210e-09,9.999999987502280474e-01,1.249771974258892417e-09
9.999999996834015858e-01,3.165983998578619668e-10,9.999999996834015858e-01,3.165983998578619668e-10
9.999989299898902617e-01,1.070010109750505346e-06,9.999989299898902617e-01,1.070010109750505346e-06
9.887602347579522721e-01,1.123976524204770185e-02,9.887602347579522721e-01,1.123976524204770358e-02
9.999999999894056968e-01,1.059421469870005238e-11,9.999999999894058078e-01,1.059421469870005238e-11
9.999999999899356062e-01,1.006436526542891039e-11,9.999999999899356062e-01,1.006436526542891200e-11
9.999999999954932717e-01,4.506725468315050958e-12,9.999999999954932717e-01,4.506725468315051766e-12
9.999999999950521801e-01,4.947834189931316794e-12,9.999999999950521801e-01,4.947834189931316794e-12
9.999999999944297890e-01,5.570273398599799102e-12,9.999999999944296780e-01,5.570273398599799102e-12
9.999999999935760275e-01,6.423970721660730185e-12,9.999999999935759165e-01,6.423970721660730992e-12
9.999999987502280474e-01,1.249771974258892210e-09,9.999999987502280474e-01,1.249771974258892210e-09
9.452084402556010234e-01,5.479155974439891413e-02,9.452084402556010234e-01,5.479155974439890719e-02
9.999971298270134978e-01,2.870172986448141955e-06,9.999971298270134978e-01,2.870172986448141955e-06
9.999999960903752649e-01,3.909624719461175298e-09,9.999999960903752649e-01,3.909624719461174470e-09
9.999999999952834395e-01,4.716556624748106862e-12,9.999999999952833285e-01,4.716556624748106862e-12
9.999999698367983969e-01,3.016320162172291589e-08,9.999999698367982859e-01,3.016320162172290265e-08
9.999999999948683271e-01,5.131695836121261630e-12,9.999999999948683271e-01,5.131695836121261630e-12
9.999999845245973740e-01,1.547540266019399660e-08,9.999999845245972629e-01,1.547540266019399660e-08
9.999999999411371965e-01,5.886277232197588033e-11,9.999999999411373075e-01,5.886277232197586741e-11
4.109082433261003300e-50,1.000000000000000000e+00,4.109082433261003300e-50,1.000000000000000000e+00
1.000000000000000000e+00,4.109082433320797823e-40,9.999999998999999750e-11,9.999999998999999917e-01
5.000000000000000000e-01,5.000000000000000000e-01,9.999999998999999750e-11,9.999999998999999917e-01
5.000000000000000000e-01,5.000000000000000000e-01,4.668795335376785741e-140,1.000000000000000000e+00
1.000000000000000000e+00,4.668795335376785694e-130,9.999999998999999750e-11,9.999999998999999917e-01
5.000000000000000000e-01,5.000000000000000000e-01,2.647869429135044998e-203,1.000000000000000000e+00
9.999999845245973740e-01,1.547540266019399329e-08,9.999999845245973740e-01,1.547540266019399660e-08
9.999999352164864463e-01,6.478351360390027909e-08,9.999999352164863353e-01,6.478351360390025263e-08
9.452084402556010234e-01,5.479155974439891413e-02,9.452084402556011344e-01,5.479155974439891413e-02
4.701494535366163713e-02,9.529850546463383143e-01,4.701494535366163713e-02,9.529850546463384253e-01
1.132166966330561013e-114,1.000000000000000000e+00,1.132166966330561193e-114,1.000000000000000000e+00
1.000000000000000000e+00,1.132166966314085800e-104,3.836517063288619153e-262,1.000000000000000000e+00
1.000000000000000000e+00,3.836517063288619233e-252,2.142316050022731146e-165,1.000000000000000000e+00
2.418487454746348596e-100,1.000000000000000000e+00,2.418487454746348596e-100,1.000000000000000000e+00
1.000000000000000000e+00,2.418487454746348504e-90,2.868567708349345610e-249,1.000000000000000000e+00
1.000000000000000000e+00,2.868567708349345535e-239,6.045497239980972800e-108,1.000000000000000000e+00
9.999999987502279364e-01,1.249771974258892210e-09,9.999999987502280474e-01,1.249771974258892210e-09
9.999999999928261829e-01,7.173779663402244790e-12,9.999999999928261829e-01,7.173779663402246405e-12
9.999999992258554737e-01,7.741444924958627337e-10,9.999999992258554737e-01,7.741444924958626303e-10
9.999999996834015858e-01,3.165983998578619151e-10,9.999999996834015858e-01,3.165983998578619668e-10
9.999999999954056751e-01,4.594320500726418909e-12,9.999999999954056751e-01,4.594320500726418909e-12
9.999999996834015858e-01,3.165983998578619151e-10,9.999999996834016969e-01,3.165983998578619668e-10
9.999999352164864463e-01,6.478351360390026586e-08,9.999999352164864463e-01,6.478351360390027909e-08
9.995273477505109971e-01,4.726522494890491037e-04,9.995273477505109971e-01,4.726522494890491037e-04
9.999999992258554737e-01,7.741444924958627337e-10,9.999999992258554737e-01,7.741444924958627337e-10
9.999999999411371965e-01,5.886277232197588033e-11,9.999999999411373075e-01,5.886277232197588033e-11
9.999999999720921018e-01,2.790791985106789341e-11,9.999999999720919908e-01,2.790791985106789018e-11
2.411949648358555544e-24,1.000000000000000000e+00,2.411949648358555544e-24,1.000000000000000000e+00
9.999999995101671590e-01,4.898329619760417416e-10,9.999999995101670480e-01,4.898329619760417416e-10
2.800694639690159971e-01,7.199305360309838919e-01,2.800694639690159971e-01,7.199305360309838919e-01
9.452084402556010234e-01,5.479155974439892107e-02,9.452084402556011344e-01,5.479155974439891413e-02
9.999999999937110307e-01,6.288878759718943908e-12,9.999999999937111417e-01,6.288878759718945524e-12
4.701494535366163019e-02,9.529850546463383143e-01,4.701494535366163713e-02,9.529850546463383143e-01
4.237959541171850840e-04,9.995762040458828768e-01,4.237959541171850840e-04,9.995762040458827657e-01
9.999999999720919908e-01,2.790791985106789018e-11,9.999999999720919908e-01,2.790791985106789018e-11
9.999999999937111417e-01,6.288878759718944716e-12,9.999999999937110307e-01,6.288878759718944716e-12
9.999999999916409088e-01,8.359062569193292266e-12,9.999999999916410198e-01,8.359062569193292266e-12
9.999999992258554737e-01,7.741444924958627337e-10,9.999999992258554737e-01,7.741444924958627337e-10
9.999999999837737574e-01,1.622624383813330564e-11,9.999999999837737574e-01,1.622624383813330564e-11
9.999999999933496531e-01,6.650344746665162825e-12,9.999999999933495420e-01,6.650344746665162825e-12
9.999999999942015272e-01,5.798478635471038006e-12,9.999999999942015272e-01,5.798478635471038006e-12
9.999999999954056751e-01,4.594320500726418909e-12,9.999999999954056751e-01,4.594320500726418909e-12
9.999999999923419036e-01,7.658139894305021288e-12,9.999999999923417926e-01,7.658139894305021288e-12
9.999999999946544982e-01,5.345521493516060035e-12,9.999999999946543872e-01,5.345521493516058419e-12
9.999999999879028989e-01,1.209708840208108786e-11,9.999999999879028989e-01,1.209708840208108786e-11
9.999999999894058078e-01,1.059421469870005238e-11,9.999999999894056968e-01,1.059421469870005238e-11
9.999999997909720939e-01,2.090278510401576101e-10,9.999999997909722049e-01,2.090278510401576359e-10
9.999999999837737574e-01,1.622624383813330564e-11,9.999999999837738685e-01,1.622624383813330564e-11
9.999999999915555327e-01,8.444435846311211020e-12,9.999999999915555327e-01,8.444435846311212636e-12
9.999999999411371965e-01,5.886277232197588033e-11,9.999999999411371965e-01,5.886277232197588033e-11
1.331061532889684533e-10,9.999999998668938073e-01,1.331061532889684533e-10,9.999999998668936962e-01
9.352388814067830224e-59,1.000000000000000000e+00,9.352388814067828455e-59,1.000000000000000000e+00
1.667541369234300846e-240,1.000000000000000000e+00,1.667541369234301112e-240,1.000000000000000000e+00
1.000000000000000000e+00,1.667541369234301077e-230,9.999999998999999750e-11,9.999999998999999917e-01
5.000000000000000000e-01,5.000000000000000000e-01,7.399470566325313997e-54,1.000000000000000000e+00
1.595166135877020298e-128,1.000000000000000000e+00,9.999999998999999750e-11,9.999999998999999917e-01
8.258058532504271021e-01,1.741941467495728701e-01,2.091967986343808842e-89,1.000000000000000000e+00
1.000000000000000000e+00,2.091967986343808716e-79,1.004941833671152259e-297,1.000000000000000000e+00
1.000000000000000000e+00,1.004941833656528279e-287,1.066095886067832723e-296,1.000000000000000000e+00
7.326340124435047686e-07,9.999992673659875431e-01,3.112818441331320020e-12,9.999999999968871567e-01
5.570699299690893220e-295,1.000000000000000000e+00,3.174590891409768329e-302,1.000000000000000000e+00
1.000000000000000000e+00,3.174764297159023718e-292,9.999999998999999750e-11,9.999999998999999917e-01
5.000000000000000000e-01,5.000000000000000000e-01,1.507817582072416206e-34,1.000000000000000000e+00
1.000000000000000000e+00,1.507817582072416236e-24,9.999999998999999750e-11,9.999999998999999917e-01
5.000000000000000000e-01,5.000000000000000000e-01,1.911837754375327127e-32,1.000000000000000000e+00
9.999999999837736464e-01,1.622624383813330564e-11,9.999999999837736464e-01,1.622624383813330241e-11
9.999999999809391360e-01,1.906088483044513552e-11,9.999999999809390250e-01,1.906088483044513228e-11
9.999999999947278839e-01,5.272117414844185101e-12,9.999999999947277729e-01,5.272117414844185101e-12
9.999999999952000618e-01,4.800040420001613782e-12,9.999999999951999508e-01,4.800040420001612974e-12
9.999999999899356062e-01,1.006436526542891039e-11,9.999999999899356062e-01,1.006436526542891200e-11
9.999999999899356062e-01,1.006436526542891039e-11,9.999999999899357173e-01,1.006436526542891200e-11
9.999999999899356062e-01,1.006436526542891039e-11,9.999999999899357173e-01,1.006436526542891200e-11
9.999999999899356062e-01,1.006436526542891039e-11,9.999999999899357173e-01,1.006436526542891200e-11
9.999999999954136687e-01,4.586312181100670393e-12,9.999999999954136687e-01,4.586312181100670393e-12
9.999999999905299086e-01,9.470110775080668656e-12,9.999999999905299086e-01,9.470110775080670271e-12
9.999999999905299086e-01,9.470110775080668656e-12,9.999999999905299086e-01,9.470110775080670271e-12
9.999999999905299086e-01,9.470110775080668656e-12,9.999999999905299086e-01,9.470110775080668656e-12
9.999999992258554737e-01,7.741444924958627337e-10,9.999999992258554737e-01,7.741444924958628371e-10
9.999999999954979346e-01,4.502010443866528839e-12,9.999999999954979346e-01,4.502010443866528031e-12
9.999999999952000618e-01,4.800040420001613782e-12,9.999999999951999508e-01,4.800040420001613782e-12
9.999999999954549690e-01,4.544940010514135063e-12,9.999999999954549690e-01,4.544940010514135871e-12
9.999999992258554737e-01,7.741444924958627337e-10,9.999999992258554737e-01,7.741444924958627337e-10
9.999999996834015858e-01,3.165983998578619151e-10,9.999999996834015858e-01,3.165983998578619668e-10
9.999999999951999508e-01,4.800040420001613782e-12,9.999999999951999508e-01,4.800040420001613782e-12
9.999696545150295046e-01,3.034548497055941671e-05,9.999696545150295046e-01,3.034548497055941671e-05
9.999999999809391360e-01,1.906088483044513552e-11,9.999999999809391360e-01,1.906088483044513875e-11
9.999999999955372365e-01,4.462777587618193441e-12,9.999999999955372365e-01,4.462777587618194249e-12
9.999999999948925300e-01,5.107369090363358548e-12,9.999999999948927520e-01,5.107369090363360164e-12
9.999999999905299086e-01,9.470110775080668656e-12,9.999999999905299086e-01,9.470110775080668656e-12
9.999999999899356062e-01,1.006436526542891039e-11,9.999999999899357173e-01,1.006436526542891200e-11
9.999999999773966364e-01,2.260333082473759073e-11,9.999999999773967474e-01,2.260333082473759396e-11
9.999999999922692950e-01,7.730700947268789679e-12,9.999999999922692950e-01,7.730700947268789679e-12
9.999989299898902617e-01,1.070010109750505346e-06,9.999989299898902617e-01,1.070010109750505346e-06
9.999989299898902617e-01,1.070010109750505346e-06,9.999989299898903727e-01,1.070010109750505558e-06
9.999999698367983969e-01,3.016320162172291589e-08,9.999999698367983969e-01,3.016320162172290927e-08
9.999999923441931227e-01,7.655806880270847897e-09,9.999999923441931227e-01,7.655806880270847897e-09
9.999999352164864463e-01,6.478351360390026586e-08,9.999999352164864463e-01,6.478351360390027909e-08
9.999999999860557098e-01,1.394431753188148140e-11,9.999999999860557098e-01,1.394431753188147979e-11
9.999999999860557098e-01,1.394431753188148140e-11,9.999999999860557098e-01,1.394431753188148140e-11
9.999999987502280474e-01,1.249771974258892210e-09,9.999999987502280474e-01,1.249771974258892417e-09
9.999999999650964755e-01,3.490349648744018900e-11,9.999999999650965865e-01,3.490349648744018900e-11
9.999999845245973740e-01,1.547540266019399660e-08,9.999999845245972629e-01,1.547540266019399660e-08
9.999999999913983251e-01,8.601674835731831169e-12,9.999999999913984361e-01,8.601674835731829553e-12
9.999999999905299086e-01,9.470110775080668656e-12,9.999999999905297976e-01,9.470110775080668656e-12
9.999999999941007189e-01,5.899290110926180300e-12,9.999999999941007189e-01,5.899290110926180300e-12
9.999999999952000618e-01,4.800040420001613782e-12,9.999999999951999508e-01,4.800040420001612974e-12
9.999999999933497641e-01,6.650344746665163633e-12,9.999999999933497641e-01,6.650344746665164441e-12
9.999912770566485865e-01,8.722943351413752912e-06,9.999912770566485865e-01,8.722943351413754606e-06
9.978702591859329729e-01,2.129740814067047471e-03,9.978702591859329729e-01,2.129740814067047471e-03
9.999999999942684736e-01,5.731468574474807760e-12,9.999999999942685847e-01,5.731468574474808568e-12
9.999999999949931162e-01,5.006829722064406512e-12,9.999999999949931162e-01,5.006829722064405704e-12
9.999999999899356062e-01,1.006436526542891039e-11,9.999999999899357173e-01,1.006436526542891200e-11
9.999999999941007189e-01,5.899290110926180300e-12,9.999999999941007189e-01,5.899290110926179492e-12
9.999999999954933827e-01,4.506725468315050958e-12,9.999999999954933827e-01,4.506725468315050958e-12
9.452084402556010234e-01,5.479155974439891413e-02,9.452084402556011344e-01,5.479155974439892107e-02
9.999999999953218532e-01,4.678158430787977657e-12,9.999999999953218532e-01,4.678158430787976849e-12
9.999999999879028989e-01,1.209708840208108786e-11,9.999999999879028989e-01,1.209708840208108786e-11
9.999999999936636241e-01,6.336410936240908115e-12,9.999999999936636241e-01,6.336410936240908115e-12
4.419384698341457513e-187,1.000000000000000000e+00,4.419384698341457513e-187,1.000000000000000000e+00
4.522807917495470913e-54,1.000000000000000000e+00,2.877593982323360621e-74,1.000000000000000000e+00
1.911454727265075826e-32,1.000000000000000000e+00,1.911837754375327127e-32,1.000000000000000000e+00
7.562732645640376971e-202,1.000000000000000000e+00,7.562732645640376971e-202,1.000000000000000000e+00
5.149687254807404546e-48,1.000000000000000000e+00,9.999999998999999750e-11,9.999999998999999917e-01
1.000000000000000000e+00,3.894570791733686619e-239,2.350216348640933125e-154,1.000000000000000000e+00
1.000000000000000000e+00,2.350216348640933043e-144,7.562732645750429232e-202,1.000000000000000000e+00
1.051549094372308483e-32,1.000000000000000000e+00,9.999999998999999750e-11,9.999999998999999917e-01
2.900305680572011246e-42,1.000000000000000000e+00,2.900305680572011246e-42,1.000000000000000000e+00
1.000000000000000000e+00,2.900305680572011009e-32,9.999999998999999750e-11,9.999999998999999917e-01
5.000000000000000000e-01,5.000000000000000000e-01,9.999999998999999750e-11,9.999999998999999917e-01
5.000000000000000000e-01,5.000000000000000000e-01,9.999999998999999750e-11,9.999999998999999917e-01
5.000000000000000000e-01,5.000000000000000000e-01,9.999999998999999750e-11,9.999999998999999917e-01
5.000000000000000000e-01,5.000000000000000000e-01,9.999999998999999750e-11,9.999999998999999917e-01
5.000000000000000000e-01,5.000000000000000000e-01,2.766317878740640164e-212,1.000000000000000000e+00
4.205593146018063672e-05,9.999579440685398835e-01,6.877579828510610159e-27,1.000000000000000000e+00
6.045497239980972044e-108,1.000000000000000000e+00,6.045497239980972800e-108,1.000000000000000000e+00
9.999999999954056751e-01,4.594320500659561874e-12,9.999999999954056751e-01,4.594320500726418909e-12
4.701494535366163019e-02,9.529850546463383143e-01,4.701494535366163019e-02,9.529850546463383143e-01
9.999999999894058078e-01,1.059421469870005077e-11,9.999999999894058078e-01,1.059421469870005238e-11
1.909432868991552961e-06,9.999980905671310705e-01,1.909432868991552961e-06,9.999980905671309594e-01
9.999996165722053743e-01,3.834277945064683469e-07,9.999996165722054853e-01,3.834277945064683469e-07
9.999999987502280474e-01,1.249771974258892210e-09,9.999999987502280474e-01,1.249771974258892417e-09
4.237959541171851382e-04,9.995762040458828768e-01,4.237959541171850840e-04,9.995762040458828768e-01
5.646231525212654172e-22,1.000000000000000000e+00,5.646231525212654172e-22,1.000000000000000000e+00
7.171004187937926044e-01,2.828995812062073956e-01,7.171004187937926044e-01,2.828995812062073956e-01
9.999999999922692950e-01,7.730700947268789679e-12,9.999999999922692950e-01,7.730700947268789679e-12
5.075134280436590858e-03,9.949248657195635115e-01,5.075134280436590858e-03,9.949248657195634005e-01
9.999999999938303796e-01,6.169712483925665123e-12,9.999999999938302686e-01,6.169712483925663507e-12
9.999999999941007189e-01,5.899290110926180300e-12,9.999999999941007189e-01,5.899290110926180300e-12
9.999999998902970866e-01,1.097029182965418820e-10,9.999999998902970866e-01,1.097029182965418691e-10
9.999999999923419036e-01,7.658139894305021288e-12,9.999999999923419036e-01,7.658139894305021288e-12
9.999999998528751322e-01,1.471248556222005226e-10,9.999999998528752432e-01,1.471248556222005226e-10
9.999999999411371965e-01,5.886277232197586741e-11,9.999999999411373075e-01,5.886277232197588033e-11
9.995273477505109971e-01,4.726522494890491579e-04,9.995273477505109971e-01,4.726522494890491579e-04
9.995273477505109971e-01,4.726522494890491037e-04,9.995273477505109971e-01,4.726522494890491037e-04
9.999989299898902617e-01,1.070010109750505346e-06,9.999989299898902617e-01,1.070010109750505134e-06
9.998888664507017410e-01,1.111335492982466939e-04,9.998888664507017410e-01,1.111335492982466939e-04
9.999989299898902617e-01,1.070010109750505346e-06,9.999989299898902617e-01,1.070010109750505558e-06
3.205186936486595985e-05,9.999679481306351647e-01,3.205186936486595307e-05,9.999679481306350537e-01
9.999999999941006079e-01,5.899290110926179492e-12,9.999999999941007189e-01,5.899290110926180300e-12
9.999999999953217422e-01,4.678158430787976849e-12,9.999999999953218532e-01,4.678158430787977657e-12
9.999999999542144025e-01,4.578553539484802731e-11,9.999999999542144025e-01,4.578553539484802731e-11
9.999999999944296780e-01,5.570273398599798295e-12,9.999999999944297890e-01,5.570273398599798295e-12
9.999999999203141865e-01,7.968584051111353135e-11,9.999999999203141865e-01,7.968584051111351842e-11
9.999999999955372365e-01,4.462777587618193441e-12,9.999999999955372365e-01,4.462777587618193441e-12
9.999999978183631288e-01,2.181636925076386591e-09,9.999999978183630178e-01,2.181636925076386178e-09
9.999999999905299086e-01,9.470110775080668656e-12,9.999999999905297976e-01,9.470110775080668656e-12
9.999999999943958162e-01,5.604174516143138606e-12,9.999999999943958162e-01,5.604174516143138606e-12
9.999999999941007189e-01,5.899290110926180300e-12,9.999999999941007189e-01,5.899290110926179492e-12
9.999999997909720939e-01,2.090278510401575842e-10,9.999999997909720939e-01,2.090278510401576101e-10
9.999999999951999508e-01,4.800040420001613782e-12,9.999999999951999508e-01,4.800040420001613782e-12
9.999999999906338255e-01,9.366147881026150527e-12,9.999999999906338255e-01,9.366147881026150527e-12
9.999999999928261829e-01,7.173779663402245597e-12,9.999999999928261829e-01,7.173779663402245597e-12
1.024093259736573601e-07,9.999998975906739807e-01,1.024093259736573733e-07,9.999998975906739807e-01
9.999999999899357173e-01,1.006436526542891200e-11,9.999999999899356062e-01,1.006436526542891039e-11
9.999999999941007189e-01,5.899290110926180300e-12,9.999999999941007189e-01,5.899290110926179492e-12
9.999999999952164931e-01,4.783576318034136769e-12,9.999999999952164931e-01,4.783576318034136769e-12
9.999999999809390250e-01,1.906088483044513552e-11,9.999999999809391360e-01,1.906088483044513552e-11
9.999999999951999508e-01,4.800040420001612974e-12,9.999999999951999508e-01,4.800040420001613782e-12
9.999999999937110307e-01,6.288878759718944716e-12,9.999999999937110307e-01,6.288878759718944716e-12
9.999999999948925300e-01,5.107369090363358548e-12,9.999999999948926410e-01,5.107369090363360164e-12
9.999999999927624561e-01,7.237517422312376059e-12,9.999999999927624561e-01,7.237517422312376867e-12
1.402967585464817753e-124,1.000000000000000000e+00,1.402967585464817753e-124,1.000000000000000000e+00
1.000000000000000000e+00,1.402967585444401899e-114,2.483130205209878609e-274,1.000000000000000000e+00
1.000000000000000000e+00,2.483130205209878307e-264,2.436825138886782379e-188,1.000000000000000000e+00
1.496751717081423304e-115,1.000000000000000000e+00,2.716799645220371671e-200,1.000000000000000000e+00
1.000000000000000000e+00,2.716799645220371755e-190,1.824078775971185914e-225,1.000000000000000000e+00
1.656404454570004081e-05,9.999834359554542473e-01,1.280513414429709305e-29,1.000000000000000000e+00
4.238036665316929609e-09,9.999999957619631896e-01,4.238036665316929609e-09,9.999999957619634117e-01
9.999696545150293936e-01,3.034548497055942009e-05,9.999696545150295046e-01,3.034548497055941671e-05
5.592733038504422835e-233,1.000000000000000000e+00,5.592733038504422835e-233,1.000000000000000000e+00
2.411949648358555544e-24,1.000000000000000000e+00,2.411949648358555544e-24,1.000000000000000000e+00
9.999996165722053743e-01,3.834277945064682940e-07,9.999996165722054853e-01,3.834277945064683469e-07
5.646231525212654172e-22,1.000000000000000000e+00,5.646231525212653232e-22,1.000000000000000000e+00
7.552308208795005515e-14,9.999999999999245048e-01,7.552308208795004252e-14,9.999999999999245048e-01
1.204632648621563613e-17,1.000000000000000000e+00,1.204632648621563613e-17,1.000000000000000000e+00
9.999999352164863353e-01,6.478351360390026586e-08,9.999999352164864463e-01,6.478351360390026586e-08
9.998888664507017410e-01,1.111335492982467075e-04,9.998888664507017410e-01,1.111335492982467075e-04
6.877579828510610159e-27,1.000000000000000000e+00,6.877579828510608724e-27,1.000000000000000000e+00
9.999999999773967474e-01,2.260333082473759073e-11,9.999999999773966364e-01,2.260333082473759073e-11
9.999999999650964755e-01,3.490349648744018253e-11,9.999999999650964755e-01,3.490349648744018253e-11
7.552308208795005515e-14,9.999999999999245048e-01,7.552308208795004252e-14,9.999999999999245048e-01
1.204632648621563613e-17,1.000000000000000000e+00,1.204632648621563613e-17,1.000000000000000000e+00
9.998888664507018520e-01,1.111335492982467075e-04,9.998888664507017410e-01,1.111335492982467075e-04
4.237959541171850840e-04,9.995762040458828768e-01,4.237959541171850840e-04,9.995762040458827657e-01
3.802272892227977025e-93,1.000000000000000000e+00,3.802272892227976599e-93,1.000000000000000000e+00
2.800694639690160526e-01,7.199305360309840029e-01,2.800694639690159971e-01,7.199305360309838919e-01
9.999999845245973740e-01,1.547540266019399660e-08,9.999999845245972629e-01,1.547540266019399660e-08
9.999999960903752649e-01,3.909624719461174470e-09,9.999999960903752649e-01,3.909624719461175298e-09
9.887602347579522721e-01,1.123976524204770185e-02,9.887602347579522721e-01,1.123976524204770185e-02
9.999999960903752649e-01,3.909624719461175298e-09,9.999999960903752649e-01,3.909624719461174470e-09
9.887602347579522721e-01,1.123976524204770185e-02,9.887602347579522721e-01,1.123976524204770185e-02
9.999971298270136089e-01,2.870172986448142379e-06,9.999971298270136089e-01,2.870172986448142379e-06
9.999999999879028989e-01,1.209708840208108786e-11,9.999999999879028989e-01,1.209708840208108786e-11
9.999999999946544982e-01,5.345521493516060035e-12,9.999999999946544982e-01,5.345521493516060035e-12
5.075134280436590858e-03,9.949248657195635115e-01,5.075134280436589991e-03,9.949248657195635115e-01
9.999999992258554737e-01,7.741444924958627337e-10,9.999999992258555848e-01,7.741444924958627337e-10
9.452084402556010234e-01,5.479155974439891413e-02,9.452084402556011344e-01,5.479155974439892107e-02
9.978702591859329729e-01,2.129740814067047038e-03,9.978702591859329729e-01,2.129740814067047038e-03
9.999999999411371965e-01,5.886277232197586741e-11,9.999999999411373075e-01,5.886277232197588033e-11
9.999996165722054853e-01,3.834277945064682940e-07,9.999996165722053743e-01,3.834277945064682940e-07
9.999999698367983969e-01,3.016320162172290927e-08,9.999999698367983969e-01,3.016320162172290927e-08
7.552308208795005515e-14,9.999999999999245048e-01,7.552308208795004252e-14,9.999999999999245048e-01
5.075134280436589991e-03,9.949248657195634005e-01,5.075134280436590858e-03,9.949248657195635115e-01
8.282882430750889094e-39,1.000000000000000000e+00,8.282882430750889094e-39,1.000000000000000000e+00
1.729472159106033239e-86,1.000000000000000000e+00,1.729472159106033239e-86,1.000000000000000000e+00
2.142316050022731387e-165,1.000000000000000000e+00,2.142316050022731146e-165,1.000000000000000000e+00
9.012425899289904031e-20,1.000000000000000000e+00,9.012425899289904031e-20,1.000000000000000000e+00
4.109082433261003300e-50,1.000000000000000000e+00,4.109082433261003300e-50,1.000000000000000000e+00
4.570256189988641347e-92,1.000000000000000000e+00,4.570256189988641347e-92,1.000000000000000000e+00
7.798675843930786158e-64,1.000000000000000000e+00,6.800545377534247996e-111,1.000000000000000000e+00
9.531825239668840164e-122,1.000000000000000000e+00,8.150702484892208800e-248,1.000000000000000000e+00
1.000000000000000000e+00,6.482161007403749013e-222,9.999999998999999750e-11,9.999999998999999917e-01
5.000000000000000000e-01,5.000000000000000000e-01,9.999999998999999750e-11,9.999999998999999917e-01
5.000000000000000000e-01,5.000000000000000000e-01,9.999999998999999750e-11,9.999999998999999917e-01
5.000000000000000000e-01,5.000000000000000000e-01,1.824048561873004518e-225,1.000000000000000000e+00
1.000000000000000000e+00,1.824048561873004375e-215,1.004941833671152259e-297,1.000000000000000000e+00
1.000000000000000000e+00,1.004941833656528279e-287,9.999999998999999750e-11,9.999999998999999917e-01
5.000000000000000000e-01,5.000000000000000000e-01,4.765912620303272112e-132,1.000000000000000000e+00
7.987520104314230116e-89,1.000000000000000000e+00,7.987520104389454204e-99,1.000000000000000000e+00
2.389615080009528469e-94,1.000000000000000000e+00,3.452825660814104256e-194,1.000000000000000000e+00
1.000000000000000000e+00,1.943238105925782790e-182,9.999999998999999750e-11,9.999999998999999917e-01
5.000000000000000000e-01,5.000000000000000000e-01,9.531825239619903911e-132,1.000000000000000000e+00
1.807898222365044541e-35,1.000000000000000000e+00,1.807898221891493712e-35,1.000000000000000000e+00
2.350216348640932794e-154,1.000000000000000000e+00,2.350216348640933125e-154,1.000000000000000000e+00
3.869696153037837209e-116,1.000000000000000000e+00,3.869696153037837773e-116,1.000000000000000000e+00
6.045497239980972044e-108,1.000000000000000000e+00,6.045497239980972800e-108,1.000000000000000000e+00
9.999999999809391360e-01,1.906088483044513875e-11,9.999999999809390250e-01,1.906088483044513552e-11
9.999999999203141865e-01,7.968584051111353135e-11,9.999999999203141865e-01,7.968584051111353135e-11
3.397932514560491463e-80,1.000000000000000000e+00,3.397932514560492212e-80,1.000000000000000000e+00
4.500959010898249020e-134,1.000000000000000000e+00,4.500959010898248043e-134,1.000000000000000000e+00
1.000000000000000000e+00,4.500959010898248272e-124,1.133231708827120410e-217,1.000000000000000000e+00
3.118280795817127755e-12,9.999999999968817166e-01,3.118280795817128158e-12,9.999999999968818276e-01
1.122054967916097752e-81,1.000000000000000000e+00,1.122054967916097987e-81,1.000000000000000000e+00
2.006844133369558563e-58,1.000000000000000000e+00,9.999999998999999750e-11,9.999999998999999917e-01
2.251789429746125143e-129,1.000000000000000000e+00,4.122986592538286869e-51,1.000000000000000000e+00
3.721702052897779419e-73,1.000000000000000000e+00,2.777629668575478568e-283,1.000000000000000000e+00
1.262878864000122284e-97,1.000000000000000000e+00,1.767442545176452349e-66,1.000000000000000000e+00
1.000000000000000000e+00,1.767442545176452250e-56,7.287141916881670010e-107,1.000000000000000000e+00
1.000000000000000000e+00,1.293412958137391974e-201,4.122986592538286869e-51,1.000000000000000000e+00
1.020339672894601061e-144,1.000000000000000000e+00,9.999999998999999750e-11,9.999999998999999917e-01
1.000000000000000000e+00,2.143297318337017384e-23,2.394301934764996806e-84,1.000000000000000000e+00
1.000000000000000000e+00,2.394301934764996667e-74,4.601628211060895985e-217,1.000000000000000000e+00
4.601628210993932721e-207,1.000000000000000000e+00,1.523727150406413602e-70,1.000000000000000000e+00
8.245973185105331289e-41,1.000000000000000000e+00,2.091967986343808842e-89,1.000000000000000000e+00
1.000000000000000000e+00,2.091967986343808716e-79,1.004941833773519033e-297,1.000000000000000000e+00
1.000000000000000000e+00,1.004941833758895195e-287,9.999999998999999750e-11,9.999999998999999917e-01
5.000000000000000000e-01,5.000000000000000000e-01,2.766201538680727051e-212,1.000000000000000000e+00
1.000000000000000000e+00,2.766201538680726758e-202,9.999999998999999750e-11,9.999999998999999917e-01
5.000000000000000000e-01,5.000000000000000000e-01,2.172779716958702794e-198,1.000000000000000000e+00
2.172779716958702804e-188,1.000000000000000000e+00,3.836517063232790697e-262,1.000000000000000000e+00
1.000000000000000000e+00,2.172779716958702804e-188,9.999999998999999750e-11,9.999999998999999917e-01
5.000000000000000000e-01,5.000000000000000000e-01,4.600492363018045496e-46,1.000000000000000000e+00
9.998888664507018520e-01,1.111335492982467075e-04,9.998888664507017410e-01,1.111335492982467075e-04
9.999971298270136089e-01,2.870172986448141955e-06,9.999971298270134978e-01,2.870172986448142379e-06
9.998888664507017410e-01,1.111335492982466939e-04,9.998888664507017410e-01,1.111335492982466939e-04
2.800694639690160526e-01,7.199305360309840029e-01,2.800694639690160526e-01,7.199305360309840029e-01
1.909432868991552961e-06,9.999980905671310705e-01,1.909432868991552961e-06,9.999980905671309594e-01
9.452084402556010234e-01,5.479155974439891413e-02,9.452084402556011344e-01,5.479155974439891413e-02
4.237959541171850840e-04,9.995762040458827657e-01,4.237959541171850840e-04,9.995762040458828768e-01
4.701494535366163019e-02,9.529850546463383143e-01,4.701494535366163713e-02,9.529850546463383143e-01
9.998888664507017410e-01,1.111335492982466939e-04,9.998888664507017410e-01,1.111335492982466804e-04
9.012425899289902827e-20,1.000000000000000000e+00,9.012425899289902827e-20,1.000000000000000000e+00
3.118280795817127755e-12,9.999999999968817166e-01,3.118280795817128158e-12,9.999999999968818276e-01
9.995273477505108861e-01,4.726522494890491037e-04,9.995273477505109971e-01,4.726522494890490495e-04
1.024093259736573733e-07,9.999998975906740917e-01,1.024093259736573733e-07,9.999998975906739807e-01
4.701494535366163713e-02,9.529850546463384253e-01,4.701494535366163019e-02,9.529850546463384253e-01
9.999971298270136089e-01,2.870172986448141955e-06,9.999971298270134978e-01,2.870172986448142379e-06
4.238036665316928782e-09,9.999999957619633006e-01,4.238036665316929609e-09,9.999999957619633006e-01
9.352388814067828455e-59,1.000000000000000000e+00,9.352388814067828455e-59,1.000000000000000000e+00
2.165113646021421278e-74,1.000000000000000000e+00,2.165113646021421278e-74,1.000000000000000000e+00
1.280513414429709305e-29,1.000000000000000000e+00,1.280513414429709305e-29,1.000000000000000000e+00
6.508554717770753283e-69,1.000000000000000000e+00,6.508554717770752254e-69,1.000000000000000000e+00
3.869696153037837773e-116,1.000000000000000000e+00,3.869696153037837773e-116,1.000000000000000000e+00
1.911837754375326853e-32,1.000000000000000000e+00,1.911837754375327127e-32,1.000000000000000000e+00
3.397932514560491463e-80,1.000000000000000000e+00,3.397932514560491463e-80,1.000000000000000000e+00
9.012425899289904031e-20,1.000000000000000000e+00,9.012425899289904031e-20,1.000000000000000000e+00
1.911837754375326853e-32,1.000000000000000000e+00,1.911837754375327127e-32,1.000000000000000000e+00
1.729472159106033239e-86,1.000000000000000000e+00,1.729472159106033239e-86,1.000000000000000000e+00
1.807898221891493712e-35,1.000000000000000000e+00,1.807898221891493712e-35,1.000000000000000000e+00
9.999999845245972629e-01,1.547540266019399660e-08,9.999999845245973740e-01,1.547540266019399660e-08
8.800956426142545766e-125,1.000000000000000000e+00,8.800956426142545766e-125,1.000000000000000000e+00
1.280513414429709305e-29,1.000000000000000000e+00,1.280513414429709305e-29,1.000000000000000000e+00
7.552308208795004252e-14,9.999999999999245048e-01,7.552308208795004252e-14,9.999999999999245048e-01
9.352388814067828455e-59,1.000000000000000000e+00,9.352388814067828455e-59,1.000000000000000000e+00
9.978702591859328619e-01,2.129740814067047038e-03,9.978702591859329729e-01,2.129740814067047038e-03
2.165113646021421278e-74,1.000000000000000000e+00,2.165113646021421278e-74,1.000000000000000000e+00
4.109082433261002825e-50,1.000000000000000000e+00,4.109082433261003300e-50,1.000000000000000000e+00
9.999971298270134978e-01,2.870172986448141955e-06,9.999971298270136089e-01,2.870172986448141955e-06
9.999999996834015858e-01,3.165983998578619668e-10,9.999999996834015858e-01,3.165983998578619151e-10
9.999696545150293936e-01,3.034548497055941671e-05,9.999696545150295046e-01,3.034548497055941671e-05
7.171004187937926044e-01,2.828995812062073956e-01,7.171004187937926044e-01,2.828995812062073956e-01
9.999999978183630178e-01,2.181636925076386178e-09,9.999999978183630178e-01,2.181636925076386178e-09
9.887602347579522721e-01,1.123976524204770185e-02,9.887602347579522721e-01,1.123976524204770185e-02
4.238036665316928782e-09,9.999999957619633006e-01,4.238036665316929609e-09,9.999999957619634117e-01
1.911837754375326853e-32,1.000000000000000000e+00,1.911837754375327127e-32,1.000000000000000000e+00
1.331061532889684533e-10,9.999999998668938073e-01,1.331061532889684533e-10,9.999999998668938073e-01
2.900305680572011246e-42,1.000000000000000000e+00,2.900305680572011246e-42,1.000000000000000000e+00
9.438928158119736681e-16,9.999999999999991118e-01,9.438928158119736681e-16,9.999999999999991118e-01
9.999999352164863353e-01,6.478351360390026586e-08,9.999999352164864463e-01,6.478351360390026586e-08
1.331061532889684533e-10,9.999999998668938073e-01,1.331061532889684533e-10,9.999999998668938073e-01
2.411949648358555911e-24,1.000000000000000000e+00,2.411949648358555911e-24,1.000000000000000000e+00
4.238036665316929609e-09,9.999999957619633006e-01,4.238036665316929609e-09,9.999999957619634117e-01
9.998888664507017410e-01,1.111335492982466939e-04,9.998888664507018520e-01,1.111335492982466939e-04
9.525930786121500800e-64,1.000000000000000000e+00,9.525930786121500800e-64,1.000000000000000000e+00
9.999696545150293936e-01,3.034548497055941671e-05,9.999696545150295046e-01,3.034548497055941671e-05
1.909432868991552961e-06,9.999980905671309594e-01,1.909432868991553385e-06,9.999980905671309594e-01
9.999999923441931227e-01,7.655806880270847897e-09,9.999999923441931227e-01,7.655806880270847897e-09
9.999999698367983969e-01,3.016320162172291589e-08,9.999999698367983969e-01,3.016320162172291589e-08
9.999696545150295046e-01,3.034548497055941671e-05,9.999696545150295046e-01,3.034548497055941671e-05
9.999999923441931227e-01,7.655806880270849551e-09,9.999999923441931227e-01,7.655806880270849551e-09
9.999999995101670480e-01,4.898329619760417416e-10,9.999999995101670480e-01,4.898329619760417416e-10
9.999999999946250773e-01,5.374910414105837471e-12,9.999999999946250773e-01,5.374910414105837471e-12
9.999999978183631288e-01,2.181636925076386591e-09,9.999999978183631288e-01,2.181636925076386591e-09
9.999999352164864463e-01,6.478351360390026586e-08,9.999999352164864463e-01,6.478351360390027909e-08
9.999999998902970866e-01,1.097029182965418691e-10,9.999999998902970866e-01,1.097029182965418950e-10
9.999999999650964755e-01,3.490349648744018253e-11,9.999999999650964755e-01,3.490349648744018900e-11
9.999999999954979346e-01,4.502010443866528031e-12,9.999999999954979346e-01,4.502010443866528031e-12
9.887602347579522721e-01,1.123976524204770358e-02,9.887602347579522721e-01,1.123976524204770358e-02
2.350216348640933125e-154,1.000000000000000000e+00,2.350216348640932794e-154,1.000000000000000000e+00
1.280513414429709305e-29,1.000000000000000000e+00,1.280513414429709305e-29,1.000000000000000000e+00
2.660874160976114384e-54,1.000000000000000000e+00,2.660874160976113805e-54,1.000000000000000000e+00
4.600492363018045496e-46,1.000000000000000000e+00,4.600492363018045496e-46,1.000000000000000000e+00
1.331061532889684533e-10,9.999999998668938073e-01,1.331061532889684533e-10,9.999999998668938073e-01
9.999989299898903727e-01,1.070010109750505346e-06,9.999989299898902617e-01,1.070010109750505346e-06
6.877579828510610159e-27,1.000000000000000000e+00,6.877579828510610159e-27,1.000000000000000000e+00
3.869696153037837209e-116,1.000000000000000000e+00,3.869696153037837773e-116,1.000000000000000000e+00
9.999999960903752649e-01,3.909624719461174470e-09,9.999999960903752649e-01,3.909624719461174470e-09
9.999696545150293936e-01,3.034548497055941332e-05,9.999696545150293936e-01,3.034548497055941671e-05
9.999999999928261829e-01,7.173779663402244790e-12,9.999999999928262939e-01,7.173779663402245597e-12
9.999999999916409088e-01,8.359062569193292266e-12,9.999999999916410198e-01,8.359062569193292266e-12
9.999999995101670480e-01,4.898329619760417416e-10,9.999999995101670480e-01,4.898329619760417416e-10
7.552308208795005515e-14,9.999999999999245048e-01,7.552308208795004252e-14,9.999999999999243938e-01
9.999999352164864463e-01,6.478351360390027909e-08,9.999999352164864463e-01,6.478351360390026586e-08
9.999999999894058078e-01,1.059421469870005238e-11,9.999999999894056968e-01,1.059421469870005077e-11
7.171004187937926044e-01,2.828995812062073956e-01,7.171004187937926044e-01,2.828995812062073956e-01
9.999971298270134978e-01,2.870172986448141532e-06,9.999971298270134978e-01,2.870172986448141955e-06
9.999999997909722049e-01,2.090278510401576101e-10,9.999999997909720939e-01,2.090278510401576101e-10
9.999999999953544938e-01,4.645487461534250861e-12,9.999999999953544938e-01,4.645487461534250861e-12
9.999999999955433427e-01,4.456731138890892471e-12,9.999999999955432317e-01,4.456731138890891663e-12
9.999999999915555327e-01,8.444435846311212636e-12,9.999999999915556437e-01,8.444435846311212636e-12
9.999999999899356062e-01,1.006436526542891039e-11,9.999999999899356062e-01,1.006436526542891200e-11
9.999999999899356062e-01,1.006436526542891039e-11,9.999999999899357173e-01,1.006436526542891200e-11
9.999999999899356062e-01,1.006436526542891039e-11,9.999999999899357173e-01,1.006436526542891200e-11
9.999999999899356062e-01,1.006436526542891039e-11,9.999999999899357173e-01,1.006436526542891200e-11
9.999999999899356062e-01,1.006436526542891039e-11,9.999999999899357173e-01,1.006436526542891200e-11
9.999999999899356062e-01,1.006436526542891039e-11,9.999999999899357173e-01,1.006436526542891200e-11
9.999999999948926410e-01,5.107369090363359356e-12,9.999999999948925300e-01,5.107369090363359356e-12
9.999999999955386798e-01,4.461220696038502242e-12,9.999999999955386798e-01,4.461220696038503050e-12
9.999999999946251883e-01,5.374910414105837471e-12,9.999999999946250773e-01,5.374910414105836663e-12
9.999999992258554737e-01,7.741444924958627337e-10,9.999999992258554737e-01,7.741444924958626303e-10
9.999999999933496531e-01,6.650344746665162825e-12,9.999999999933496531e-01,6.650344746665162825e-12
9.999999999954980456e-01,4.502010443866528839e-12,9.999999999954979346e-01,4.502010443866528839e-12
9.999999999955371255e-01,4.462777587618193441e-12,9.999999999955372365e-01,4.462777587618194249e-12
9.999999999954056751e-01,4.594320500726418909e-12,9.999999999954056751e-01,4.594320500726419717e-12
9.999999996834015858e-01,3.165983998578619151e-10,9.999999996834016969e-01,3.165983998578619668e-10
9.999999999953218532e-01,4.678158430787976849e-12,9.999999999953217422e-01,4.678158430787976849e-12
9.999999999932953632e-01,6.704528808002745055e-12,9.999999999932954742e-01,6.704528808002745055e-12
9.999999999899356062e-01,1.006436526542891039e-11,9.999999999899357173e-01,1.006436526542891039e-11
9.999999999773966364e-01,2.260333082473759073e-11,9.999999999773967474e-01,2.260333082473759719e-11
9.999999999773966364e-01,2.260333082473759073e-11,9.999999999773967474e-01,2.260333082473759073e-11
9.999999999952163821e-01,4.783576318034135961e-12,9.999999999952163821e-01,4.783576318034136769e-12
9.999999999923986360e-01,7.601346801520209623e-12,9.999999999923985250e-01,7.601346801520211239e-12
9.999999999899356062e-01,1.006436526542891039e-11,9.999999999899356062e-01,1.006436526542891200e-11
9.999999999899356062e-01,1.006436526542891039e-11,9.999999999899357173e-01,1.006436526542891200e-11
9.999999960903752649e-01,3.909624719461175298e-09,9.999999960903752649e-01,3.909624719461175298e-09
9.999999999937111417e-01,6.288878759718945524e-12,9.999999999937111417e-01,6.288878759718944716e-12
9.999999999860557098e-01,1.394431753188147979e-11,9.999999999860557098e-01,1.394431753188148140e-11
9.999999999941007189e-01,5.899290110926180300e-12,9.999999999941007189e-01,5.899290110926180300e-12
9.999999999954549690e-01,4.544940010514135063e-12,9.999999999954549690e-01,4.544940010514135871e-12
9.999999999950521801e-01,4.947834189931316794e-12,9.999999999950521801e-01,4.947834189931316794e-12
9.999999997909720939e-01,2.090278510401575842e-10,9.999999997909722049e-01,2.090278510401576101e-10
9.999999999203141865e-01,7.968584051111353135e-11,9.999999999203141865e-01,7.968584051111354427e-11
9.999999998528751322e-01,1.471248556222005226e-10,9.999999998528751322e-01,1.471248556222005226e-10
2.800694639690160526e-01,7.199305360309840029e-01,2.800694639690159971e-01,7.199305360309840029e-01
9.999971298270136089e-01,2.870172986448141532e-06,9.999971298270136089e-01,2.870172986448141955e-06
9.999912770566485865e-01,8.722943351413754606e-06,9.999912770566485865e-01,8.722943351413754606e-06
9.999971298270134978e-01,2.870172986448141532e-06,9.999971298270134978e-01,2.870172986448141532e-06
5.075134280436589991e-03,9.949248657195634005e-01,5.075134280436589991e-03,9.949248657195634005e-01
9.999999996834014748e-01,3.165983998578619151e-10,9.999999996834015858e-01,3.165983998578619668e-10
9.999999999860557098e-01,1.394431753188148140e-11,9.999999999860555988e-01,1.394431753188147817e-11
9.999999999837737574e-01,1.622624383813330564e-11,9.999999999837737574e-01,1.622624383813330564e-11
4.237959541171851382e-04,9.995762040458827657e-01,4.237959541171851382e-04,9.995762040458828768e-01
9.352388814067828455e-59,1.000000000000000000e+00,9.352388814067828455e-59,1.000000000000000000e+00
5.075134280436589991e-03,9.949248657195632894e-01,5.075134280436590858e-03,9.949248657195635115e-01
9.999999999922692950e-01,7.730700947268789679e-12,9.999999999922692950e-01,7.730700947268788063e-12
1.909432868991552961e-06,9.999980905671310705e-01,1.909432868991553385e-06,9.999980905671310705e-01
9.995273477505109971e-01,4.726522494890491579e-04,9.995273477505108861e-01,4.726522494890490495e-04
1.024093259736573733e-07,9.999998975906740917e-01,1.024093259736573733e-07,9.999998975906739807e-01
4.237959541171851382e-04,9.995762040458828768e-01,4.237959541171850840e-04,9.995762040458827657e-01
1.024093259736573733e-07,9.999998975906739807e-01,1.024093259736573733e-07,9.999998975906740917e-01
4.238036665316928782e-09,9.999999957619633006e-01,4.238036665316929609e-09,9.999999957619633006e-01
9.999999999954932717e-01,4.506725468315050958e-12,9.999999999954932717e-01,4.506725468315050958e-12
9.999989299898902617e-01,1.070010109750505346e-06,9.999989299898903727e-01,1.070010109750505346e-06
4.109082433261003300e-50,1.000000000000000000e+00,4.109082433261002825e-50,1.000000000000000000e+00
9.999912770566485865e-01,8.722943351413754606e-06,9.999912770566485865e-01,8.722943351413752912e-06
1.024093259736573733e-07,9.999998975906740917e-01,1.024093259736573601e-07,9.999998975906739807e-01
6.877579828510608724e-27,1.000000000000000000e+00,6.877579828510610159e-27,1.000000000000000000e+00
4.109082433261002351e-50,1.000000000000000000e+00,4.109082433261003300e-50,1.000000000000000000e+00
2.350216348640932794e-154,1.000000000000000000e+00,2.350216348640933125e-154,1.000000000000000000e+00
6.877579828510608724e-27,1.000000000000000000e+00,6.877579828510610159e-27,1.000000000000000000e+00
1.528371847541647868e-142,1.000000000000000000e+00,1.528371847541648050e-142,1.000000000000000000e+00
9.999996661814639642e-01,3.338185360618320194e-07,8.837212724996624871e-67,1.000000000000000000e+00
1.783269107183952147e-27,1.000000000000000000e+00,3.307133096612377804e-177,1.000000000000000000e+00
3.869696153037837773e-116,1.000000000000000000e+00,3.869696153037837773e-116,1.000000000000000000e+00
2.165113646021420885e-74,1.000000000000000000e+00,2.165113646021421278e-74,1.000000000000000000e+00
6.877579828510608724e-27,1.000000000000000000e+00,6.877579828510610159e-27,1.000000000000000000e+00
4.600492363018045496e-46,1.000000000000000000e+00,4.600492363018045496e-46,1.000000000000000000e+00
4.109082433261003300e-50,1.000000000000000000e+00,4.109082433261003300e-50,1.000000000000000000e+00
4.600492363018045496e-46,1.000000000000000000e+00,4.600492363018045496e-46,1.000000000000000000e+00
3.802272892227977025e-93,1.000000000000000000e+00,3.802272892227976599e-93,1.000000000000000000e+00
7.348060592059387583e-144,1.000000000000000000e+00,7.348060592059387583e-144,1.000000000000000000e+00
7.348060592059387583e-144,1.000000000000000000e+00,7.348060592059387583e-144,1.000000000000000000e+00
9.525930786121500800e-64,1.000000000000000000e+00,9.525930786121500800e-64,1.000000000000000000e+00
9.887602347579522721e-01,1.123976524204770358e-02,9.887602347579522721e-01,1.123976524204770358e-02
9.012425899289904031e-20,1.000000000000000000e+00,9.012425899289904031e-20,1.000000000000000000e+00
8.800956426142544717e-125,1.000000000000000000e+00,8.800956426142544717e-125,1.000000000000000000e+00
2.660874160976113805e-54,1.000000000000000000e+00,2.660874160976113805e-54,1.000000000000000000e+00
9.999999923441931227e-01,7.655806880270846242e-09,9.999999923441931227e-01,7.655806880270847897e-09
9.995273478293298375e-01,4.726521706701091764e-04,9.995273478293298375e-01,4.726521706701091222e-04
3.202751024689634444e-160,1.000000000000000000e+00,5.343204885220881611e-157,1.000000000000000000e+00
1.000000000000000000e+00,5.726714624773847896e-150,1.156995545522195163e-277,1.000000000000000000e+00
1.156995545522195182e-267,1.000000000000000000e+00,1.290545430472683011e-246,1.000000000000000000e+00
1.000000000000000000e+00,1.290545430472682938e-236,1.847381527147034752e-136,1.000000000000000000e+00
8.242547045220525608e-84,1.000000000000000000e+00,8.150702484892208800e-248,1.000000000000000000e+00
1.000000000000000000e+00,1.522712914820235402e-209,9.531825239619903911e-132,1.000000000000000000e+00
8.282882430750889094e-39,1.000000000000000000e+00,8.282882430750889094e-39,1.000000000000000000e+00
3.118280795817127755e-12,9.999999999968817166e-01,3.118280795817128158e-12,9.999999999968818276e-01
9.999971298270136089e-01,2.870172986448141955e-06,9.999971298270136089e-01,2.870172986448141955e-06
9.978702591859329729e-01,2.129740814067047038e-03,9.978702591859329729e-01,2.129740814067047471e-03
9.012425899289902827e-20,1.000000000000000000e+00,9.012425899289904031e-20,1.000000000000000000e+00
1.807898221891493712e-35,1.000000000000000000e+00,1.807898221891493712e-35,1.000000000000000000e+00
1.024093259736573601e-07,9.999998975906740917e-01,1.024093259736573601e-07,9.999998975906739807e-01
1.024093259736573733e-07,9.999998975906740917e-01,1.024093259736573733e-07,9.999998975906740917e-01
1.024093259736573733e-07,9.999998975906740917e-01,1.024093259736573733e-07,9.999998975906740917e-01
1.909432868991553385e-06,9.999980905671310705e-01,1.909432868991553385e-06,9.999980905671310705e-01
1.024093259736573601e-07,9.999998975906739807e-01,1.024093259736573866e-07,9.999998975906740917e-01
4.701494535366163713e-02,9.529850546463384253e-01,4.701494535366163019e-02,9.529850546463384253e-01
1.909432868991553385e-06,9.999980905671310705e-01,1.909432868991553385e-06,9.999980905671310705e-01
9.887602347579523832e-01,1.123976524204770358e-02,9.887602347579522721e-01,1.123976524204770358e-02
2.411949648358555544e-24,1.000000000000000000e+00,2.411949648358555177e-24,1.000000000000000000e+00
9.438928158119736681e-16,9.999999999999991118e-01,9.438928158119736681e-16,9.999999999999991118e-01
9.999999999952000618e-01,4.800040420001614590e-12,9.999999999952000618e-01,4.800040420001613782e-12
3.205186936486595985e-05,9.999679481306351647e-01,3.205186936486595985e-05,9.999679481306350537e-01
2.411949648358555544e-24,1.000000000000000000e+00,2.411949648358555544e-24,1.000000000000000000e+00
9.999999995101671590e-01,4.898329619760418450e-10,9.999999995101670480e-01,4.898329619760417416e-10
7.171004187937926044e-01,2.828995812062073956e-01,7.171004187937924934e-01,2.828995812062073401e-01
3.118280795817127351e-12,9.999999999968817166e-01,3.118280795817127351e-12,9.999999999968816056e-01
2.900305680572011246e-42,1.000000000000000000e+00,2.900305680572011246e-42,1.000000000000000000e+00
3.118280795817128158e-12,9.999999999968818276e-01,3.118280795817128158e-12,9.999999999968818276e-01
9.999999845245972629e-01,1.547540266019399329e-08,9.999999845245973740e-01,1.547540266019399660e-08
2.660874160976113805e-54,1.000000000000000000e+00,2.660874160976113805e-54,1.000000000000000000e+00
9.999999999411371965e-01,5.886277232197588033e-11,9.999999999411373075e-01,5.886277232197588033e-11
2.660874160976113805e-54,1.000000000000000000e+00,2.660874160976113805e-54,1.000000000000000000e+00
9.438928158119736681e-16,9.999999999999991118e-01,9.438928158119736681e-16,9.999999999999991118e-01
9.525930786121502150e-64,1.000000000000000000e+00,9.525930786121500800e-64,1.000000000000000000e+00
1.807898221891493979e-35,1.000000000000000000e+00,1.807898221891493712e-35,1.000000000000000000e+00
9.887602347579522721e-01,1.123976524204770358e-02,9.887602347579522721e-01,1.123976524204770358e-02
2.411949648358555544e-24,1.000000000000000000e+00,2.411949648358555544e-24,1.000000000000000000e+00
9.352388814067828455e-59,1.000000000000000000e+00,9.352388814067828455e-59,1.000000000000000000e+00
6.508554717770752254e-69,1.000000000000000000e+00,6.508554717770752254e-69,1.000000000000000000e+00
1.024093259736573601e-07,9.999998975906739807e-01,1.024093259736573601e-07,9.999998975906739807e-01
9.999912770566484754e-01,8.722943351413752912e-06,9.999912770566485865e-01,8.722943351413752912e-06
8.282882430750889094e-39,1.000000000000000000e+00,8.282882430750889094e-39,1.000000000000000000e+00
1.331061532889684792e-10,9.999999998668939183e-01,1.331061532889684533e-10,9.999999998668938073e-01
9.999989299898903727e-01,1.070010109750505134e-06,9.999989299898902617e-01,1.070010109750505346e-06
3.205186936486595985e-05,9.999679481306351647e-01,3.205186936486595307e-05,9.999679481306350537e-01
1.729472159106033239e-86,1.000000000000000000e+00,1.729472159106033239e-86,1.000000000000000000e+00
9.995273477505109971e-01,4.726522494890491037e-04,9.995273477505109971e-01,4.726522494890490495e-04
2.800694639690159971e-01,7.199305360309840029e-01,2.800694639690159971e-01,7.199305360309840029e-01
2.411949648358555544e-24,1.000000000000000000e+00,2.411949648358555544e-24,1.000000000000000000e+00
1.911837754375326853e-32,1.000000000000000000e+00,1.911837754375327127e-32,1.000000000000000000e+00
9.978702591859328619e-01,2.129740814067047038e-03,9.978702591859329729e-01,2.129740814067047038e-03
7.348060592059386445e-144,1.000000000000000000e+00,7.348060592059386445e-144,1.000000000000000000e+00
8.282882430750887789e-39,1.000000000000000000e+00,8.282882430750889094e-39,1.000000000000000000e+00
1.807898221891493979e-35,1.000000000000000000e+00,1.807898221891493712e-35,1.000000000000000000e+00
9.438928158119736681e-16,9.999999999999991118e-01,9.438928158119736681e-16,9.999999999999991118e-01
2.411949648358555911e-24,1.000000000000000000e+00,2.411949648358555544e-24,1.000000000000000000e+00
9.438928158119736681e-16,9.999999999999991118e-01,9.438928158119736681e-16,9.999999999999991118e-01
9.012425899289905234e-20,1.000000000000000000e+00,9.012425899289904031e-20,1.000000000000000000e+00
4.238036665316929609e-09,9.999999957619634117e-01,4.238036665316929609e-09,9.999999957619634117e-01
1.807898221891493445e-35,1.000000000000000000e+00,1.807898221891493445e-35,1.000000000000000000e+00
1.911837754375327127e-32,1.000000000000000000e+00,1.911837754375327127e-32,1.000000000000000000e+00
2.900305680572011246e-42,1.000000000000000000e+00,2.900305680572011246e-42,1.000000000000000000e+00
3.397932514560491463e-80,1.000000000000000000e+00,3.397932514560491463e-80,1.000000000000000000e+00
9.352388814067828455e-59,1.000000000000000000e+00,9.352388814067828455e-59,1.000000000000000000e+00
1.204632648621563613e-17,1.000000000000000000e+00,1.204632648621563613e-17,1.000000000000000000e+00
1.807898221891493445e-35,1.000000000000000000e+00,1.807898221891493712e-35,1.000000000000000000e+00
9.999999845245972629e-01,1.547540266019399660e-08,9.999999845245973740e-01,1.547540266019399660e-08
9.999999999411371965e-01,5.886277232197588033e-11,9.999999999411373075e-01,5.886277232197588033e-11
4.237959541171850840e-04,9.995762040458827657e-01,4.237959541171850840e-04,9.995762040458828768e-01
2.411949648358555911e-24,1.000000000000000000e+00,2.411949648358555544e-24,1.000000000000000000e+00
9.999999999937111417e-01,6.288878759718945524e-12,9.999999999937110307e-01,6.288878759718944716e-12
9.999999999894058078e-01,1.059421469870005238e-11,9.999999999894056968e-01,1.059421469870005077e-11
9.999999999952834395e-01,4.716556624748106862e-12,9.999999999952834395e-01,4.716556624748106862e-12
9.999999999955206942e-01,4.479402961151750704e-12,9.999999999955206942e-01,4.479402961151750704e-12
9.999999999916409088e-01,8.359062569193292266e-12,9.999999999916409088e-01,8.359062569193292266e-12
9.999999999952834395e-01,4.716556624748106862e-12,9.999999999952833285e-01,4.716556624748106862e-12
9.999999995101670480e-01,4.898329619760417416e-10,9.999999995101669370e-01,4.898329619760417416e-10
9.999999999899356062e-01,1.006436526542891039e-11,9.999999999899356062e-01,1.006436526542891039e-11
9.999999999950521801e-01,4.947834189931316794e-12,9.999999999950520690e-01,4.947834189931316794e-12
9.999999999948925300e-01,5.107369090363358548e-12,9.999999999948926410e-01,5.107369090363359356e-12
9.999999999944562123e-01,5.543774189792760389e-12,9.999999999944562123e-01,5.543774189792759581e-12
9.999999999916409088e-01,8.359062569193292266e-12,9.999999999916409088e-01,8.359062569193292266e-12
9.999999960903752649e-01,3.909624719461175298e-09,9.999999960903752649e-01,3.909624719461175298e-09
9.999999999952163821e-01,4.783576318034136769e-12,9.999999999952164931e-01,4.783576318034136769e-12
9.999999999948683271e-01,5.131695836121261630e-12,9.999999999948682161e-01,5.131695836121260823e-12
9.999999999922692950e-01,7.730700947268789679e-12,9.999999999922692950e-01,7.730700947268788063e-12
9.999999999951034724e-01,4.896557034157856500e-12,9.999999999951034724e-01,4.896557034157855692e-12
9.999999999952000618e-01,4.800040420001613782e-12,9.999999999951999508e-01,4.800040420001613782e-12
9.999999999899356062e-01,1.006436526542891039e-11,9.999999999899356062e-01,1.006436526542891200e-11
9.999999999954979346e-01,4.502010443866528031e-12,9.999999999954980456e-01,4.502010443866528839e-12
9.999999999944562123e-01,5.543774189792760389e-12,9.999999999944562123e-01,5.543774189792760389e-12
9.999999999899356062e-01,1.006436526542891039e-11,9.999999999899357173e-01,1.006436526542891200e-11
9.999999999899356062e-01,1.006436526542891039e-11,9.999999999899357173e-01,1.006436526542891200e-11
9.999999999899356062e-01,1.006436526542891039e-11,9.999999999899357173e-01,1.006436526542891200e-11
9.999999999899356062e-01,1.006436526542891039e-11,9.999999999899357173e-01,1.006436526542891200e-11
9.999999999899356062e-01,1.006436526542891039e-11,9.999999999899357173e-01,1.006436526542891200e-11
9.999999999954979346e-01,4.502010443866528031e-12,9.999999999954980456e-01,4.502010443866528839e-12
9.999999999954980456e-01,4.502010443866528839e-12,9.999999999954979346e-01,4.502010443866528839e-12
9.999999999944297890e-01,5.570273398599799102e-12,9.999999999944297890e-01,5.570273398599799910e-12
9.999999999899356062e-01,1.006436526542891039e-11,9.999999999899357173e-01,1.006436526542891200e-11
9.999999999905299086e-01,9.470110775080668656e-12,9.999999999905299086e-01,9.470110775080670271e-12
9.999999999905299086e-01,9.470110775080668656e-12,9.999999999905299086e-01,9.470110775080668656e-12
9.999999999899356062e-01,1.006436526542891039e-11,9.999999999899357173e-01,1.006436526542891200e-11
9.999999999952163821e-01,4.783576318034136769e-12,9.999999999952164931e-01,4.783576318034136769e-12
9.999999999899356062e-01,1.006436526542891039e-11,9.999999999899356062e-01,1.006436526542891200e-11
9.999999999918550708e-01,8.144940324079871441e-12,9.999999999918550708e-01,8.144940324079873057e-12
9.999999999913983251e-01,8.601674835731829553e-12,9.999999999913983251e-01,8.601674835731831169e-12
9.999999999951034724e-01,4.896557034157856500e-12,9.999999999951034724e-01,4.896557034157855692e-12
9.999999999919976235e-01,8.002350202515633392e-12,9.999999999919977345e-01,8.002350202515635008e-12
9.999999999945707874e-01,5.429193516044923935e-12,9.999999999945707874e-01,5.429193516044923127e-12
9.999999999913983251e-01,8.601674835731829553e-12,9.999999999913983251e-01,8.601674835731831169e-12
9.999999999933920636e-01,6.607938860822676397e-12,9.999999999933920636e-01,6.607938860822676397e-12
9.999999999947277729e-01,5.272117414844184293e-12,9.999999999947278839e-01,5.272117414844185101e-12
9.999999999919976235e-01,8.002350202515633392e-12,9.999999999919976235e-01,8.002350202515633392e-12
9.999999999936636241e-01,6.336410936240908115e-12,9.999999999936635131e-01,6.336410936240907307e-12
9.999999999933919526e-01,6.607938860822675590e-12,9.999999999933920636e-01,6.607938860822676397e-12
9.999999999899356062e-01,1.006436526542891039e-11,9.999999999899356062e-01,1.006436526542891039e-11
9.999999999955205832e-01,4.479402961151749896e-12,9.999999999955205832e-01,4.479402961151749896e-12
9.999999999899356062e-01,1.006436526542891039e-11,9.999999999899357173e-01,1.006436526542891200e-11
9.999999999932954742e-01,6.704528808002745863e-12,9.999999999932954742e-01,6.704528808002745055e-12
9.999999999929860550e-01,7.013891618672185690e-12,9.999999999929860550e-01,7.013891618672186498e-12
9.999999999899356062e-01,1.006436526542891039e-11,9.999999999899356062e-01,1.006436526542891200e-11
9.999999999940604178e-01,5.939534100410236530e-12,9.999999999940604178e-01,5.939534100410235722e-12
9.999999999923986360e-01,7.601346801520209623e-12,9.999999999923986360e-01,7.601346801520211239e-12
9.999999999899356062e-01,1.006436526542891039e-11,9.999999999899356062e-01,1.006436526542891200e-11
9.999999999944296780e-01,5.570273398599798295e-12,9.999999999944297890e-01,5.570273398599799910e-12
9.999999999926451055e-01,7.354885590984435982e-12,9.999999999926451055e-01,7.354885590984435982e-12
9.999999999899356062e-01,1.006436526542891039e-11,9.999999999899354952e-01,1.006436526542891039e-11
9.999999999952834395e-01,4.716556624748106862e-12,9.999999999952834395e-01,4.716556624748107670e-12
9.999999999916409088e-01,8.359062569193292266e-12,9.999999999916409088e-01,8.359062569193292266e-12
9.999999999952163821e-01,4.783576318034136769e-12,9.999999999952164931e-01,4.783576318034136769e-12
9.999999999926451055e-01,7.354885590984435982e-12,9.999999999926451055e-01,7.354885590984435982e-12
9.999999999949931162e-01,5.006829722064406512e-12,9.999999999949932272e-01,5.006829722064406512e-12
9.999999999927624561e-01,7.237517422312376059e-12,9.999999999927625671e-01,7.237517422312376867e-12
9.999999999949116258e-01,5.088395614210015273e-12,9.999999999949116258e-01,5.088395614210014465e-12
9.999999999953546048e-01,4.645487461534250861e-12,9.999999999953543828e-01,4.645487461534250054e-12
9.999999999919976235e-01,8.002350202515633392e-12,9.999999999919977345e-01,8.002350202515635008e-12
9.999999999899356062e-01,1.006436526542891039e-11,9.999999999899356062e-01,1.006436526542891039e-11
9.999999999940604178e-01,5.939534100410236530e-12,9.999999999940604178e-01,5.939534100410235722e-12
9.999999999943958162e-01,5.604174516143138606e-12,9.999999999943958162e-01,5.604174516143138606e-12
9.999999999905299086e-01,9.470110775080668656e-12,9.999999999905299086e-01,9.470110775080668656e-12
9.999999999905299086e-01,9.470110775080668656e-12,9.999999999905299086e-01,9.470110775080668656e-12
9.999999999927624561e-01,7.237517422312376059e-12,9.999999999927625671e-01,7.237517422312376867e-12
9.999999999954614083e-01,4.538601109210478302e-12,9.999999999954614083e-01,4.538601109210477494e-12
9.999999999946251883e-01,5.374910414105837471e-12,9.999999999946250773e-01,5.374910414105836663e-12
9.999999997909720939e-01,2.090278510401575842e-10,9.999999997909722049e-01,2.090278510401576359e-10
9.999999999913983251e-01,8.601674835731829553e-12,9.999999999913983251e-01,8.601674835731831169e-12
9.999999999905299086e-01,9.470110775080668656e-12,9.999999999905297976e-01,9.470110775080668656e-12
9.999999999953218532e-01,4.678158430787977657e-12,9.999999999953218532e-01,4.678158430787977657e-12
9.999999999915555327e-01,8.444435846311212636e-12,9.999999999915555327e-01,8.444435846311212636e-12
9.999999999922692950e-01,7.730700947268789679e-12,9.999999999922692950e-01,7.730700947268789679e-12
9.999999999203141865e-01,7.968584051111353135e-11,9.999999999203142975e-01,7.968584051111353135e-11
9.999999999955432317e-01,4.456731138890891663e-12,9.999999999955432317e-01,4.456731138890891663e-12
9.999999999411373075e-01,5.886277232197588033e-11,9.999999999411371965e-01,5.886277232197588033e-11
9.999999999926451055e-01,7.354885590984435982e-12,9.999999999926452166e-01,7.354885590984437598e-12
9.999999999954550800e-01,4.544940010514135871e-12,9.999999999954549690e-01,4.544940010514135063e-12
9.999999999954980456e-01,4.502010443866528839e-12,9.999999999954979346e-01,4.502010443866528839e-12
9.999999999954614083e-01,4.538601109210478302e-12,9.999999999954612973e-01,4.538601109210477494e-12
9.999999999899356062e-01,1.006436526542891039e-11,9.999999999899356062e-01,1.006436526542891200e-11
9.999999999905299086e-01,9.470110775080668656e-12,9.999999999905299086e-01,9.470110775080670271e-12
9.999999999899356062e-01,1.006436526542891039e-11,9.999999999899357173e-01,1.006436526542891200e-11
9.999999999899356062e-01,1.006436526542891039e-11,9.999999999899357173e-01,1.006436526542891200e-11
9.999999999955236918e-01,4.476278123312818642e-12,9.999999999955236918e-01,4.476278123312818642e-12
9.999999999949931162e-01,5.006829722064406512e-12,9.999999999949931162e-01,5.006829722064405704e-12
9.999999999942015272e-01,5.798478635471038006e-12,9.999999999942015272e-01,5.798478635471038814e-12
9.999999999942685847e-01,5.731468574474808568e-12,9.999999999942685847e-01,5.731468574474808568e-12
9.999999999933497641e-01,6.650344746665163633e-12,9.999999999933496531e-01,6.650344746665162825e-12
9.999999999954614083e-01,4.538601109210478302e-12,9.999999999954614083e-01,4.538601109210477494e-12
9.999999999933497641e-01,6.650344746665163633e-12,9.999999999933496531e-01,6.650344746665162825e-12
9.999999999946544982e-01,5.345521493516059227e-12,9.999999999946544982e-01,5.345521493516059227e-12
9.999999999952164931e-01,4.783576318034136769e-12,9.999999999952163821e-01,4.783576318034136769e-12
9.999999999941007189e-01,5.899290110926180300e-12,9.999999999941007189e-01,5.899290110926179492e-12
9.999999999953217422e-01,4.678158430787976849e-12,9.999999999953218532e-01,4.678158430787976849e-12
9.999999999899356062e-01,1.006436526542891039e-11,9.999999999899356062e-01,1.006436526542891039e-11
9.999999999773966364e-01,2.260333082473759073e-11,9.999999999773967474e-01,2.260333082473759396e-11
9.999999999949931162e-01,5.006829722064406512e-12,9.999999999949931162e-01,5.006829722064406512e-12
9.999999999930926364e-01,6.907402739801234838e-12,9.999999999930926364e-01,6.907402739801234838e-12
9.999999999955371255e-01,4.462777587618193441e-12,9.999999999955372365e-01,4.462777587618194249e-12
9.999999999899356062e-01,1.006436526542891039e-11,9.999999999899356062e-01,1.006436526542891200e-11
9.999999999906338255e-01,9.366147881026148911e-12,9.999999999906338255e-01,9.366147881026150527e-12
9.999999999906338255e-01,9.366147881026148911e-12,9.999999999906338255e-01,9.366147881026148911e-12
9.999999999809391360e-01,1.906088483044513552e-11,9.999999999809391360e-01,1.906088483044513552e-11
9.999999999948926410e-01,5.107369090363359356e-12,9.999999999948925300e-01,5.107369090363359356e-12
9.999999996834015858e-01,3.165983998578619151e-10,9.999999996834016969e-01,3.165983998578619668e-10
9.999999999860557098e-01,1.394431753188148140e-11,9.999999999860555988e-01,1.394431753188147817e-11
9.999999999906338255e-01,9.366147881026148911e-12,9.999999999906339365e-01,9.366147881026150527e-12
9.999999999899356062e-01,1.006436526542891039e-11,9.999999999899356062e-01,1.006436526542891039e-11
9.998888664507017410e-01,1.111335492982466939e-04,9.998888664507018520e-01,1.111335492982467210e-04
9.999999999837737574e-01,1.622624383813330564e-11,9.999999999837737574e-01,1.622624383813330241e-11
9.999999999411371965e-01,5.886277232197588033e-11,9.999999999411371965e-01,5.886277232197588033e-11
9.999999999954550800e-01,4.544940010514135871e-12,9.999999999954550800e-01,4.544940010514135871e-12
9.999999999932953632e-01,6.704528808002745055e-12,9.999999999932954742e-01,6.704528808002745863e-12
9.999999999899356062e-01,1.006436526542891039e-11,9.999999999899357173e-01,1.006436526542891039e-11
9.999999999950521801e-01,4.947834189931316794e-12,9.999999999950520690e-01,4.947834189931316794e-12
9.999999999950521801e-01,4.947834189931316794e-12,9.999999999950521801e-01,4.947834189931316794e-12
9.999999999899356062e-01,1.006436526542891039e-11,9.999999999899357173e-01,1.006436526542891200e-11
9.999999999899356062e-01,1.006436526542891039e-11,9.999999999899357173e-01,1.006436526542891200e-11
9.999999999923419036e-01,7.658139894305021288e-12,9.999999999923417926e-01,7.658139894305021288e-12
9.999999999954979346e-01,4.502010443866528031e-12,9.999999999954980456e-01,4.502010443866529647e-12
9.999999999773966364e-01,2.260333082473759073e-11,9.999999999773967474e-01,2.260333082473759396e-11
9.999999999720921018e-01,2.790791985106789341e-11,9.999999999720921018e-01,2.790791985106789018e-11
2.165113646021421278e-74,1.000000000000000000e+00,2.165113646021421278e-74,1.000000000000000000e+00
1.909432868991553385e-06,9.999980905671310705e-01,1.909432868991553385e-06,9.999980905671310705e-01
3.118280795817127755e-12,9.999999999968817166e-01,3.118280795817127755e-12,9.999999999968817166e-01
6.877579828510608724e-27,1.000000000000000000e+00,6.877579828510610159e-27,1.000000000000000000e+00
1.807898221891493445e-35,1.000000000000000000e+00,1.807898221891493712e-35,1.000000000000000000e+00
1.280513414429709305e-29,1.000000000000000000e+00,1.280513414429709305e-29,1.000000000000000000e+00
2.800694639690159971e-01,7.199305360309838919e-01,2.800694639690159971e-01,7.199305360309838919e-01
9.978702591859328619e-01,2.129740814067047038e-03,9.978702591859329729e-01,2.129740814067047471e-03
9.012425899289902827e-20,1.000000000000000000e+00,9.012425899289902827e-20,1.000000000000000000e+00
1.124671678128929187e-38,1.000000000000000000e+00,1.124671678128929187e-38,1.000000000000000000e+00
8.798515475315479912e-53,1.000000000000000000e+00,1.438796991164049439e-74,1.000000000000000000e+00
3.746570339663696068e-17,1.000000000000000000e+00,6.045497239980972800e-108,1.000000000000000000e+00
9.525930786121500800e-64,1.000000000000000000e+00,9.525930786121500800e-64,1.000000000000000000e+00
9.978702591859329729e-01,2.129740814067047471e-03,9.978702591859329729e-01,2.129740814067047038e-03
9.999999999650964755e-01,3.490349648744018900e-11,9.999999999650964755e-01,3.490349648744018253e-11
4.109082433261003300e-50,1.000000000000000000e+00,4.109082433261003300e-50,1.000000000000000000e+00
1.280513414429709305e-29,1.000000000000000000e+00,1.280513414429709305e-29,1.000000000000000000e+00
9.995273477505109971e-01,4.726522494890491037e-04,9.995273477505109971e-01,4.726522494890490495e-04
7.171004187937927155e-01,2.828995812062073956e-01,7.171004187937926044e-01,2.828995812062073401e-01
9.999989299898902617e-01,1.070010109750505346e-06,9.999989299898903727e-01,1.070010109750505346e-06
9.999912770566485865e-01,8.722943351413754606e-06,9.999912770566485865e-01,8.722943351413754606e-06
9.999999845245973740e-01,1.547540266019399660e-08,9.999999845245972629e-01,1.547540266019399660e-08
1.909432868991552961e-06,9.999980905671309594e-01,1.909432868991552961e-06,9.999980905671310705e-01
1.204632648621563613e-17,1.000000000000000000e+00,1.204632648621563613e-17,1.000000000000000000e+00
9.999999999944297890e-01,5.570273398599799102e-12,9.999999999944297890e-01,5.570273398599799102e-12
4.600492363018045496e-46,1.000000000000000000e+00,4.600492363018045496e-46,1.000000000000000000e+00
9.999999999650964755e-01,3.490349648744018900e-11,9.999999999650965865e-01,3.490349648744018900e-11
4.238036665316928782e-09,9.999999957619633006e-01,4.238036665316928782e-09,9.999999957619633006e-01
9.999999998902970866e-01,1.097029182965418691e-10,9.999999998902970866e-01,1.097029182965418820e-10
9.999999999860557098e-01,1.394431753188147979e-11,9.999999999860557098e-01,1.394431753188148140e-11
9.999999999773966364e-01,2.260333082473759073e-11,9.999999999773966364e-01,2.260333082473759396e-11
9.999999999941007189e-01,5.899290110926179492e-12,9.999999999941007189e-01,5.899290110926179492e-12
9.999999999952000618e-01,4.800040420001613782e-12,9.999999999951999508e-01,4.800040420001612974e-12
9.999999999955433427e-01,4.456731138890892471e-12,9.999999999955432317e-01,4.456731138890891663e-12
9.999999352164864463e-01,6.478351360390026586e-08,9.999999352164863353e-01,6.478351360390025263e-08
7.171004187937926044e-01,2.828995812062073401e-01,7.171004187937926044e-01,2.828995812062073956e-01
9.999999999941007189e-01,5.899290110926178684e-12,9.999999999941008300e-01,5.899290110926180300e-12
9.999999999908945059e-01,9.105508767194553439e-12,9.999999999908945059e-01,9.105508767194553439e-12
9.999999999899356062e-01,1.006436526542891039e-11,9.999999999899356062e-01,1.006436526542891039e-11
9.999999999899356062e-01,1.006436526542891039e-11,9.999999999899357173e-01,1.006436526542891200e-11
9.999999999899356062e-01,1.006436526542891039e-11,9.999999999899357173e-01,1.006436526542891200e-11
9.999999999899356062e-01,1.006436526542891039e-11,9.999999999899357173e-01,1.006436526542891200e-11
9.999999999899356062e-01,1.006436526542891039e-11,9.999999999899357173e-01,1.006436526542891200e-11
9.999999999899356062e-01,1.006436526542891039e-11,9.999999999899357173e-01,1.006436526542891200e-11
9.999999999899356062e-01,1.006436526542891039e-11,9.999999999899357173e-01,1.006436526542891200e-11
9.999999999899356062e-01,1.006436526542891039e-11,9.999999999899357173e-01,1.006436526542891200e-11
9.999999999899356062e-01,1.006436526542891039e-11,9.999999999899357173e-01,1.006436526542891200e-11
9.999999999905299086e-01,9.470110775080668656e-12,9.999999999905299086e-01,9.470110775080670271e-12
9.999999999899356062e-01,1.006436526542891039e-11,9.999999999899357173e-01,1.006436526542891200e-11
9.999999999899356062e-01,1.006436526542891039e-11,9.999999999899357173e-01,1.006436526542891200e-11
9.999999999899356062e-01,1.006436526542891039e-11,9.999999999899357173e-01,1.006436526542891200e-11
9.999999999899356062e-01,1.006436526542891039e-11,9.999999999899357173e-01,1.006436526542891200e-11
9.995273477505109971e-01,4.726522494890490495e-04,9.995273477505108861e-01,4.726522494890490495e-04
9.999999999899356062e-01,1.006436526542891039e-11,9.999999999899356062e-01,1.006436526542891200e-11
9.999999999899356062e-01,1.006436526542891039e-11,9.999999999899357173e-01,1.006436526542891200e-11
7.171004187937926044e-01,2.828995812062073956e-01,7.171004187937926044e-01,2.828995812062073956e-01
9.999999999899357173e-01,1.006436526542891039e-11,9.999999999899356062e-01,1.006436526542891039e-11
9.999999999899356062e-01,1.006436526542891039e-11,9.999999999899357173e-01,1.006436526542891200e-11
9.999999999899356062e-01,1.006436526542891039e-11,9.999999999899357173e-01,1.006436526542891200e-11
9.999999999899356062e-01,1.006436526542891039e-11,9.999999999899357173e-01,1.006436526542891200e-11
9.999999999899356062e-01,1.006436526542891039e-11,9.999999999899357173e-01,1.006436526542891200e-11
9.999999999899356062e-01,1.006436526542891039e-11,9.999999999899357173e-01,1.006436526542891200e-11
9.999999999899356062e-01,1.006436526542891039e-11,9.999999999899357173e-01,1.006436526542891200e-11
9.999999999899356062e-01,1.006436526542891039e-11,9.999999999899357173e-01,1.006436526542891200e-11
9.999999999923419036e-01,7.658139894305021288e-12,9.999999999923417926e-01,7.658139894305021288e-12
9.999999999953544938e-01,4.645487461534250054e-12,9.999999999953546048e-01,4.645487461534251669e-12
9.999999999899356062e-01,1.006436526542891039e-11,9.999999999899354952e-01,1.006436526542891039e-11
9.999999999899356062e-01,1.006436526542891039e-11,9.999999999899357173e-01,1.006436526542891200e-11
9.999999999899356062e-01,1.006436526542891039e-11,9.999999999899357173e-01,1.006436526542891200e-11
9.999999999899356062e-01,1.006436526542891039e-11,9.999999999899357173e-01,1.006436526542891200e-11
9.999999999899356062e-01,1.006436526542891039e-11,9.999999999899357173e-01,1.006436526542891200e-11
9.999999998902970866e-01,1.097029182965418691e-10,9.999999998902970866e-01,1.097029182965418691e-10
9.999999999899356062e-01,1.006436526542891039e-11,9.999999999899356062e-01,1.006436526542891039e-11
9.999999999899356062e-01,1.006436526542891039e-11,9.999999999899357173e-01,1.006436526542891200e-11
9.999999999899356062e-01,1.006436526542891039e-11,9.999999999899357173e-01,1.006436526542891200e-11
9.999999999899356062e-01,1.006436526542891039e-11,9.999999999899357173e-01,1.006436526542891200e-11
9.999999999899356062e-01,1.006436526542891039e-11,9.999999999899357173e-01,1.006436526542891200e-11
9.999999999899356062e-01,1.006436526542891039e-11,9.999999999899357173e-01,1.006436526542891200e-11
9.999999999899356062e-01,1.006436526542891039e-11,9.999999999899357173e-01,1.006436526542891200e-11
9.999999999899356062e-01,1.006436526542891039e-11,9.999999999899357173e-01,1.006436526542891200e-11
9.999999999927624561e-01,7.237517422312376059e-12,9.999999999927625671e-01,7.237517422312376867e-12
9.999999999899356062e-01,1.006436526542891039e-11,9.999999999899356062e-01,1.006436526542891039e-11
9.999999999899356062e-01,1.006436526542891039e-11,9.999999999899357173e-01,1.006436526542891200e-11
9.999999999910679227e-01,8.932022517413166050e-12,9.999999999910680337e-01,8.932022517413166050e-12
9.999999999899356062e-01,1.006436526542891039e-11,9.999999999899357173e-01,1.006436526542891039e-11
9.999999999899356062e-01,1.006436526542891039e-11,9.999999999899357173e-01,1.006436526542891200e-11
9.999999999899356062e-01,1.006436526542891039e-11,9.999999999899357173e-01,1.006436526542891200e-11
9.999999999899356062e-01,1.006436526542891039e-11,9.999999999899357173e-01,1.006436526542891200e-11
9.999999999899356062e-01,1.006436526542891039e-11,9.999999999899357173e-01,1.006436526542891200e-11
9.999999999899356062e-01,1.006436526542891039e-11,9.999999999899357173e-01,1.006436526542891200e-11
9.999999999899356062e-01,1.006436526542891039e-11,9.999999999899357173e-01,1.006436526542891200e-11
9.999999999944296780e-01,5.570273398599798295e-12,9.999999999944297890e-01,5.570273398599799102e-12
9.999999999899356062e-01,1.006436526542891039e-11,9.999999999899357173e-01,1.006436526542891200e-11
9.999999999905299086e-01,9.470110775080668656e-12,9.999999999905299086e-01,9.470110775080670271e-12
9.999999999899356062e-01,1.006436526542891039e-11,9.999999999899357173e-01,1.006436526542891200e-11
9.999999999899356062e-01,1.006436526542891039e-11,9.999999999899357173e-01,1.006436526542891200e-11
9.999999999899356062e-01,1.006436526542891039e-11,9.999999999899357173e-01,1.006436526542891200e-11
9.999999999899356062e-01,1.006436526542891039e-11,9.999999999899357173e-01,1.006436526542891200e-11
9.999999999899356062e-01,1.006436526542891039e-11,9.999999999899357173e-01,1.006436526542891200e-11
9.999999999899356062e-01,1.006436526542891039e-11,9.999999999899357173e-01,1.006436526542891200e-11
9.999999999926451055e-01,7.354885590984435982e-12,9.999999999926449945e-01,7.354885590984435982e-12
9.999999999899356062e-01,1.006436526542891039e-11,9.999999999899354952e-01,1.006436526542891039e-11
9.999999999899356062e-01,1.006436526542891039e-11,9.999999999899357173e-01,1.006436526542891200e-11
9.999999999899356062e-01,1.006436526542891039e-11,9.999999999899357173e-01,1.006436526542891200e-11
9.999999999899356062e-01,1.006436526542891039e-11,9.999999999899357173e-01,1.006436526542891200e-11
9.999999999899356062e-01,1.006436526542891039e-11,9.999999999899357173e-01,1.006436526542891200e-11
9.999999999899356062e-01,1.006436526542891039e-11,9.999999999899357173e-01,1.006436526542891200e-11
9.999999999899356062e-01,1.006436526542891039e-11,9.999999999899357173e-01,1.006436526542891200e-11
9.999999999899356062e-01,1.006436526542891039e-11,9.999999999899357173e-01,1.006436526542891200e-11
9.999999999942685847e-01,5.731468574474808568e-12,9.999999999942685847e-01,5.731468574474808568e-12
9.999999999899356062e-01,1.006436526542891039e-11,9.999999999899356062e-01,1.006436526542891039e-11
9.999999999899356062e-01,1.006436526542891039e-11,9.999999999899357173e-01,1.006436526542891200e-11
9.999999999899356062e-01,1.006436526542891039e-11,9.999999999899357173e-01,1.006436526542891200e-11
9.999999999899356062e-01,1.006436526542891039e-11,9.999999999899357173e-01,1.006436526542891200e-11
9.999999999899356062e-01,1.006436526542891039e-11,9.999999999899357173e-01,1.006436526542891200e-11
9.999999999899356062e-01,1.006436526542891039e-11,9.999999999899357173e-01,1.006436526542891200e-11
9.999999999899356062e-01,1.006436526542891039e-11,9.999999999899357173e-01,1.006436526542891200e-11
9.999999999899356062e-01,1.006436526542891039e-11,9.999999999899357173e-01,1.006436526542891200e-11
9.999999999899356062e-01,1.006436526542891039e-11,9.999999999899357173e-01,1.006436526542891200e-11
9.999999999899356062e-01,1.006436526542891039e-11,9.999999999899357173e-01,1.006436526542891200e-11
9.999999999899356062e-01,1.006436526542891039e-11,9.999999999899357173e-01,1.006436526542891200e-11
9.999999999899356062e-01,1.006436526542891039e-11,9.999999999899357173e-01,1.006436526542891200e-11
9.999999999899356062e-01,1.006436526542891039e-11,9.999999999899357173e-01,1.006436526542891200e-11
9.999999999916409088e-01,8.359062569193290650e-12,9.999999999916409088e-01,8.359062569193292266e-12
9.999999999899356062e-01,1.006436526542891039e-11,9.999999999899356062e-01,1.006436526542891200e-11
9.999999999899356062e-01,1.006436526542891039e-11,9.999999999899357173e-01,1.006436526542891200e-11
9.999999999899356062e-01,1.006436526542891039e-11,9.999999999899357173e-01,1.006436526542891200e-11
9.999999999899356062e-01,1.006436526542891039e-11,9.999999999899357173e-01,1.006436526542891200e-11
9.999999999899356062e-01,1.006436526542891039e-11,9.999999999899357173e-01,1.006436526542891200e-11
9.999999999899356062e-01,1.006436526542891039e-11,9.999999999899357173e-01,1.006436526542891200e-11
9.999999999905299086e-01,9.470110775080668656e-12,9.999999999905299086e-01,9.470110775080670271e-12
9.999999999927624561e-01,7.237517422312376059e-12,9.999999999927625671e-01,7.237517422312376867e-12
9.999999999953546048e-01,4.645487461534250861e-12,9.999999999953544938e-01,4.645487461534250054e-12
9.999999999899356062e-01,1.006436526542891039e-11,9.999999999899354952e-01,1.006436526542891039e-11
9.999999999908945059e-01,9.105508767194553439e-12,9.999999999908945059e-01,9.105508767194555055e-12
9.999999999899356062e-01,1.006436526542891039e-11,9.999999999899356062e-01,1.006436526542891200e-11
9.999999999899356062e-01,1.006436526542891039e-11,9.999999999899357173e-01,1.006436526542891200e-11
9.999999999899356062e-01,1.006436526542891039e-11,9.999999999899357173e-01,1.006436526542891200e-11
9.999999999899356062e-01,1.006436526542891039e-11,9.999999999899357173e-01,1.006436526542891200e-11
9.999999999899356062e-01,1.006436526542891039e-11,9.999999999899357173e-01,1.006436526542891200e-11
9.999999999899356062e-01,1.006436526542891039e-11,9.999999999899357173e-01,1.006436526542891200e-11
9.999999999899356062e-01,1.006436526542891039e-11,9.999999999899357173e-01,1.006436526542891200e-11
9.999999999899356062e-01,1.006436526542891039e-11,9.999999999899357173e-01,1.006436526542891200e-11
9.999999999899356062e-01,1.006436526542891039e-11,9.999999999899357173e-01,1.006436526542891200e-11
9.999999999899356062e-01,1.006436526542891039e-11,9.999999999899357173e-01,1.006436526542891200e-11
9.999999999905299086e-01,9.470110775080668656e-12,9.999999999905299086e-01,9.470110775080670271e-12
9.999999999899356062e-01,1.006436526542891039e-11,9.999999999899357173e-01,1.006436526542891200e-11
9.999999999899356062e-01,1.006436526542891039e-11,9.999999999899357173e-01,1.006436526542891200e-11
9.999999999899356062e-01,1.006436526542891039e-11,9.999999999899357173e-01,1.006436526542891200e-11
9.999999999915555327e-01,8.444435846311211020e-12,9.999999999915555327e-01,8.444435846311212636e-12
9.999999999905299086e-01,9.470110775080668656e-12,9.999999999905299086e-01,9.470110775080670271e-12
9.999999999899356062e-01,1.006436526542891039e-11,9.999999999899357173e-01,1.006436526542891200e-11
9.999999999899356062e-01,1.006436526542891039e-11,9.999999999899357173e-01,1.006436526542891200e-11
9.999999999899356062e-01,1.006436526542891039e-11,9.999999999899357173e-01,1.006436526542891200e-11
9.999999999899356062e-01,1.006436526542891039e-11,9.999999999899357173e-01,1.006436526542891200e-11
9.999999999899356062e-01,1.006436526542891039e-11,9.999999999899357173e-01,1.006436526542891200e-11
9.999999999899356062e-01,1.006436526542891039e-11,9.999999999899357173e-01,1.006436526542891200e-11
9.999999999899356062e-01,1.006436526542891039e-11,9.999999999899357173e-01,1.006436526542891200e-11
9.999999999899356062e-01,1.006436526542891039e-11,9.999999999899357173e-01,1.006436526542891200e-11
9.999999999899356062e-01,1.006436526542891039e-11,9.999999999899357173e-01,1.006436526542891200e-11
9.999999999899356062e-01,1.006436526542891039e-11,9.999999999899357173e-01,1.006436526542891200e-11
9.999999999899356062e-01,1.006436526542891039e-11,9.999999999899357173e-01,1.006436526542891200e-11
9.999999999899356062e-01,1.006436526542891039e-11,9.999999999899357173e-01,1.006436526542891200e-11
9.999999999899356062e-01,1.006436526542891039e-11,9.999999999899357173e-01,1.006436526542891200e-11
9.999999999899356062e-01,1.006436526542891039e-11,9.999999999899357173e-01,1.006436526542891200e-11
9.999999999899356062e-01,1.006436526542891039e-11,9.999999999899357173e-01,1.006436526542891200e-11
9.999999999899356062e-01,1.006436526542891039e-11,9.999999999899357173e-01,1.006436526542891200e-11
9.999999999899356062e-01,1.006436526542891039e-11,9.999999999899357173e-01,1.006436526542891200e-11
9.999999999899356062e-01,1.006436526542891039e-11,9.999999999899357173e-01,1.006436526542891200e-11
9.999999999899356062e-01,1.006436526542891039e-11,9.999999999899357173e-01,1.006436526542891200e-11
9.999999999899356062e-01,1.006436526542891039e-11,9.999999999899357173e-01,1.006436526542891200e-11
9.999999999899356062e-01,1.006436526542891039e-11,9.999999999899357173e-01,1.006436526542891200e-11
9.999999999899356062e-01,1.006436526542891039e-11,9.999999999899357173e-01,1.006436526542891200e-11
9.999999999899356062e-01,1.006436526542891039e-11,9.999999999899357173e-01,1.006436526542891200e-11
9.999999999899356062e-01,1.006436526542891039e-11,9.999999999899357173e-01,1.006436526542891200e-11
9.999999999899356062e-01,1.006436526542891039e-11,9.999999999899357173e-01,1.006436526542891200e-11
9.999999999899356062e-01,1.006436526542891039e-11,9.999999999899357173e-01,1.006436526542891200e-11
9.999999999899356062e-01,1.006436526542891039e-11,9.999999999899357173e-01,1.006436526542891200e-11
9.999999999899356062e-01,1.006436526542891039e-11,9.999999999899357173e-01,1.006436526542891200e-11
9.999999999899356062e-01,1.006436526542891039e-11,9.999999999899357173e-01,1.006436526542891200e-11
9.999999999899356062e-01,1.006436526542891039e-11,9.999999999899357173e-01,1.006436526542891200e-11
9.999999999948926410e-01,5.107369090363359356e-12,9.999999999948925300e-01,5.107369090363359356e-12
9.999999999899356062e-01,1.006436526542891039e-11,9.999999999899356062e-01,1.006436526542891039e-11
9.999999999899356062e-01,1.006436526542891039e-11,9.999999999899357173e-01,1.006436526542891200e-11
9.999999999899356062e-01,1.006436526542891039e-11,9.999999999899357173e-01,1.006436526542891200e-11
9.999999999899356062e-01,1.006436526542891039e-11,9.999999999899357173e-01,1.006436526542891200e-11
9.999999999899356062e-01,1.006436526542891039e-11,9.999999999899357173e-01,1.006436526542891200e-11
9.999999999899356062e-01,1.006436526542891039e-11,9.999999999899357173e-01,1.006436526542891200e-11
9.999999999899356062e-01,1.006436526542891039e-11,9.999999999899357173e-01,1.006436526542891200e-11
9.999999999899356062e-01,1.006436526542891039e-11,9.999999999899357173e-01,1.006436526542891200e-11
9.999999999899356062e-01,1.006436526542891039e-11,9.999999999899357173e-01,1.006436526542891200e-11
9.999999999899356062e-01,1.006436526542891039e-11,9.999999999899357173e-01,1.006436526542891200e-11
9.999999999899356062e-01,1.006436526542891039e-11,9.999999999899357173e-01,1.006436526542891200e-11
9.999999999899356062e-01,1.006436526542891039e-11,9.999999999899357173e-01,1.006436526542891200e-11
9.999999999899356062e-01,1.006436526542891039e-11,9.999999999899357173e-01,1.006436526542891200e-11
9.999999999945707874e-01,5.429193516044923935e-12,9.999999999945708984e-01,5.429193516044923935e-12
9.999999999954614083e-01,4.538601109210478302e-12,9.999999999954614083e-01,4.538601109210478302e-12
9.999999999899356062e-01,1.006436526542891039e-11,9.999999999899356062e-01,1.006436526542891200e-11
9.999999999899356062e-01,1.006436526542891039e-11,9.999999999899357173e-01,1.006436526542891200e-11
9.999999999899356062e-01,1.006436526542891039e-11,9.999999999899357173e-01,1.006436526542891200e-11
9.999999999899356062e-01,1.006436526542891039e-11,9.999999999899357173e-01,1.006436526542891200e-11
9.999999999899356062e-01,1.006436526542891039e-11,9.999999999899357173e-01,1.006436526542891200e-11
9.999999999899356062e-01,1.006436526542891039e-11,9.999999999899357173e-01,1.006436526542891200e-11
9.999999999899356062e-01,1.006436526542891039e-11,9.999999999899357173e-01,1.006436526542891200e-11
9.999999999899356062e-01,1.006436526542891039e-11,9.999999999899357173e-01,1.006436526542891200e-11
9.999999999899356062e-01,1.006436526542891039e-11,9.999999999899357173e-01,1.006436526542891200e-11
9.999999999929860550e-01,7.013891618672186498e-12,9.999999999929861660e-01,7.013891618672187306e-12
9.999999999937110307e-01,6.288878759718944716e-12,9.999999999937111417e-01,6.288878759718944716e-12
9.999999999899356062e-01,1.006436526542891039e-11,9.999999999899356062e-01,1.006436526542891039e-11
9.999999999899356062e-01,1.006436526542891039e-11,9.999999999899357173e-01,1.006436526542891200e-11
9.999999999899356062e-01,1.006436526542891039e-11,9.999999999899357173e-01,1.006436526542891200e-11
9.999999999899356062e-01,1.006436526542891039e-11,9.999999999899357173e-01,1.006436526542891200e-11
9.999999999899356062e-01,1.006436526542891039e-11,9.999999999899357173e-01,1.006436526542891200e-11
9.999999999899356062e-01,1.006436526542891039e-11,9.999999999899357173e-01,1.006436526542891200e-11
9.999999999899356062e-01,1.006436526542891039e-11,9.999999999899357173e-01,1.006436526542891200e-11
9.999999999899356062e-01,1.006436526542891039e-11,9.999999999899357173e-01,1.006436526542891200e-11
9.999999999899356062e-01,1.006436526542891039e-11,9.999999999899357173e-01,1.006436526542891200e-11
9.999999999899356062e-01,1.006436526542891039e-11,9.999999999899357173e-01,1.006436526542891200e-11
9.999999999899356062e-01,1.006436526542891039e-11,9.999999999899357173e-01,1.006436526542891200e-11
9.999999999899356062e-01,1.006436526542891039e-11,9.999999999899357173e-01,1.006436526542891200e-11
9.999999999899356062e-01,1.006436526542891039e-11,9.999999999899357173e-01,1.006436526542891200e-11
9.999999999899356062e-01,1.006436526542891039e-11,9.999999999899357173e-01,1.006436526542891200e-11
9.999999999899356062e-01,1.006436526542891039e-11,9.999999999899357173e-01,1.006436526542891200e-11
9.999999999926451055e-01,7.354885590984435982e-12,9.999999999926449945e-01,7.354885590984435982e-12
9.999999999899356062e-01,1.006436526542891039e-11,9.999999999899354952e-01,1.006436526542891039e-11
9.999999999899356062e-01,1.006436526542891039e-11,9.999999999899357173e-01,1.006436526542891200e-11
9.999999999899356062e-01,1.006436526542891039e-11,9.999999999899357173e-01,1.006436526542891200e-11
9.999999999899356062e-01,1.006436526542891039e-11,9.999999999899357173e-01,1.006436526542891200e-11
9.999999999899356062e-01,1.006436526542891039e-11,9.999999999899357173e-01,1.006436526542891200e-11
9.999999999899356062e-01,1.006436526542891039e-11,9.999999999899357173e-01,1.006436526542891200e-11
9.999999999899356062e-01,1.006436526542891039e-11,9.999999999899357173e-01,1.006436526542891200e-11
9.999999999899356062e-01,1.006436526542891039e-11,9.999999999899357173e-01,1.006436526542891200e-11
9.999999999899356062e-01,1.006436526542891039e-11,9.999999999899357173e-01,1.006436526542891200e-11
9.999999999899356062e-01,1.006436526542891039e-11,9.999999999899357173e-01,1.006436526542891200e-11
9.999999999899356062e-01,1.006436526542891039e-11,9.999999999899357173e-01,1.006436526542891200e-11
9.999999999899356062e-01,1.006436526542891039e-11,9.999999999899357173e-01,1.006436526542891200e-11
9.999999999899356062e-01,1.006436526542891039e-11,9.999999999899357173e-01,1.006436526542891200e-11
9.999999999899356062e-01,1.006436526542891039e-11,9.999999999899357173e-01,1.006436526542891200e-11
9.999999999899356062e-01,1.006436526542891039e-11,9.999999999899357173e-01,1.006436526542891200e-11
9.999999999899356062e-01,1.006436526542891039e-11,9.999999999899357173e-01,1.006436526542891200e-11
9.999999999899356062e-01,1.006436526542891039e-11,9.999999999899357173e-01,1.006436526542891200e-11
9.999999999899356062e-01,1.006436526542891039e-11,9.999999999899357173e-01,1.006436526542891200e-11
9.999999999899356062e-01,1.006436526542891039e-11,9.999999999899357173e-01,1.006436526542891200e-11
9.999999999899356062e-01,1.006436526542891039e-11,9.999999999899357173e-01,1.006436526542891200e-11
9.999999999899356062e-01,1.006436526542891039e-11,9.999999999899357173e-01,1.006436526542891200e-11
9.999999999951999508e-01,4.800040420001612974e-12,9.999999999951999508e-01,4.800040420001613782e-12
9.999999999899356062e-01,1.006436526542891039e-11,9.999999999899356062e-01,1.006436526542891200e-11
9.999999999899356062e-01,1.006436526542891039e-11,9.999999999899357173e-01,1.006436526542891200e-11
9.999999999899356062e-01,1.006436526542891039e-11,9.999999999899357173e-01,1.006436526542891200e-11
9.999999999899356062e-01,1.006436526542891039e-11,9.999999999899357173e-01,1.006436526542891200e-11
9.999999999899356062e-01,1.006436526542891039e-11,9.999999999899357173e-01,1.006436526542891200e-11
9.999999999899356062e-01,1.006436526542891039e-11,9.999999999899357173e-01,1.006436526542891200e-11
9.999999999954614083e-01,4.538601109210477494e-12,9.999999999954614083e-01,4.538601109210478302e-12
9.999999999899356062e-01,1.006436526542891039e-11,9.999999999899356062e-01,1.006436526542891039e-11
9.999999999899356062e-01,1.006436526542891039e-11,9.999999999899357173e-01,1.006436526542891200e-11
9.999999999899356062e-01,1.006436526542891039e-11,9.999999999899357173e-01,1.006436526542891200e-11
9.999999999899356062e-01,1.006436526542891039e-11,9.999999999899357173e-01,1.006436526542891200e-11
9.999999999899356062e-01,1.006436526542891039e-11,9.999999999899357173e-01,1.006436526542891200e-11
9.999999999899356062e-01,1.006436526542891039e-11,9.999999999899357173e-01,1.006436526542891200e-11
9.999999999899356062e-01,1.006436526542891039e-11,9.999999999899357173e-01,1.006436526542891200e-11
9.999999999899356062e-01,1.006436526542891039e-11,9.999999999899357173e-01,1.006436526542891200e-11
9.999999999899356062e-01,1.006436526542891039e-11,9.999999999899357173e-01,1.006436526542891200e-11
9.999999999933920636e-01,6.607938860822676397e-12,9.999999999933921746e-01,6.607938860822676397e-12
9.999999999899356062e-01,1.006436526542891039e-11,9.999999999899356062e-01,1.006436526542891039e-11
9.999999999899356062e-01,1.006436526542891039e-11,9.999999999899357173e-01,1.006436526542891200e-11
9.999999999899356062e-01,1.006436526542891039e-11,9.999999999899357173e-01,1.006436526542891200e-11
9.999999999899356062e-01,1.006436526542891039e-11,9.999999999899357173e-01,1.006436526542891200e-11
9.999999999899356062e-01,1.006436526542891039e-11,9.999999999899357173e-01,1.006436526542891200e-11
9.999999999899356062e-01,1.006436526542891039e-11,9.999999999899357173e-01,1.006436526542891200e-11
9.999999999899356062e-01,1.006436526542891039e-11,9.999999999899357173e-01,1.006436526542891200e-11
9.999999999899356062e-01,1.006436526542891039e-11,9.999999999899357173e-01,1.006436526542891200e-11
9.999999999899356062e-01,1.006436526542891039e-11,9.999999999899357173e-01,1.006436526542891200e-11
9.999999999899356062e-01,1.006436526542891039e-11,9.999999999899357173e-01,1.006436526542891200e-11
9.999999999899356062e-01,1.006436526542891039e-11,9.999999999899357173e-01,1.006436526542891200e-11
9.999999999899356062e-01,1.006436526542891039e-11,9.999999999899357173e-01,1.006436526542891200e-11
9.999999999899356062e-01,1.006436526542891039e-11,9.999999999899357173e-01,1.006436526542891200e-11
9.999999999899356062e-01,1.006436526542891039e-11,9.999999999899357173e-01,1.006436526542891200e-11
9.999999999899356062e-01,1.006436526542891039e-11,9.999999999899357173e-01,1.006436526542891200e-11
9.999999999899356062e-01,1.006436526542891039e-11,9.999999999899357173e-01,1.006436526542891200e-11
9.999999999899356062e-01,1.006436526542891039e-11,9.999999999899357173e-01,1.006436526542891200e-11
9.999999999899356062e-01,1.006436526542891039e-11,9.999999999899357173e-01,1.006436526542891200e-11
9.999999999899356062e-01,1.006436526542891039e-11,9.999999999899357173e-01,1.006436526542891200e-11
9.999999999899356062e-01,1.006436526542891039e-11,9.999999999899357173e-01,1.006436526542891200e-11
9.999999999899356062e-01,1.006436526542891039e-11,9.999999999899357173e-01,1.006436526542891200e-11
9.999999999899356062e-01,1.006436526542891039e-11,9.999999999899357173e-01,1.006436526542891200e-11
9.999999999905299086e-01,9.470110775080668656e-12,9.999999999905299086e-01,9.470110775080670271e-12
9.999999999899356062e-01,1.006436526542891039e-11,9.999999999899357173e-01,1.006436526542891200e-11
9.999999999899356062e-01,1.006436526542891039e-11,9.999999999899357173e-01,1.006436526542891200e-11
9.999999999899356062e-01,1.006436526557536659e-11,9.999999999899357173e-01,1.006436526572182441e-11
9.999999999899356062e-01,1.006436526557536659e-11,9.999999999899357173e-01,1.006436526557536821e-11
9.999999999899356062e-01,1.006436526557536659e-11,9.999999999899357173e-01,1.006436526557536821e-11
9.999999999899356062e-01,1.006436526557536659e-11,9.999999999899357173e-01,1.006436526557536821e-11
9.999999999899356062e-01,1.006436526557536659e-11,9.999999999899357173e-01,1.006436526557536821e-11
9.999999999899356062e-01,1.006436526557536659e-11,9.999999999899357173e-01,1.006436526557536821e-11
9.999999999899356062e-01,1.006436526557536659e-11,9.999999999899357173e-01,1.006436526557536821e-11
9.999999999899356062e-01,1.006436526557536659e-11,9.999999999899357173e-01,1.006436526557536821e-11
9.999999999899356062e-01,1.006436526557536659e-11,9.999999999899357173e-01,1.006436526557536821e-11
9.999999999899356062e-01,1.006436526557536659e-11,9.999999999899357173e-01,1.006436526557536821e-11
9.999999999899356062e-01,1.006436526557536659e-11,9.999999999899357173e-01,1.006436526557536821e-11
9.999999999899356062e-01,1.006436526557536659e-11,9.999999999899357173e-01,1.006436526557536821e-11
9.999999999899356062e-01,1.006436526557536659e-11,9.999999999899357173e-01,1.006436526557536821e-11
9.999999999899356062e-01,1.006436526557536659e-11,9.999999999899357173e-01,1.006436526557536821e-11
9.999999999899356062e-01,1.006436526557536659e-11,9.999999999899357173e-01,1.006436526557536821e-11
9.999999999899356062e-01,1.006436526557536659e-11,9.999999999899357173e-01,1.006436526557536821e-11
9.999999999899356062e-01,1.006436526557536659e-11,9.999999999899357173e-01,1.006436526557536821e-11
9.999999999899356062e-01,1.006436526557536659e-11,9.999999999899357173e-01,1.006436526557536821e-11
9.999999999954056751e-01,4.594320500726418909e-12,9.999999999954055641e-01,4.594320500726418101e-12
9.999999999899356062e-01,1.006436526557536659e-11,9.999999999899356062e-01,1.006436526557536659e-11
9.999999999899356062e-01,1.006436526557536659e-11,9.999999999899357173e-01,1.006436526557536659e-11
9.999999999899356062e-01,1.006436526557536659e-11,9.999999999899357173e-01,1.006436526557536659e-11
9.999999999899356062e-01,1.006436526557536659e-11,9.999999999899357173e-01,1.006436526557536659e-11
9.999999999899356062e-01,1.006436526557536659e-11,9.999999999899357173e-01,1.006436526557536659e-11
9.999999999899356062e-01,1.006436526557536659e-11,9.999999999899357173e-01,1.006436526557536659e-11
9.999999999899356062e-01,1.006436526557536659e-11,9.999999999899357173e-01,1.006436526557536659e-11
9.999999999899356062e-01,1.006436526557536659e-11,9.999999999899357173e-01,1.006436526557536659e-11
9.999999999899356062e-01,1.006436526557536659e-11,9.999999999899357173e-01,1.006436526557536659e-11
9.999999999899356062e-01,1.006436526557536659e-11,9.999999999899357173e-01,1.006436526557536659e-11
9.999999999899356062e-01,1.006436526557536659e-11,9.999999999899357173e-01,1.006436526557536659e-11
9.999999999899356062e-01,1.006436526557536659e-11,9.999999999899357173e-01,1.006436526557536659e-11
9.999999999899356062e-01,1.006436526557536659e-11,9.999999999899357173e-01,1.006436526557536659e-11
9.999999999899356062e-01,1.006436526557536659e-11,9.999999999899357173e-01,1.006436526557536659e-11
9.999999999899356062e-01,1.006436526557536659e-11,9.999999999899357173e-01,1.006436526557536659e-11
9.999999999899356062e-01,1.006436526557536659e-11,9.999999999899357173e-01,1.006436526557536659e-11
9.999999999899356062e-01,1.006436526557536659e-11,9.999999999899357173e-01,1.006436526557536659e-11
9.999999999899356062e-01,1.006436526557536659e-11,9.999999999899357173e-01,1.006436526557536659e-11
9.999999999899356062e-01,1.006436526557536659e-11,9.999999999899357173e-01,1.006436526557536659e-11
9.999999999899356062e-01,1.006436526557536659e-11,9.999999999899357173e-01,1.006436526557536659e-11
9.999999999899356062e-01,1.006436526557536659e-11,9.999999999899357173e-01,1.006436526557536659e-11
9.999999999899356062e-01,1.006436526557536659e-11,9.999999999899357173e-01,1.006436526557536659e-11
9.999999999899356062e-01,1.006436526557536659e-11,9.999999999899357173e-01,1.006436526557536659e-11
9.999999999930926364e-01,6.907402739801235646e-12,9.999999999930926364e-01,6.907402739801234838e-12
9.999999999899356062e-01,1.006436526557536659e-11,9.999999999899356062e-01,1.006436526557536821e-11
9.999999999899356062e-01,1.006436526557536659e-11,9.999999999899357173e-01,1.006436526557536659e-11
9.999999999899356062e-01,1.006436526557536659e-11,9.999999999899357173e-01,1.006436526557536659e-11
9.999999999899356062e-01,1.006436526557536659e-11,9.999999999899357173e-01,1.006436526557536659e-11
9.999999999899356062e-01,1.006436526557536659e-11,9.999999999899357173e-01,1.006436526557536659e-11
9.999999999899356062e-01,1.006436526557536659e-11,9.999999999899357173e-01,1.006436526557536659e-11
9.999999999899356062e-01,1.006436526557536659e-11,9.999999999899357173e-01,1.006436526557536659e-11
9.999999999899356062e-01,1.006436526557536659e-11,9.999999999899357173e-01,1.006436526557536659e-11
9.999999999899356062e-01,1.006436526557536659e-11,9.999999999899357173e-01,1.006436526557536659e-11
9.999999999899356062e-01,1.006436526557536659e-11,9.999999999899357173e-01,1.006436526557536659e-11
9.999999999905299086e-01,9.470110774942860689e-12,9.999999999905299086e-01,9.470110774942862304e-12
9.999999999899356062e-01,1.006436526557536659e-11,9.999999999899357173e-01,1.006436526557536659e-11
9.999999999899356062e-01,1.006436526557536659e-11,9.999999999899357173e-01,1.006436526557536659e-11
9.999999999899356062e-01,1.006436526557536659e-11,9.999999999899357173e-01,1.006436526557536659e-11
9.999999999899356062e-01,1.006436526557536659e-11,9.999999999899357173e-01,1.006436526557536659e-11
9.999999999899356062e-01,1.006436526557536659e-11,9.999999999899357173e-01,1.006436526557536659e-11
9.999999999899356062e-01,1.006436526557536659e-11,9.999999999899357173e-01,1.006436526557536659e-11
9.999999999899356062e-01,1.006436526557536659e-11,9.999999999899357173e-01,1.006436526557536659e-11
9.999999999899356062e-01,1.006436526557536659e-11,9.999999999899357173e-01,1.006436526557536659e-11
9.999999999899356062e-01,1.006436526557536659e-11,9.999999999899357173e-01,1.006436526557536659e-11
9.999999999899356062e-01,1.006436526557536659e-11,9.999999999899357173e-01,1.006436526557536659e-11
9.999999999954979346e-01,4.502010443801015165e-12,9.999999999954980456e-01,4.502010443801015973e-12
9.999999999947277729e-01,5.272117414844184293e-12,9.999999999947277729e-01,5.272117414844185101e-12
9.999999999905299086e-01,9.470110774942860689e-12,9.999999999905299086e-01,9.470110774942860689e-12
9.999999999899356062e-01,1.006436526557536659e-11,9.999999999899357173e-01,1.006436526557536659e-11
9.999999999899356062e-01,1.006436526557536659e-11,9.999999999899357173e-01,1.006436526557536659e-11
9.999999999899356062e-01,1.006436526557536659e-11,9.999999999899357173e-01,1.006436526557536659e-11
9.999999999899356062e-01,1.006436526557536659e-11,9.999999999899357173e-01,1.006436526557536659e-11
9.999999999899356062e-01,1.006436526557536659e-11,9.999999999899357173e-01,1.006436526557536659e-11
9.999999999899356062e-01,1.006436526557536659e-11,9.999999999899357173e-01,1.006436526557536659e-11
9.999999999899356062e-01,1.006436526557536659e-11,9.999999999899357173e-01,1.006436526557536659e-11
9.999999999951999508e-01,4.800040419931763872e-12,9.999999999951999508e-01,4.800040419931763872e-12
9.999999999922692950e-01,7.730700947381286242e-12,9.999999999922692950e-01,7.730700947381286242e-12
9.999999999899356062e-01,1.006436526557536659e-11,9.999999999899356062e-01,1.006436526557536659e-11
9.999999999899356062e-01,1.006436526557536659e-11,9.999999999899357173e-01,1.006436526557536659e-11
9.999999999899356062e-01,1.006436526557536659e-11,9.999999999899357173e-01,1.006436526557536659e-11
9.999999999899356062e-01,1.006436526557536659e-11,9.999999999899357173e-01,1.006436526557536659e-11
9.999999999899356062e-01,1.006436526557536659e-11,9.999999999899357173e-01,1.006436526557536659e-11
9.999999999905299086e-01,9.470110774942860689e-12,9.999999999905299086e-01,9.470110774942862304e-12
9.999999999899356062e-01,1.006436526557536659e-11,9.999999999899357173e-01,1.006436526557536659e-11
9.999999999899356062e-01,1.006436526557536659e-11,9.999999999899357173e-01,1.006436526557536821e-11
9.999999999899356062e-01,1.006436526557536659e-11,9.999999999899357173e-01,1.006436526557536821e-11
9.999999999899356062e-01,1.006436526557536659e-11,9.999999999899357173e-01,1.006436526557536821e-11
9.999999999899356062e-01,1.006436526557536659e-11,9.999999999899357173e-01,1.006436526557536821e-11
9.999999999915555327e-01,8.444435846311211020e-12,9.999999999915555327e-01,8.444435846311212636e-12
9.999999999899356062e-01,1.006436526557536659e-11,9.999999999899356062e-01,1.006436526557536821e-11
9.999999999899356062e-01,1.006436526557536659e-11,9.999999999899357173e-01,1.006436526557536821e-11
9.999999999899356062e-01,1.006436526557536659e-11,9.999999999899357173e-01,1.006436526557536821e-11
9.999999999899356062e-01,1.006436526557536659e-11,9.999999999899357173e-01,1.006436526557536821e-11
9.999999999899356062e-01,1.006436526557536659e-11,9.999999999899357173e-01,1.006436526557536821e-11
9.999999999899356062e-01,1.006436526557536659e-11,9.999999999899357173e-01,1.006436526557536821e-11
9.999999999941007189e-01,5.899290110926180300e-12,9.999999999941007189e-01,5.899290110926179492e-12
9.999999999899356062e-01,1.006436526557536659e-11,9.999999999899356062e-01,1.006436526557536497e-11
9.999999999899356062e-01,1.006436526557536659e-11,9.999999999899357173e-01,1.006436526557536659e-11
9.999999999899356062e-01,1.006436526557536659e-11,9.999999999899357173e-01,1.006436526557536659e-11
9.999999999899356062e-01,1.006436526557536659e-11,9.999999999899357173e-01,1.006436526557536659e-11
9.999999999899356062e-01,1.006436526557536659e-11,9.999999999899357173e-01,1.006436526557536659e-11
9.999999999899356062e-01,1.006436526557536659e-11,9.999999999899357173e-01,1.006436526557536659e-11
9.999999999899356062e-01,1.006436526557536659e-11,9.999999999899357173e-01,1.006436526557536659e-11
9.999999999899356062e-01,1.006436526557536659e-11,9.999999999899357173e-01,1.006436526557536659e-11
9.999999999899356062e-01,1.006436526557536659e-11,9.999999999899357173e-01,1.006436526557536659e-11
9.999999999899356062e-01,1.006436526557536659e-11,9.999999999899357173e-01,1.006436526557536659e-11
9.999999999899356062e-01,1.006436526557536659e-11,9.999999999899357173e-01,1.006436526557536659e-11
9.999999999899356062e-01,1.006436526557536659e-11,9.999999999899357173e-01,1.006436526557536659e-11
9.999999999926451055e-01,7.354885591091463783e-12,9.999999999926449945e-01,7.354885591091462167e-12
9.999999999929860550e-01,7.013891618672186498e-12,9.999999999929861660e-01,7.013891618672187306e-12
9.999999999899356062e-01,1.006436526557536659e-11,9.999999999899356062e-01,1.006436526557536659e-11
9.999999999899356062e-01,1.006436526557536659e-11,9.999999999899357173e-01,1.006436526557536821e-11
9.999999999899356062e-01,1.006436526557536659e-11,9.999999999899357173e-01,1.006436526557536821e-11
9.999999999899356062e-01,1.006436526557536659e-11,9.999999999899357173e-01,1.006436526557536821e-11
9.999999999899356062e-01,1.006436526557536659e-11,9.999999999899357173e-01,1.006436526557536821e-11
9.999999999944296780e-01,5.570273398680856340e-12,9.999999999944297890e-01,5.570273398680857148e-12
9.999999999899356062e-01,1.006436526557536659e-11,9.999999999899357173e-01,1.006436526557536821e-11
9.999999999899356062e-01,1.006436526557536659e-11,9.999999999899357173e-01,1.006436526557536659e-11
9.999999999899356062e-01,1.006436526557536659e-11,9.999999999899357173e-01,1.006436526557536659e-11
9.999999999899356062e-01,1.006436526557536659e-11,9.999999999899357173e-01,1.006436526557536659e-11
9.999999698367983969e-01,3.016320162128397415e-08,9.999999698367983969e-01,3.016320162128397415e-08
9.999999999899356062e-01,1.006436526557536659e-11,9.999999999899356062e-01,1.006436526557536497e-11
9.999999999899356062e-01,1.006436526557536659e-11,9.999999999899357173e-01,1.006436526557536659e-11
9.999999999899356062e-01,1.006436526557536659e-11,9.999999999899357173e-01,1.006436526557536659e-11
9.999999999899356062e-01,1.006436526557536659e-11,9.999999999899357173e-01,1.006436526557536659e-11
9.999999999937111417e-01,6.288878759535914850e-12,9.999999999937111417e-01,6.288878759535914042e-12
9.999999999899356062e-01,1.006436526557536659e-11,9.999999999899356062e-01,1.006436526557536659e-11
9.999999999899356062e-01,1.006436526557536659e-11,9.999999999899357173e-01,1.006436526557536659e-11
9.999999999899356062e-01,1.006436526557536659e-11,9.999999999899357173e-01,1.006436526557536659e-11
9.999999999899356062e-01,1.006436526557536659e-11,9.999999999899357173e-01,1.006436526557536659e-11
9.999999999905299086e-01,9.470110774942860689e-12,9.999999999905299086e-01,9.470110774942862304e-12
9.999999999899356062e-01,1.006436526557536659e-11,9.999999999899357173e-01,1.006436526557536659e-11
9.999999999899356062e-01,1.006436526557536659e-11,9.999999999899357173e-01,1.006436526557536659e-11
9.999999999946544982e-01,5.345521493438271938e-12,9.999999999946544982e-01,5.345521493438271130e-12
9.999999999899356062e-01,1.006436526557536659e-11,9.999999999899357173e-01,1.006436526557536659e-11
9.999999999899356062e-01,1.006436526557536659e-11,9.999999999899357173e-01,1.006436526557536659e-11
9.999999999899356062e-01,1.006436526557536659e-11,9.999999999899357173e-01,1.006436526557536659e-11
9.999999999899356062e-01,1.006436526557536659e-11,9.999999999899357173e-01,1.006436526557536659e-11
9.999999999899356062e-01,1.006436526557536659e-11,9.999999999899357173e-01,1.006436526557536659e-11
9.999999999899356062e-01,1.006436526557536659e-11,9.999999999899357173e-01,1.006436526557536659e-11
9.999999999899356062e-01,1.006436526557536659e-11,9.999999999899357173e-01,1.006436526557536659e-11
9.999999999908945059e-01,9.105508767062051060e-12,9.999999999908945059e-01,9.105508767062052676e-12
9.999999999899356062e-01,1.006436526557536659e-11,9.999999999899356062e-01,1.006436526557536659e-11
9.999999999899356062e-01,1.006436526557536659e-11,9.999999999899357173e-01,1.006436526557536659e-11
9.999999999899356062e-01,1.006436526557536659e-11,9.999999999899357173e-01,1.006436526557536659e-11
9.999999999899356062e-01,1.006436526557536659e-11,9.999999999899357173e-01,1.006436526557536659e-11
9.999999999899356062e-01,1.006436526557536659e-11,9.999999999899357173e-01,1.006436526557536659e-11
9.999999999899356062e-01,1.006436526557536659e-11,9.999999999899357173e-01,1.006436526557536659e-11
9.999999999899356062e-01,1.006436526557536659e-11,9.999999999899357173e-01,1.006436526557536659e-11
9.999999999952834395e-01,4.716556624748106862e-12,9.999999999952834395e-01,4.716556624748106862e-12
9.999999999899356062e-01,1.006436526557536659e-11,9.999999999899356062e-01,1.006436526557536659e-11
9.999999999899356062e-01,1.006436526557536659e-11,9.999999999899357173e-01,1.006436526557536659e-11
9.999999999899356062e-01,1.006436526557536659e-11,9.999999999899357173e-01,1.006436526557536659e-11
9.999999999899356062e-01,1.006436526557536659e-11,9.999999999899357173e-01,1.006436526557536659e-11
9.999999999899356062e-01,1.006436526557536659e-11,9.999999999899357173e-01,1.006436526557536659e-11
9.999999999899356062e-01,1.006436526557536659e-11,9.999999999899357173e-01,1.006436526557536659e-11
9.999999999955236918e-01,4.476278123312818642e-12,9.999999999955236918e-01,4.476278123312817834e-12
9.999999999899356062e-01,1.006436526557536659e-11,9.999999999899357173e-01,1.006436526557536659e-11
9.999999999899356062e-01,1.006436526557536659e-11,9.999999999899357173e-01,1.006436526557536659e-11
9.999999999899356062e-01,1.006436526557536659e-11,9.999999999899357173e-01,1.006436526557536659e-11
9.999999999899356062e-01,1.006436526557536659e-11,9.999999999899357173e-01,1.006436526557536659e-11
9.999999999899356062e-01,1.006436526557536659e-11,9.999999999899357173e-01,1.006436526557536659e-11
9.999999999899356062e-01,1.006436526557536659e-11,9.999999999899357173e-01,1.006436526557536659e-11
9.999999999899356062e-01,1.006436526557536659e-11,9.999999999899357173e-01,1.006436526557536659e-11
9.999999999899356062e-01,1.006436526557536659e-11,9.999999999899357173e-01,1.006436526557536659e-11
9.999999999860557098e-01,1.394431753167856527e-11,9.999999999860555988e-01,1.394431753167856366e-11
9.999999999899356062e-01,1.006436526557536659e-11,9.999999999899356062e-01,1.006436526557536659e-11
9.999999999899356062e-01,1.006436526557536659e-11,9.999999999899357173e-01,1.006436526557536659e-11
9.999999999899356062e-01,1.006436526557536659e-11,9.999999999899357173e-01,1.006436526557536659e-11
9.999999999899356062e-01,1.006436526557536659e-11,9.999999999899357173e-01,1.006436526557536659e-11
9.999999999949116258e-01,5.088395614210015273e-12,9.999999999949116258e-01,5.088395614210015273e-12
9.999999999899356062e-01,1.006436526557536659e-11,9.999999999899356062e-01,1.006436526557536659e-11
9.999999999899356062e-01,1.006436526557536659e-11,9.999999999899357173e-01,1.006436526557536659e-11
9.999999999899356062e-01,1.006436526557536659e-11,9.999999999899357173e-01,1.006436526557536659e-11
9.999999999899356062e-01,1.006436526557536659e-11,9.999999999899357173e-01,1.006436526557536659e-11
9.999999999899356062e-01,1.006436526557536659e-11,9.999999999899357173e-01,1.006436526557536659e-11
9.999999999899356062e-01,1.006436526557536659e-11,9.999999999899357173e-01,1.006436526557536659e-11
9.999999999899356062e-01,1.006436526557536659e-11,9.999999999899357173e-01,1.006436526557536659e-11
9.999999999899356062e-01,1.006436526557536659e-11,9.999999999899357173e-01,1.006436526557536659e-11
9.999999999720921018e-01,2.790791985147400355e-11,9.999999999720919908e-01,2.790791985147400355e-11
9.999999999899356062e-01,1.006436526557536659e-11,9.999999999899356062e-01,1.006436526557536659e-11
9.999999999899356062e-01,1.006436526557536659e-11,9.999999999899357173e-01,1.006436526557536659e-11
9.999999999899356062e-01,1.006436526557536659e-11,9.999999999899357173e-01,1.006436526557536659e-11
9.999999999899356062e-01,1.006436526557536659e-11,9.999999999899357173e-01,1.006436526557536659e-11
9.999999999899356062e-01,1.006436526557536659e-11,9.999999999899357173e-01,1.006436526557536659e-11
9.999999999899356062e-01,1.006436526557536659e-11,9.999999999899357173e-01,1.006436526557536659e-11
9.999999999899356062e-01,1.006436526557536659e-11,9.999999999899357173e-01,1.006436526557536659e-11
9.999999999899356062e-01,1.006436526557536659e-11,9.999999999899357173e-01,1.006436526557536659e-11
9.999999999899356062e-01,1.006436526557536659e-11,9.999999999899357173e-01,1.006436526557536659e-11
9.999999999899356062e-01,1.006436526557536659e-11,9.999999999899357173e-01,1.006436526557536659e-11
9.999999999899356062e-01,1.006436526557536659e-11,9.999999999899357173e-01,1.006436526557536659e-11
9.999999999933496531e-01,6.650344746761938110e-12,9.999999999933495420e-01,6.650344746761937303e-12
9.999999999899356062e-01,1.006436526557536659e-11,9.999999999899356062e-01,1.006436526557536659e-11
9.999999999899356062e-01,1.006436526557536659e-11,9.999999999899357173e-01,1.006436526557536821e-11
9.999999999899356062e-01,1.006436526557536659e-11,9.999999999899357173e-01,1.006436526557536821e-11
9.999999999899356062e-01,1.006436526557536659e-11,9.999999999899357173e-01,1.006436526557536821e-11
9.999999999899356062e-01,1.006436526557536659e-11,9.999999999899357173e-01,1.006436526557536821e-11
9.999999999899356062e-01,1.006436526557536659e-11,9.999999999899357173e-01,1.006436526557536821e-11
9.999999999899356062e-01,1.006436526557536659e-11,9.999999999899357173e-01,1.006436526557536821e-11
9.999999999899356062e-01,1.006436526557536659e-11,9.999999999899357173e-01,1.006436526557536821e-11
9.999999999899356062e-01,1.006436526557536659e-11,9.999999999899357173e-01,1.006436526557536821e-11
9.999999999899356062e-01,1.006436526557536659e-11,9.999999999899357173e-01,1.006436526557536821e-11
9.999999999899356062e-01,1.006436526557536659e-11,9.999999999899357173e-01,1.006436526557536821e-11
9.999999999952163821e-01,4.783576317964525966e-12,9.999999999952164931e-01,4.783576317964526774e-12
9.999999996834015858e-01,3.165983998486476917e-10,9.999999996834016969e-01,3.165983998486477434e-10
9.999999999899356062e-01,1.006436526557536659e-11,9.999999999899357173e-01,1.006436526557536659e-11
9.999999999899356062e-01,1.006436526557536659e-11,9.999999999899357173e-01,1.006436526557536659e-11
9.999999999899356062e-01,1.006436526557536659e-11,9.999999999899357173e-01,1.006436526557536659e-11
9.999999999899356062e-01,1.006436526557536659e-11,9.999999999899357173e-01,1.006436526557536659e-11
9.999999999899356062e-01,1.006436526557536659e-11,9.999999999899357173e-01,1.006436526557536659e-11
9.999999999899356062e-01,1.006436526557536659e-11,9.999999999899357173e-01,1.006436526557536659e-11
9.999993373502191751e-01,6.626497808657776446e-07,9.999993373502191751e-01,6.626497808657776446e-07
9.999993373502191751e-01,6.626497808657775387e-07,9.999993373502191751e-01,6.626497808657776446e-07
9.999993373502191751e-01,6.626497808657775387e-07,9.999993373502190641e-01,6.626497808657775387e-07
9.999993373502191751e-01,6.626497808657775387e-07,9.999993373502191751e-01,6.626497808657776446e-07
9.999993373502191751e-01,6.626497808657775387e-07,9.999993373502191751e-01,6.626497808657776446e-07
9.999993373502191751e-01,6.626497808657775387e-07,9.999993373502190641e-01,6.626497808657775387e-07
9.999993373502191751e-01,6.626497808657775387e-07,9.999993373502191751e-01,6.626497808657776446e-07
9.999993373502191751e-01,6.626497808657775387e-07,9.999993373502191751e-01,6.626497808657776446e-07
9.999993373502191751e-01,6.626497808657775387e-07,9.999993373502191751e-01,6.626497808657776446e-07
9.999993373502191751e-01,6.626497808657775387e-07,9.999993373502191751e-01,6.626497808657776446e-07
9.999993373502191751e-01,6.626497808657775387e-07,9.999993373502190641e-01,6.626497808657775387e-07
9.999993373502191751e-01,6.626497808657775387e-07,9.999993373502191751e-01,6.626497808657776446e-07
9.999993373502191751e-01,6.626497808657775387e-07,9.999993373502191751e-01,6.626497808657776446e-07
9.999993373502191751e-01,6.626497808657775387e-07,9.999993373502190641e-01,6.626497808657775387e-07
9.999993373502191751e-01,6.626497808657775387e-07,9.999993373502191751e-01,6.626497808657776446e-07
9.999993373502191751e-01,6.626497808657775387e-07,9.999993373502191751e-01,6.626497808657776446e-07
9.999993373502191751e-01,6.626497808657775387e-07,9.999993373502191751e-01,6.626497808657776446e-07
9.999993373502191751e-01,6.626497808657775387e-07,9.999993373502191751e-01,6.626497808657776446e-07
9.999993373502191751e-01,6.626497808657775387e-07,9.999993373502190641e-01,6.626497808657775387e-07
9.999993373502191751e-01,6.626497808657775387e-07,9.999993373502191751e-01,6.626497808657776446e-07
9.999993373502191751e-01,6.626497808657775387e-07,9.999993373502191751e-01,6.626497808657776446e-07
9.999993373502191751e-01,6.626497808657775387e-07,9.999993373502190641e-01,6.626497808657775387e-07
9.999993373502191751e-01,6.626497808657775387e-07,9.999993373502191751e-01,6.626497808657776446e-07
9.999993373502191751e-01,6.626497808657775387e-07,9.999993373502191751e-01,6.626497808657776446e-07
9.999993373502191751e-01,6.626497808657775387e-07,9.999993373502191751e-01,6.626497808657776446e-07
9.999993373502191751e-01,6.626497808657775387e-07,9.999993373502191751e-01,6.626497808657776446e-07
9.999993373502191751e-01,6.626497808657775387e-07,9.999993373502190641e-01,6.626497808657775387e-07
9.999993373502191751e-01,6.626497808657775387e-07,9.999993373502191751e-01,6.626497808657776446e-07
9.999993373502191751e-01,6.626497808657775387e-07,9.999993373502191751e-01,6.626497808657776446e-07
9.999993373502191751e-01,6.626497808657775387e-07,9.999993373502190641e-01,6.626497808657775387e-07
9.999999999899356062e-01,1.006436526557536659e-11,9.999999999899357173e-01,1.006436526557536659e-11
9.999999999899356062e-01,1.006436526557536659e-11,9.999999999899357173e-01,1.006436526557536659e-11
9.999999999899356062e-01,1.006436526557536659e-11,9.999999999899357173e-01,1.006436526557536659e-11
9.999999999899356062e-01,1.006436526557536659e-11,9.999999999899357173e-01,1.006436526557536659e-11
9.999999999899356062e-01,1.006436526557536659e-11,9.999999999899357173e-01,1.006436526557536659e-11
9.999999999899356062e-01,1.006436526557536659e-11,9.999999999899357173e-01,1.006436526557536659e-11
9.999999999899356062e-01,1.006436526557536659e-11,9.999999999899357173e-01,1.006436526557536659e-11
9.999999999899356062e-01,1.006436526557536659e-11,9.999999999899357173e-01,1.006436526557536659e-11
9.999999999899356062e-01,1.006436526557536659e-11,9.999999999899357173e-01,1.006436526557536659e-11
9.999999999899356062e-01,1.006436526557536659e-11,9.999999999899357173e-01,1.006436526557536659e-11
5.646231525212654172e-22,1.000000000000000000e+00,5.646231525212653232e-22,1.000000000000000000e+00
3.802272892227977025e-93,1.000000000000000000e+00,3.802272892227976599e-93,1.000000000000000000e+00
2.660874160976113805e-54,1.000000000000000000e+00,2.660874160976113805e-54,1.000000000000000000e+00
8.282882430991953417e-39,1.000000000000000000e+00,8.282882430991952112e-39,1.000000000000000000e+00
9.438928158119736681e-16,9.999999999999990008e-01,9.438928158119736681e-16,9.999999999999991118e-01
2.411949648358555911e-24,1.000000000000000000e+00,2.411949648358555544e-24,1.000000000000000000e+00
6.508554717770752254e-69,1.000000000000000000e+00,6.508554717770752254e-69,1.000000000000000000e+00
3.205186936486595307e-05,9.999679481306351647e-01,3.205186936486595985e-05,9.999679481306351647e-01
1.204632648621563613e-17,1.000000000000000000e+00,1.204632648621563767e-17,1.000000000000000000e+00
9.887602347579522721e-01,1.123976524204770358e-02,9.887602347579522721e-01,1.123976524204770358e-02
7.552308208795004252e-14,9.999999999999243938e-01,7.552308208795004252e-14,9.999999999999245048e-01
3.205186936486595985e-05,9.999679481306351647e-01,3.205186936486595985e-05,9.999679481306351647e-01
1.909432868908195178e-06,9.999980905671310705e-01,1.909432868908196025e-06,9.999980905671310705e-01
9.999999999411371965e-01,5.886277232111930896e-11,9.999999999411371965e-01,5.886277232111930896e-11
9.999999999773966364e-01,2.260333082440867012e-11,9.999999999773966364e-01,2.260333082440867012e-11
9.999999999720921018e-01,2.790791985147400678e-11,9.999999999720921018e-01,2.790791985147400355e-11
9.999999999809391360e-01,1.906088483044513875e-11,9.999999999809391360e-01,1.906088483044513875e-11
9.999999999937111417e-01,6.288878759535914850e-12,9.999999999937112527e-01,6.288878759535914042e-12
9.999999999650965865e-01,3.490349648693227425e-11,9.999999999650964755e-01,3.490349648693227425e-11
9.999999999954550800e-01,4.544940010514135871e-12,9.999999999954551910e-01,4.544940010514136679e-12
9.999999999720921018e-01,2.790791985147400355e-11,9.999999999720921018e-01,2.790791985147400678e-11
9.999999999809391360e-01,1.906088483044513875e-11,9.999999999809391360e-01,1.906088483044513875e-11
9.999999999879028989e-01,1.209708840225712385e-11,9.999999999879030099e-01,1.209708840225712547e-11
9.999999999950521801e-01,4.947834189859316537e-12,9.999999999950521801e-01,4.947834189859316537e-12
9.999999999946544982e-01,5.345521493438271938e-12,9.999999999946544982e-01,5.345521493438271938e-12
9.999999923441931227e-01,7.655806880159441558e-09,9.999999923441931227e-01,7.655806880159441558e-09
9.999999999953218532e-01,4.678158430719900854e-12,9.999999999953218532e-01,4.678158430719900854e-12
7.552308208795004252e-14,9.999999999999245048e-01,7.552308208795005515e-14,9.999999999999245048e-01
4.600492363018045496e-46,1.000000000000000000e+00,4.600492363018045496e-46,1.000000000000000000e+00
1.807898221838876864e-35,1.000000000000000000e+00,1.807898221838876864e-35,1.000000000000000000e+00
8.282882430991953417e-39,1.000000000000000000e+00,8.282882430991952112e-39,1.000000000000000000e+00
9.525930785982882198e-64,1.000000000000000000e+00,9.525930785982880849e-64,1.000000000000000000e+00
2.165113646084434009e-74,1.000000000000000000e+00,2.165113646084434402e-74,1.000000000000000000e+00
2.165113646084434009e-74,1.000000000000000000e+00,2.165113646084434402e-74,1.000000000000000000e+00
4.701494535626959265e-02,9.529850546437304004e-01,4.701494535626960652e-02,9.529850546437305114e-01
5.646231525212653232e-22,1.000000000000000000e+00,5.646231525212654172e-22,1.000000000000000000e+00
9.999999999943537388e-01,5.646231525180774038e-12,9.999999998999999750e-11,9.999999998999999917e-01
5.000000000000000000e-01,5.000000000000000000e-01,7.891091843080292208e-190,1.000000000000000000e+00
4.237959541171850298e-04,9.995762040458827657e-01,4.237959541171850298e-04,9.995762040458827657e-01
8.282882430991953417e-39,1.000000000000000000e+00,8.282882430991953417e-39,1.000000000000000000e+00
1.729472159156367904e-86,1.000000000000000000e+00,1.729472159156367546e-86,1.000000000000000000e+00
8.800956425886402597e-125,1.000000000000000000e+00,8.800956425886403647e-125,1.000000000000000000e+00
8.800956425886403647e-125,1.000000000000000000e+00,8.800956425886403647e-125,1.000000000000000000e+00
3.118280795817127755e-12,9.999999999968817166e-01,3.118280795817128158e-12,9.999999999968818276e-01
1.024093259736573601e-07,9.999998975906739807e-01,1.024093259736573601e-07,9.999998975906739807e-01
4.238036665501944269e-09,9.999999957619633006e-01,4.238036665501944269e-09,9.999999957619633006e-01
9.999999997909722049e-01,2.090278510371158860e-10,9.999999997909722049e-01,2.090278510371158860e-10
9.999999978183631288e-01,2.181636925044639813e-09,9.999999978183630178e-01,2.181636925044639399e-09
4.701494535626959959e-02,9.529850546437304004e-01,4.701494535626959959e-02,9.529850546437302894e-01
4.109082433261002825e-50,1.000000000000000000e+00,4.109082433261003300e-50,1.000000000000000000e+00
2.418487454746348596e-100,1.000000000000000000e+00,2.418487454746348596e-100,1.000000000000000000e+00
2.647869429135044431e-203,1.000000000000000000e+00,2.647869429135044998e-203,1.000000000000000000e+00
3.869687574661800232e-116,1.000000000000000000e+00,3.869696153037837773e-116,1.000000000000000000e+00
2.660874160976113805e-54,1.000000000000000000e+00,2.660874160976113805e-54,1.000000000000000000e+00
4.701494535626960652e-02,9.529850546437304004e-01,4.701494535626960652e-02,9.529850546437305114e-01
1.331061532870315065e-10,9.999999998668938073e-01,1.331061532870315324e-10,9.999999998668938073e-01
4.701494535626959959e-02,9.529850546437304004e-01,4.701494535626960652e-02,9.529850546437304004e-01
4.237959541171850840e-04,9.995762040458827657e-01,4.237959541171850840e-04,9.995762040458827657e-01
7.171004187937926044e-01,2.828995812062073956e-01,7.171004187937926044e-01,2.828995812062073401e-01
3.205186936486595985e-05,9.999679481306350537e-01,3.205186936486595985e-05,9.999679481306351647e-01
9.998888664507017410e-01,1.111335492982466804e-04,9.998888664507017410e-01,1.111335492982467075e-04
2.800694639660818996e-01,7.199305360339179893e-01,2.800694639660819552e-01,7.199305360339181004e-01
9.999912770566484754e-01,8.722943351540687575e-06,9.999912770566484754e-01,8.722943351540689269e-06
9.998888664507017410e-01,1.111335492982466939e-04,9.998888664507017410e-01,1.111335492982466804e-04
4.238036665501944269e-09,9.999999957619634117e-01,4.238036665501943442e-09,9.999999957619633006e-01
3.205186936486595985e-05,9.999679481306351647e-01,3.205186936486595307e-05,9.999679481306350537e-01
3.205186936486595307e-05,9.999679481306350537e-01,3.205186936486595985e-05,9.999679481306351647e-01
3.205186936486595307e-05,9.999679481306350537e-01,3.205186936486595985e-05,9.999679481306351647e-01
1.024093259736573601e-07,9.999998975906739807e-01,1.024093259736573733e-07,9.999998975906740917e-01
7.552308208795005515e-14,9.999999999999245048e-01,7.552308208795004252e-14,9.999999999999245048e-01
4.237959541171850840e-04,9.995762040458827657e-01,4.237959541171850298e-04,9.995762040458827657e-01
9.012425899552201245e-20,1.000000000000000000e+00,9.012425899552200041e-20,1.000000000000000000e+00
4.600492363018045496e-46,1.000000000000000000e+00,4.600492363018045496e-46,1.000000000000000000e+00
7.348060591952459586e-144,1.000000000000000000e+00,7.348060591952458448e-144,1.000000000000000000e+00
2.350216348675133254e-154,1.000000000000000000e+00,2.350216348675133254e-154,1.000000000000000000e+00
2.660874160976113805e-54,1.000000000000000000e+00,2.660874160976113805e-54,1.000000000000000000e+00
9.999696545150293936e-01,3.034548497055941332e-05,9.999696545150295046e-01,3.034548497055941671e-05
3.397932514560491463e-80,1.000000000000000000e+00,3.397932514560492212e-80,1.000000000000000000e+00
6.045497240068946441e-108,1.000000000000000000e+00,6.045497240068946441e-108,1.000000000000000000e+00
9.438928158119734709e-16,9.999999999999990008e-01,9.438928158119736681e-16,9.999999999999991118e-01
9.999999352164863353e-01,6.478351360295754466e-08,9.999999352164864463e-01,6.478351360295754466e-08
9.999999923441931227e-01,7.655806880159439903e-09,9.999999923441931227e-01,7.655806880159441558e-09
1.024093259736573601e-07,9.999998975906739807e-01,1.024093259736573733e-07,9.999998975906739807e-01
9.999999997909720939e-01,2.090278510371158343e-10,9.999999997909722049e-01,2.090278510371158602e-10
9.999999999954136687e-01,4.586312181167410297e-12,9.999999999954136687e-01,4.586312181167410297e-12
9.999999996834015858e-01,3.165983998486476917e-10,9.999999996834014748e-01,3.165983998486476917e-10
9.999999999952834395e-01,4.716556624748106862e-12,9.999999999952834395e-01,4.716556624748106862e-12
9.999999999942015272e-01,5.798478635555417699e-12,9.999999999942015272e-01,5.798478635555417699e-12
9.999999999837736464e-01,1.622624383836942693e-11,9.999999999837737574e-01,1.622624383836943016e-11
9.999999999899356062e-01,1.006436526557536659e-11,9.999999999899356062e-01,1.006436526557536659e-11
9.999999999905299086e-01,9.470110774942860689e-12,9.999999999905299086e-01,9.470110774942862304e-12
9.999999998528751322e-01,1.471248556222005226e-10,9.999999998528751322e-01,1.471248556222005226e-10
9.999999999837737574e-01,1.622624383836943016e-11,9.999999999837736464e-01,1.622624383836942693e-11
9.999999999542145135e-01,4.578553539551430190e-11,9.999999999542144025e-01,4.578553539551429544e-11
9.999996165722054853e-01,3.834277945064682940e-07,9.999996165722055963e-01,3.834277945064683999e-07
9.999999999942685847e-01,5.731468574391404690e-12,9.999999999942684736e-01,5.731468574391403882e-12
9.999999999906338255e-01,9.366147881026150527e-12,9.999999999906338255e-01,9.366147881026148911e-12
9.999998453444800539e-01,1.546555199387388826e-07,9.999998453444800539e-01,1.546555199387388561e-07
9.999912770566484754e-01,8.722943351540689269e-06,9.999912770566484754e-01,8.722943351540689269e-06
9.999989299898902617e-01,1.070010109734934551e-06,9.999989299898901507e-01,1.070010109734934551e-06
4.237959541171851382e-04,9.995762040458828768e-01,4.237959541171851382e-04,9.995762040458828768e-01
9.999996165722054853e-01,3.834277945064682410e-07,9.999996165722054853e-01,3.834277945064683469e-07
9.999999845245973740e-01,1.547540266019399329e-08,9.999999845245972629e-01,1.547540266019399329e-08
9.999999999894058078e-01,1.059421469870005238e-11,9.999999999894056968e-01,1.059421469870005077e-11
1.909432868908195602e-06,9.999980905671310705e-01,1.909432868908195602e-06,9.999980905671311815e-01
9.999999999899357173e-01,1.006436526557536659e-11,9.999999999899356062e-01,1.006436526557536659e-11
9.999696545150293936e-01,3.034548497055940993e-05,9.999696545150295046e-01,3.034548497055942009e-05
9.999999996834015858e-01,3.165983998486477434e-10,9.999999996834015858e-01,3.165983998486477434e-10
9.999999996834015858e-01,3.165983998486477434e-10,9.999999996834015858e-01,3.165983998486477434e-10
9.999999999955236918e-01,4.476278123312817834e-12,9.999999999955238028e-01,4.476278123312818642e-12
9.999999999773966364e-01,2.260333082440866689e-11,9.999999999773967474e-01,2.260333082440867012e-11
9.999999992258554737e-01,7.741444924958626303e-10,9.999999992258555848e-01,7.741444924958628371e-10
9.999999999720921018e-01,2.790791985147400678e-11,9.999999999720921018e-01,2.790791985147401001e-11
9.999999999948926410e-01,5.107369090437681211e-12,9.999999999948926410e-01,5.107369090437681211e-12
9.999999999650965865e-01,3.490349648693227425e-11,9.999999999650965865e-01,3.490349648693227425e-11
9.999999999542145135e-01,4.578553539551430190e-11,9.999999999542145135e-01,4.578553539551429544e-11
9.999999999954056751e-01,4.594320500726418909e-12,9.999999999954056751e-01,4.594320500726418909e-12
9.999999999860557098e-01,1.394431753167856366e-11,9.999999999860557098e-01,1.394431753167856527e-11
9.999999999905299086e-01,9.470110774942860689e-12,9.999999999905297976e-01,9.470110774942860689e-12
9.999999999905299086e-01,9.470110774942860689e-12,9.999999999905299086e-01,9.470110774942860689e-12
9.999999999773966364e-01,2.260333082440867012e-11,9.999999999773967474e-01,2.260333082440867012e-11
9.999999999955387908e-01,4.461220696038503050e-12,9.999999999955387908e-01,4.461220696038503050e-12
9.999999999899356062e-01,1.006436526557536659e-11,9.999999999899356062e-01,1.006436526557536659e-11
1.280513414466977118e-29,1.000000000000000000e+00,1.280513414466977118e-29,1.000000000000000000e+00
2.660874160976113805e-54,1.000000000000000000e+00,2.660874160976113805e-54,1.000000000000000000e+00
1.204632648621563613e-17,1.000000000000000000e+00,1.204632648621563613e-17,1.000000000000000000e+00
9.998888664507017410e-01,1.111335492982467075e-04,9.998888664507017410e-01,1.111335492982467075e-04
9.978702591859638371e-01,2.129740814036120821e-03,9.978702591859638371e-01,2.129740814036121255e-03
7.171004187937926044e-01,2.828995812062073956e-01,7.171004187937926044e-01,2.828995812062073956e-01
9.995273477505108861e-01,4.726522494890490495e-04,9.995273477505109971e-01,4.726522494890491037e-04
9.012425899552200041e-20,1.000000000000000000e+00,9.012425899552198837e-20,1.000000000000000000e+00
1.280513414466977118e-29,1.000000000000000000e+00,1.280513414466977118e-29,1.000000000000000000e+00
2.411949648358555911e-24,1.000000000000000000e+00,2.411949648358555544e-24,1.000000000000000000e+00
9.999912770566483644e-01,8.722943351540687575e-06,9.999912770566484754e-01,8.722943351540687575e-06
9.978702591859638371e-01,2.129740814036121255e-03,9.978702591859638371e-01,2.129740814036121255e-03
4.238036665501944269e-09,9.999999957619634117e-01,4.238036665501944269e-09,9.999999957619633006e-01
1.204632648621563459e-17,1.000000000000000000e+00,1.204632648621563613e-17,1.000000000000000000e+00
9.452084402548474040e-01,5.479155974515254740e-02,9.452084402548475150e-01,5.479155974515254740e-02
9.999999999954550800e-01,4.544940010514135871e-12,9.999999999954550800e-01,4.544940010514135871e-12
9.999999960903752649e-01,3.909624719461174470e-09,9.999999960903752649e-01,3.909624719461174470e-09
9.999999999203141865e-01,7.968584050879436248e-11,9.999999999203140755e-01,7.968584050879436248e-11
9.887602347579522721e-01,1.123976524204770358e-02,9.887602347579522721e-01,1.123976524204770358e-02
9.999999999899356062e-01,1.006436526557536659e-11,9.999999999899356062e-01,1.006436526557536659e-11
9.999999352164864463e-01,6.478351360295755789e-08,9.999999352164864463e-01,6.478351360295754466e-08
3.205186936486595307e-05,9.999679481306351647e-01,3.205186936486595985e-05,9.999679481306351647e-01
9.999999352164864463e-01,6.478351360295754466e-08,9.999999352164863353e-01,6.478351360295754466e-08
9.999999999809391360e-01,1.906088483044513875e-11,9.999999999809391360e-01,1.906088483044513552e-11
3.118280795817127755e-12,9.999999999968817166e-01,3.118280795817127755e-12,9.999999999968817166e-01
2.165113646084434402e-74,1.000000000000000000e+00,2.165113646084434402e-74,1.000000000000000000e+00
7.891091843080291212e-190,1.000000000000000000e+00,7.891091843080292208e-190,1.000000000000000000e+00
9.999989299898902617e-01,1.070010109734934551e-06,9.999989299898902617e-01,1.070010109734934763e-06
9.999999999944296780e-01,5.570273398680857148e-12,9.999999999944297890e-01,5.570273398680857148e-12
9.999999978183631288e-01,2.181636925044639399e-09,9.999999978183631288e-01,2.181636925044639399e-09
9.999999999943958162e-01,5.604174516224689406e-12,9.999999999943959272e-01,5.604174516224690214e-12
9.999999999951034724e-01,4.896557034086601837e-12,9.999999999951033613e-01,4.896557034086601029e-12
9.999999999954136687e-01,4.586312181167410297e-12,9.999999999954136687e-01,4.586312181167410297e-12
9.999999999720921018e-01,2.790791985147400355e-11,9.999999999720921018e-01,2.790791985147401001e-11
8.282882430991952112e-39,1.000000000000000000e+00,8.282882430991952112e-39,1.000000000000000000e+00
6.508554717770753283e-69,1.000000000000000000e+00,6.508554717770752254e-69,1.000000000000000000e+00
9.999999996834015858e-01,3.165983998486476917e-10,9.999999996834015858e-01,3.165983998486476917e-10
3.205186936486595985e-05,9.999679481306351647e-01,3.205186936486595985e-05,9.999679481306350537e-01
1.911837754375327127e-32,1.000000000000000000e+00,1.911837754375326853e-32,1.000000000000000000e+00
9.999999999773966364e-01,2.260333082440867012e-11,9.999999999773966364e-01,2.260333082440866689e-11
9.999999960903752649e-01,3.909624719461175298e-09,9.999999960903752649e-01,3.909624719461174470e-09
9.999999999860557098e-01,1.394431753167856527e-11,9.999999999860557098e-01,1.394431753167856366e-11
9.999999999203141865e-01,7.968584050879436248e-11,9.999999999203140755e-01,7.968584050879436248e-11
9.999999999905299086e-01,9.470110774942860689e-12,9.999999999905299086e-01,9.470110774942860689e-12
9.999999999720921018e-01,2.790791985147400355e-11,9.999999999720921018e-01,2.790791985147400355e-11
9.999999996834015858e-01,3.165983998486476917e-10,9.999999996834015858e-01,3.165983998486477434e-10
9.999999999542145135e-01,4.578553539551430190e-11,9.999999999542145135e-01,4.578553539551429544e-11
7.370113658566844973e-14,9.999999999999262812e-01,7.370113658566844973e-14,9.999999999999262812e-01
5.918887905447865958e-76,1.000000000000000000e+00,2.394301944450983767e-84,1.000000000000000000e+00
1.000000000000000000e+00,2.394345567327220892e-74,9.337590669922917429e-140,1.000000000000000000e+00
3.869695874633839156e-116,1.000000000000000000e+00,3.869696153037837773e-116,1.000000000000000000e+00
6.045497240068945684e-108,1.000000000000000000e+00,6.045497240068946441e-108,1.000000000000000000e+00
9.887602347579522721e-01,1.123976524204770358e-02,9.887602347579522721e-01,1.123976524204770358e-02
4.109082433261003300e-50,1.000000000000000000e+00,4.109082433261003300e-50,1.000000000000000000e+00
3.118280795817127351e-12,9.999999999968817166e-01,3.118280795817128158e-12,9.999999999968818276e-01
1.911837754375327127e-32,1.000000000000000000e+00,1.911837754375327127e-32,1.000000000000000000e+00
9.999999999203141865e-01,7.968584050879436248e-11,9.999999999203141865e-01,7.968584050879436248e-11
9.999999998902970866e-01,1.097029182933490941e-10,9.999999998902969756e-01,1.097029182933491070e-10
9.999999998902970866e-01,1.097029182933491070e-10,9.999999998902970866e-01,1.097029182933490941e-10
7.171004187937927155e-01,2.828995812062073956e-01,7.171004187937926044e-01,2.828995812062073956e-01
9.999999845245972629e-01,1.547540266019399329e-08,9.999999845245973740e-01,1.547540266019399660e-08
9.999999999916409088e-01,8.359062569314931437e-12,9.999999999916409088e-01,8.359062569314931437e-12
9.999999999542145135e-01,4.578553539551430190e-11,9.999999999542144025e-01,4.578553539551429544e-11
9.999999999720921018e-01,2.790791985147400678e-11,9.999999999720919908e-01,2.790791985147400355e-11
9.887602347579522721e-01,1.123976524204770358e-02,9.887602347579522721e-01,1.123976524204770185e-02
9.999999999906338255e-01,9.366147881026150527e-12,9.999999999906338255e-01,9.366147881026148911e-12
9.999999999949931162e-01,5.006829722137265452e-12,9.999999999949932272e-01,5.006829722137265452e-12
9.999999999953546048e-01,4.645487461534250861e-12,9.999999999953546048e-01,4.645487461534250861e-12
9.999999999860557098e-01,1.394431753167856366e-11,9.999999999860557098e-01,1.394431753167856689e-11
9.999999999899356062e-01,1.006436526557536659e-11,9.999999999899356062e-01,1.006436526557536659e-11
9.999999999905299086e-01,9.470110774942860689e-12,9.999999999905299086e-01,9.470110774942862304e-12
9.999999999933920636e-01,6.607938860822676397e-12,9.999999999933920636e-01,6.607938860822675590e-12
9.999999999937110307e-01,6.288878759535914042e-12,9.999999999937111417e-01,6.288878759535914850e-12
9.999999999913983251e-01,8.601674835606658709e-12,9.999999999913983251e-01,8.601674835606660325e-12
9.999999999929860550e-01,7.013891618672186498e-12,9.999999999929861660e-01,7.013891618672187306e-12
9.999999999905299086e-01,9.470110774942860689e-12,9.999999999905299086e-01,9.470110774942860689e-12
9.999999999899356062e-01,1.006436526557536659e-11,9.999999999899357173e-01,1.006436526557536659e-11
9.999999999773966364e-01,2.260333082440867012e-11,9.999999999773967474e-01,2.260333082440867335e-11
9.999999999954932717e-01,4.506725468249470237e-12,9.999999999954932717e-01,4.506725468249469429e-12
9.999999987502280474e-01,1.249771974258892210e-09,9.999999987502279364e-01,1.249771974258892210e-09
9.525930785982880849e-64,1.000000000000000000e+00,9.525930785982880849e-64,1.000000000000000000e+00
1.204632648621563459e-17,1.000000000000000000e+00,1.204632648621563613e-17,1.000000000000000000e+00
9.887602347579522721e-01,1.123976524204770358e-02,9.887602347579522721e-01,1.123976524204770358e-02
9.978702591859639481e-01,2.129740814036121255e-03,9.978702591859638371e-01,2.129740814036121255e-03
9.999912770566484754e-01,8.722943351540689269e-06,9.999912770566484754e-01,8.722943351540689269e-06
9.999999978183631288e-01,2.181636925044639399e-09,9.999999978183630178e-01,2.181636925044638986e-09
9.999989299898902617e-01,1.070010109734934763e-06,9.999989299898902617e-01,1.070010109734934551e-06
9.999999992258555848e-01,7.741444924958627337e-10,9.999999992258553627e-01,7.741444924958626303e-10
9.999999923441931227e-01,7.655806880159441558e-09,9.999999923441931227e-01,7.655806880159441558e-09
9.999999999809391360e-01,1.906088483044513875e-11,9.999999999809391360e-01,1.906088483044513552e-11
9.999999845245973740e-01,1.547540266019399660e-08,9.999999845245972629e-01,1.547540266019399660e-08
9.999999923441931227e-01,7.655806880159441558e-09,9.999999923441930116e-01,7.655806880159439903e-09
9.999999999894058078e-01,1.059421469870005238e-11,9.999999999894058078e-01,1.059421469870005238e-11
9.999999999938302686e-01,6.169712484015444108e-12,9.999999999938302686e-01,6.169712484015444108e-12
9.978702591859638371e-01,2.129740814036121255e-03,9.978702591859638371e-01,2.129740814036121255e-03
1.280513414466977118e-29,1.000000000000000000e+00,1.280513414466977118e-29,1.000000000000000000e+00
5.646231525212654172e-22,1.000000000000000000e+00,5.646231525212654172e-22,1.000000000000000000e+00
4.237959541171850298e-04,9.995762040458827657e-01,4.237959541171850298e-04,9.995762040458827657e-01
9.012425899552201245e-20,1.000000000000000000e+00,9.012425899552200041e-20,1.000000000000000000e+00
1.204632648621563459e-17,1.000000000000000000e+00,1.204632648621563613e-17,1.000000000000000000e+00
1.911837754375327127e-32,1.000000000000000000e+00,1.911837754375327127e-32,1.000000000000000000e+00
2.800694639660818996e-01,7.199305360339181004e-01,2.800694639660818996e-01,7.199305360339181004e-01
4.701494535626959959e-02,9.529850546437304004e-01,4.701494535626959959e-02,9.529850546437302894e-01
9.999999992258555848e-01,7.741444924958628371e-10,9.999999992258555848e-01,7.741444924958627337e-10
9.999999923441931227e-01,7.655806880159441558e-09,9.999999923441931227e-01,7.655806880159441558e-09
4.238036665501943442e-09,9.999999957619634117e-01,4.238036665501943442e-09,9.999999957619633006e-01
9.999996165722054853e-01,3.834277945064682940e-07,9.999996165722054853e-01,3.834277945064682940e-07
4.701494535626959265e-02,9.529850546437304004e-01,4.701494535626959959e-02,9.529850546437304004e-01
9.352388814067828455e-59,1.000000000000000000e+00,9.352388814067828455e-59,1.000000000000000000e+00
1.729472159156367546e-86,1.000000000000000000e+00,1.729472159156367546e-86,1.000000000000000000e+00
4.237959541171850840e-04,9.995762040458828768e-01,4.237959541171850298e-04,9.995762040458827657e-01
1.331061532870315065e-10,9.999999998668938073e-01,1.331061532870315065e-10,9.999999998668938073e-01
1.331061532870315324e-10,9.999999998668938073e-01,1.331061532870315065e-10,9.999999998668938073e-01
1.331061532870315065e-10,9.999999998668938073e-01,1.331061532870315065e-10,9.999999998668938073e-01
8.282882430991953417e-39,1.000000000000000000e+00,8.282882430991952112e-39,1.000000000000000000e+00
1.204632648621563613e-17,1.000000000000000000e+00,1.204632648621563613e-17,1.000000000000000000e+00
1.280513414466977118e-29,1.000000000000000000e+00,1.280513414466977118e-29,1.000000000000000000e+00
4.237959541171849756e-04,9.995762040458826547e-01,4.237959541171850298e-04,9.995762040458827657e-01
3.205186936486595985e-05,9.999679481306351647e-01,3.205186936486595307e-05,9.999679481306350537e-01
9.012425899552200041e-20,1.000000000000000000e+00,9.012425899552200041e-20,1.000000000000000000e+00
1.320341471698639216e-10,9.999999998679658386e-01,1.320341471698638958e-10,9.999999998679658386e-01
2.461557744386695238e-80,1.000000000000000000e+00,3.031823604076753202e-88,1.000000000000000000e+00
1.000000000000000000e+00,3.064324571419386159e-78,9.999999998999999750e-11,9.999999998999999917e-01
5.000000000000000000e-01,5.000000000000000000e-01,9.999999998999999750e-11,9.999999998999999917e-01
5.000000000000000000e-01,5.000000000000000000e-01,1.181804777819438813e-316,1.000000000000000000e+00
1.000000000000000000e+00,1.181804777819438813e-306,4.600492363018045496e-46,1.000000000000000000e+00
9.999999999923417926e-01,7.658139894305019673e-12,9.999999999923419036e-01,7.658139894305021288e-12
4.237959541171851382e-04,9.995762040458827657e-01,4.237959541171851382e-04,9.995762040458828768e-01
9.999989299898902617e-01,1.070010109734934551e-06,9.999989299898902617e-01,1.070010109734934551e-06
9.999999999955372365e-01,4.462777587683136005e-12,9.999999999955372365e-01,4.462777587683136812e-12
9.999999999935760275e-01,6.423970721660730185e-12,9.999999999935760275e-01,6.423970721660730185e-12
9.999999999899356062e-01,1.006436526557536659e-11,9.999999999899356062e-01,1.006436526557536659e-11
9.999999999905299086e-01,9.470110774942860689e-12,9.999999999905299086e-01,9.470110774942862304e-12
9.999999999411371965e-01,5.886277232111930896e-11,9.999999999411371965e-01,5.886277232111930896e-11
9.999999999899356062e-01,1.006436526557536659e-11,9.999999999899356062e-01,1.006436526557536821e-11
9.999999999933496531e-01,6.650344746761938110e-12,9.999999999933495420e-01,6.650344746761937303e-12
9.999999999954933827e-01,4.506725468249469429e-12,9.999999999954932717e-01,4.506725468249470237e-12
9.999999999650965865e-01,3.490349648693227425e-11,9.999999999650964755e-01,3.490349648693226779e-11
9.999999997909720939e-01,2.090278510371158602e-10,9.999999997909720939e-01,2.090278510371158860e-10
9.999999992258554737e-01,7.741444924958627337e-10,9.999999992258555848e-01,7.741444924958627337e-10
9.999989299898903727e-01,1.070010109734934551e-06,9.999989299898902617e-01,1.070010109734934763e-06
9.999999999946544982e-01,5.345521493438272746e-12,9.999999999946543872e-01,5.345521493438271938e-12
4.237959541171850298e-04,9.995762040458827657e-01,4.237959541171850298e-04,9.995762040458827657e-01
1.331061532870315065e-10,9.999999998668938073e-01,1.331061532870315065e-10,9.999999998668938073e-01
9.999999352164863353e-01,6.478351360295755789e-08,9.999999352164864463e-01,6.478351360295754466e-08
9.999999999860557098e-01,1.394431753167856527e-11,9.999999999860557098e-01,1.394431753167856204e-11
9.999999999954056751e-01,4.594320500726418909e-12,9.999999999954056751e-01,4.594320500726418909e-12
1.454880309959928845e-54,1.000000000000000000e+00,1.454880309959928845e-54,1.000000000000000000e+00
6.393019270436641938e-07,9.999993606980730476e-01,5.144691080765466555e-36,1.000000000000000000e+00
1.583294021709381816e-138,1.000000000000000000e+00,1.583294021724292966e-148,1.000000000000000000e+00
1.801541210364329218e-46,1.000000000000000000e+00,9.999999998999999750e-11,9.999999998999999917e-01
1.000000000000000000e+00,2.852369428259788823e-184,3.307133096660502924e-177,1.000000000000000000e+00
6.508554717770752254e-69,1.000000000000000000e+00,6.508554717770752254e-69,1.000000000000000000e+00
4.600492363018045496e-46,1.000000000000000000e+00,4.600492363018045496e-46,1.000000000000000000e+00
2.411949648358555544e-24,1.000000000000000000e+00,2.411949648358555544e-24,1.000000000000000000e+00
5.502033506899062883e-285,1.000000000000000000e+00,5.502033506899062883e-285,1.000000000000000000e+00
1.204632648621563613e-17,1.000000000000000000e+00,1.204632648621563613e-17,1.000000000000000000e+00
9.452084402548474040e-01,5.479155974515254740e-02,9.452084402548475150e-01,5.479155974515254740e-02
1.729472159156367546e-86,1.000000000000000000e+00,1.729472159156367546e-86,1.000000000000000000e+00
9.999999999879028989e-01,1.209708840225712223e-11,9.999999999879028989e-01,1.209708840225712385e-11
9.999999999879028989e-01,1.209708840225712385e-11,9.999999999879028989e-01,1.209708840225712223e-11
9.999999995101670480e-01,4.898329619689137195e-10,9.999999995101670480e-01,4.898329619689137195e-10
9.999999999894058078e-01,1.059421469870005238e-11,9.999999999894056968e-01,1.059421469870005077e-11
9.999999999650964755e-01,3.490349648693226779e-11,9.999999999650964755e-01,3.490349648693226779e-11
9.999999999943958162e-01,5.604174516224690214e-12,9.999999999943959272e-01,5.604174516224691022e-12
9.999971298270136089e-01,2.870172986448141955e-06,9.999971298270136089e-01,2.870172986448142379e-06
9.999999999650964755e-01,3.490349648693226779e-11,9.999999999650964755e-01,3.490349648693227425e-11
9.999999999411371965e-01,5.886277232111929603e-11,9.999999999411371965e-01,5.886277232111930896e-11
9.999999996834015858e-01,3.165983998486477434e-10,9.999999996834015858e-01,3.165983998486476917e-10
9.999999999894058078e-01,1.059421469870005238e-11,9.999999999894058078e-01,1.059421469870005077e-11
9.999999999650964755e-01,3.490349648693226779e-11,9.999999999650964755e-01,3.490349648693226779e-11
9.999999999954614083e-01,4.538601109276522696e-12,9.999999999954614083e-01,4.538601109276523504e-12
9.999999999943958162e-01,5.604174516224689406e-12,9.999999999943958162e-01,5.604174516224689406e-12
9.999999999948683271e-01,5.131695836195938107e-12,9.999999999948683271e-01,5.131695836195937299e-12
9.999999999955238028e-01,4.476278123312818642e-12,9.999999999955236918e-01,4.476278123312817026e-12
9.999999999949931162e-01,5.006829722137265452e-12,9.999999999949931162e-01,5.006829722137265452e-12
9.999999999946544982e-01,5.345521493438271938e-12,9.999999999946544982e-01,5.345521493438271938e-12
9.999999999952000618e-01,4.800040419931763872e-12,9.999999999951999508e-01,4.800040419931763872e-12
9.999999999954933827e-01,4.506725468249469429e-12,9.999999999954932717e-01,4.506725468249469429e-12
9.999999999899356062e-01,1.006436526557536659e-11,9.999999999899356062e-01,1.006436526557536659e-11
9.999999999899356062e-01,1.006436526557536659e-11,9.999999999899357173e-01,1.006436526557536659e-11
9.999999999899356062e-01,1.006436526557536659e-11,9.999999999899357173e-01,1.006436526557536659e-11
9.999999999899356062e-01,1.006436526557536659e-11,9.999999999899357173e-01,1.006436526557536659e-11
9.999999999899356062e-01,1.006436526557536659e-11,9.999999999899357173e-01,1.006436526557536659e-11
9.999999999720921018e-01,2.790791985147400355e-11,9.999999999720919908e-01,2.790791985147400355e-11
9.999999999951034724e-01,4.896557034086601837e-12,9.999999999951034724e-01,4.896557034086601029e-12
9.999999999952835505e-01,4.716556624748107670e-12,9.999999999952834395e-01,4.716556624748106862e-12
9.999999999916409088e-01,8.359062569314933052e-12,9.999999999916409088e-01,8.359062569314933052e-12
9.999999999944296780e-01,5.570273398680856340e-12,9.999999999944296780e-01,5.570273398680856340e-12
5.592733038504423729e-233,1.000000000000000000e+00,5.592733038504423729e-233,1.000000000000000000e+00
3.397932514561426300e-80,1.000000000000000000e+00,3.397932514560491463e-80,1.000000000000000000e+00
6.300070017359062733e-55,1.000000000000000000e+00,6.300070017359062733e-55,1.000000000000000000e+00
1.304673861145523018e-117,1.000000000000000000e+00,9.923522086225186358e-144,1.000000000000000000e+00
1.000000000000000000e+00,9.923522086080779287e-134,4.340096901071564676e-143,1.000000000000000000e+00
2.460229058573588850e-97,1.000000000000000000e+00,1.536544158566276752e-321,1.000000000000000000e+00
1.000000000000000000e+00,1.067763251288606416e-229,9.999999998999999750e-11,9.999999998999999917e-01
5.000000000000000000e-01,5.000000000000000000e-01,9.999999998999999750e-11,9.999999998999999917e-01
5.000000000000000000e-01,5.000000000000000000e-01,1.509990883018561017e-157,1.000000000000000000e+00
2.286022896340101104e-31,1.000000000000000000e+00,2.647869429135044998e-203,1.000000000000000000e+00
1.000000000000000000e+00,3.451873731795005666e-178,7.348060591952458448e-144,1.000000000000000000e+00
5.646231525212654172e-22,1.000000000000000000e+00,5.646231525212654172e-22,1.000000000000000000e+00
6.877579828310446085e-27,1.000000000000000000e+00,6.877579828310446085e-27,1.000000000000000000e+00
1.280513414466977118e-29,1.000000000000000000e+00,1.280513414466977118e-29,1.000000000000000000e+00
7.171004187937926044e-01,2.828995812062073956e-01,7.171004187937926044e-01,2.828995812062073956e-01
9.999999999954056751e-01,4.594320500726418101e-12,9.999999999954056751e-01,4.594320500726418909e-12
9.999999999941007189e-01,5.899290110926180300e-12,9.999999999941007189e-01,5.899290110926180300e-12
9.999999998528752432e-01,1.471248556222005485e-10,9.999999998528751322e-01,1.471248556222005226e-10
9.999999999905299086e-01,9.470110774942860689e-12,9.999999999905299086e-01,9.470110774942862304e-12
9.999999999899356062e-01,1.006436526557536659e-11,9.999999999899357173e-01,1.006436526557536659e-11
9.999999999905299086e-01,9.470110774942860689e-12,9.999999999905299086e-01,9.470110774942862304e-12
9.999999999411371965e-01,5.886277232111930896e-11,9.999999999411371965e-01,5.886277232111930896e-11
9.999999999951999508e-01,4.800040419931763872e-12,9.999999999951999508e-01,4.800040419931763872e-12
9.999999999950521801e-01,4.947834189859316537e-12,9.999999999950521801e-01,4.947834189859316537e-12
9.999999999906338255e-01,9.366147881026150527e-12,9.999999999906338255e-01,9.366147881026150527e-12
9.999999999720921018e-01,2.790791985147400355e-11,9.999999999720921018e-01,2.790791985147400678e-11
9.999999999905299086e-01,9.470110774942862304e-12,9.999999999905299086e-01,9.470110774942860689e-12
9.999999999899356062e-01,1.006436526557536659e-11,9.999999999899357173e-01,1.006436526557536659e-11
9.999999998528751322e-01,1.471248556222005226e-10,9.999999998528751322e-01,1.471248556222005485e-10
9.012425899552198837e-20,1.000000000000000000e+00,9.012425899552200041e-20,1.000000000000000000e+00
9.438928158119736681e-16,9.999999999999991118e-01,9.438928158119736681e-16,9.999999999999991118e-01
9.999999999948927520e-01,5.107369090437682826e-12,9.999999999948925300e-01,5.107369090437680403e-12
9.999999999411373075e-01,5.886277232111932188e-11,9.999999999411371965e-01,5.886277232111930896e-11
9.999999997909720939e-01,2.090278510371158343e-10,9.999999997909720939e-01,2.090278510371158602e-10
5.075134280289634627e-03,9.949248657197103940e-01,5.075134280289634627e-03,9.949248657197103940e-01
9.995273477505108861e-01,4.726522494890490495e-04,9.995273477505109971e-01,4.726522494890491037e-04
9.999996165722054853e-01,3.834277945064682940e-07,9.999996165722054853e-01,3.834277945064683469e-07
9.352388814067830224e-59,1.000000000000000000e+00,9.352388814067828455e-59,1.000000000000000000e+00
9.999999978183630178e-01,2.181636925044639813e-09,9.999999978183631288e-01,2.181636925044639399e-09
9.999999998902970866e-01,1.097029182933491070e-10,9.999999998902970866e-01,1.097029182933491070e-10
9.999999999906338255e-01,9.366147881026150527e-12,9.999999999906339365e-01,9.366147881026150527e-12
9.999999999946544982e-01,5.345521493438271938e-12,9.999999999946544982e-01,5.345521493438271938e-12
9.999999999937110307e-01,6.288878759535914042e-12,9.999999999937111417e-01,6.288878759535914850e-12
9.995273477505109971e-01,4.726522494890490495e-04,9.995273477505108861e-01,4.726522494890490495e-04
2.800694639660818996e-01,7.199305360339181004e-01,2.800694639660818996e-01,7.199305360339181004e-01
3.205186936486595985e-05,9.999679481306351647e-01,3.205186936486595985e-05,9.999679481306351647e-01
1.331061532870315324e-10,9.999999998668938073e-01,1.331061532870315324e-10,9.999999998668939183e-01
9.999999352164863353e-01,6.478351360295754466e-08,9.999999352164864463e-01,6.478351360295754466e-08
9.999999999923419036e-01,7.658139894305021288e-12,9.999999999923417926e-01,7.658139894305021288e-12
4.237959541171851382e-04,9.995762040458827657e-01,4.237959541171851382e-04,9.995762040458828768e-01
1.280513414466977118e-29,1.000000000000000000e+00,1.280513414466977399e-29,1.000000000000000000e+00
2.800694639660819552e-01,7.199305360339181004e-01,2.800694639660818996e-01,7.199305360339181004e-01
1.909432868908195602e-06,9.999980905671311815e-01,1.909432868908195602e-06,9.999980905671310705e-01
9.525930785982879500e-64,1.000000000000000000e+00,9.525930785982880849e-64,1.000000000000000000e+00
4.109082433261003300e-50,1.000000000000000000e+00,4.109082433261003300e-50,1.000000000000000000e+00
9.978702591859639481e-01,2.129740814036121688e-03,9.978702591859638371e-01,2.129740814036121255e-03
9.352388814067826687e-59,1.000000000000000000e+00,9.352388814067828455e-59,1.000000000000000000e+00
4.600492363018045496e-46,1.000000000000000000e+00,4.600492363018045496e-46,1.000000000000000000e+00
5.646231525212654172e-22,1.000000000000000000e+00,5.646231525212654172e-22,1.000000000000000000e+00
6.508554717770752254e-69,1.000000000000000000e+00,6.508554717770752254e-69,1.000000000000000000e+00
2.800694639660818996e-01,7.199305360339181004e-01,2.800694639660818996e-01,7.199305360339181004e-01
4.237959541171850840e-04,9.995762040458827657e-01,4.237959541171851382e-04,9.995762040458828768e-01
9.999999999971982412e-01,2.801791214232763056e-12,9.999999999971981302e-01,2.801791214232762652e-12
8.837212725768214927e-67,1.000000000000000000e+00,1.099872619978397852e-56,1.000000000000000000e+00
4.268568354792462920e-67,1.000000000000000000e+00,9.999999998999999750e-11,9.999999998999999917e-01
3.903765434854451384e-123,1.000000000000000000e+00,6.508554717770752254e-69,1.000000000000000000e+00
9.999999999906338255e-01,9.366147881162444688e-12,9.999999999906338255e-01,9.366147881026150527e-12
5.592733038504423729e-233,1.000000000000000000e+00,5.592733038504422835e-233,1.000000000000000000e+00
1.000000000000000000e+00,5.592733038504423203e-223,6.045497240068946441e-108,1.000000000000000000e+00
1.729472159156367546e-86,1.000000000000000000e+00,1.729472159156367546e-86,1.000000000000000000e+00
1.331061532870315065e-10,9.999999998668938073e-01,1.331061532870315065e-10,9.999999998668938073e-01
9.999999999954550800e-01,4.544940010514135871e-12,9.999999999954550800e-01,4.544940010514135871e-12
9.999999999879028989e-01,1.209708840225712385e-11,9.999999999879027879e-01,1.209708840225712223e-11
9.999999997909720939e-01,2.090278510371158602e-10,9.999999997909722049e-01,2.090278510371158860e-10
9.999999999860557098e-01,1.394431753167856527e-11,9.999999999860557098e-01,1.394431753167856366e-11
9.999971298270136089e-01,2.870172986448141955e-06,9.999971298270136089e-01,2.870172986448142379e-06
9.999999996834015858e-01,3.165983998486477434e-10,9.999999996834015858e-01,3.165983998486476917e-10
1.024093259736573733e-07,9.999998975906740917e-01,1.024093259736573733e-07,9.999998975906740917e-01
9.887602347579522721e-01,1.123976524204770358e-02,9.887602347579522721e-01,1.123976524204770358e-02
1.024093259736573601e-07,9.999998975906739807e-01,1.024093259736573601e-07,9.999998975906739807e-01
4.701494535626959959e-02,9.529850546437304004e-01,4.701494535626959959e-02,9.529850546437304004e-01
4.600492363018045496e-46,1.000000000000000000e+00,4.600492363018045496e-46,1.000000000000000000e+00
9.887602347579522721e-01,1.123976524204770358e-02,9.887602347579522721e-01,1.123976524204770358e-02
9.999999999203141865e-01,7.968584050879436248e-11,9.999999999203141865e-01,7.968584050879436248e-11
9.998888664507018520e-01,1.111335492982466939e-04,9.998888664507017410e-01,1.111335492982467075e-04
9.999999960903752649e-01,3.909624719461175298e-09,9.999999960903752649e-01,3.909624719461174470e-09
9.999999999938302686e-01,6.169712484015444915e-12,9.999999999938302686e-01,6.169712484015444915e-12
9.999999999906338255e-01,9.366147881026150527e-12,9.999999999906338255e-01,9.366147881026150527e-12
9.999999999950521801e-01,4.947834189859316537e-12,9.999999999950521801e-01,4.947834189859316537e-12
9.999999978183631288e-01,2.181636925044639399e-09,9.999999978183631288e-01,2.181636925044639813e-09
2.165113646084434402e-74,1.000000000000000000e+00,2.165113646084434402e-74,1.000000000000000000e+00
9.999999352164863353e-01,6.478351360295754466e-08,9.999999352164864463e-01,6.478351360295754466e-08
9.999999999954056751e-01,4.594320500726418909e-12,9.999999999954056751e-01,4.594320500726418909e-12
9.999999999411373075e-01,5.886277232111932188e-11,9.999999999411371965e-01,5.886277232111930896e-11
9.999999999899356062e-01,1.006436526557536659e-11,9.999999999899356062e-01,1.006436526557536659e-11
9.999999999933496531e-01,6.650344746761938110e-12,9.999999999933495420e-01,6.650344746761937303e-12
9.999999996834015858e-01,3.165983998486476917e-10,9.999999996834015858e-01,3.165983998486477434e-10
9.999999999951999508e-01,4.800040419931763872e-12,9.999999999951999508e-01,4.800040419931763872e-12
9.999999999542144025e-01,4.578553539551428898e-11,9.999999999542145135e-01,4.578553539551429544e-11
9.999999999943958162e-01,5.604174516224690214e-12,9.999999999943959272e-01,5.604174516224691022e-12
9.999999999650965865e-01,3.490349648693227425e-11,9.999999999650964755e-01,3.490349648693226779e-11
9.999999999941007189e-01,5.899290110926179492e-12,9.999999999941008300e-01,5.899290110926180300e-12
9.999999999809390250e-01,1.906088483044513552e-11,9.999999999809391360e-01,1.906088483044513228e-11
9.999999999954136687e-01,4.586312181167409490e-12,9.999999999954136687e-01,4.586312181167410297e-12
9.999999999944297890e-01,5.570273398680857956e-12,9.999999999944296780e-01,5.570273398680857148e-12
7.171004187937926044e-01,2.828995812062073956e-01,7.171004187937926044e-01,2.828995812062073956e-01
9.012425899552200041e-20,1.000000000000000000e+00,9.012425899552200041e-20,1.000000000000000000e+00
3.397932514560492212e-80,1.000000000000000000e+00,3.397932514560491463e-80,1.000000000000000000e+00
3.802272892227976599e-93,1.000000000000000000e+00,3.802272892227976599e-93,1.000000000000000000e+00
4.500959010898249020e-134,1.000000000000000000e+00,4.500959010898248043e-134,1.000000000000000000e+00
9.352388814067830224e-59,1.000000000000000000e+00,9.352388814067828455e-59,1.000000000000000000e+00
3.869696153037837773e-116,1.000000000000000000e+00,3.869696153037837773e-116,1.000000000000000000e+00
1.807898221838876864e-35,1.000000000000000000e+00,1.807898221838876864e-35,1.000000000000000000e+00
4.600492363018045496e-46,1.000000000000000000e+00,4.600492363018045496e-46,1.000000000000000000e+00
9.525930785982879500e-64,1.000000000000000000e+00,9.525930785982880849e-64,1.000000000000000000e+00
1.807898221838877131e-35,1.000000000000000000e+00,1.807898221838876864e-35,1.000000000000000000e+00
6.877579828310446085e-27,1.000000000000000000e+00,6.877579828310446085e-27,1.000000000000000000e+00
4.109082433261002825e-50,1.000000000000000000e+00,4.109082433261003300e-50,1.000000000000000000e+00
4.109082433261002825e-50,1.000000000000000000e+00,4.109082433261003300e-50,1.000000000000000000e+00
8.800956425886402597e-125,1.000000000000000000e+00,8.800956425886403647e-125,1.000000000000000000e+00
7.552308208795004252e-14,9.999999999999245048e-01,7.552308208795004252e-14,9.999999999999245048e-01
9.999999698367982859e-01,3.016320162128396753e-08,9.999999698367983969e-01,3.016320162128398077e-08
1.807898221838876864e-35,1.000000000000000000e+00,1.807898221838876864e-35,1.000000000000000000e+00
4.238036665501943442e-09,9.999999957619633006e-01,4.238036665501944269e-09,9.999999957619634117e-01
2.800694639660818996e-01,7.199305360339181004e-01,2.800694639660818996e-01,7.199305360339181004e-01
9.998888664507016300e-01,1.111335492982466939e-04,9.998888664507017410e-01,1.111335492982466939e-04
4.701494535626959959e-02,9.529850546437304004e-01,4.701494535626959959e-02,9.529850546437304004e-01
1.024093259736573733e-07,9.999998975906740917e-01,1.024093259736573601e-07,9.999998975906739807e-01
9.999999998528751322e-01,1.471248556222004968e-10,9.999999998528751322e-01,1.471248556222005226e-10
9.999999923441931227e-01,7.655806880159441558e-09,9.999999923441931227e-01,7.655806880159439903e-09
9.999996165722055963e-01,3.834277945064683469e-07,9.999996165722054853e-01,3.834277945064682940e-07
9.999999999952163821e-01,4.783576317964525966e-12,9.999999999952164931e-01,4.783576317964525966e-12
9.999999999650965865e-01,3.490349648693227425e-11,9.999999999650964755e-01,3.490349648693227425e-11
9.999999999933496531e-01,6.650344746761938110e-12,9.999999999933496531e-01,6.650344746761938918e-12
9.999999960903752649e-01,3.909624719461174470e-09,9.999999960903752649e-01,3.909624719461174470e-09
9.999999999906338255e-01,9.366147881026148911e-12,9.999999999906337145e-01,9.366147881026150527e-12
9.999696545150293936e-01,3.034548497055940993e-05,9.999696545150293936e-01,3.034548497055940993e-05
9.999999999860557098e-01,1.394431753167856527e-11,9.999999999860557098e-01,1.394431753167856366e-11
9.999999997909720939e-01,2.090278510371158602e-10,9.999999997909722049e-01,2.090278510371158860e-10
9.999999999650964755e-01,3.490349648693226779e-11,9.999999999650964755e-01,3.490349648693226779e-11
9.999999999906338255e-01,9.366147881026148911e-12,9.999999999906338255e-01,9.366147881026150527e-12
9.999999845245973740e-01,1.547540266019399660e-08,9.999999845245972629e-01,1.547540266019399660e-08
9.999999923441931227e-01,7.655806880159441558e-09,9.999999923441930116e-01,7.655806880159441558e-09
9.999999999542145135e-01,4.578553539551429544e-11,9.999999999542146245e-01,4.578553539551430190e-11
9.999999998528751322e-01,1.471248556222005226e-10,9.999999998528751322e-01,1.471248556222005226e-10
9.999999960903752649e-01,3.909624719461175298e-09,9.999999960903752649e-01,3.909624719461174470e-09
9.999912770566484754e-01,8.722943351540687575e-06,9.999912770566484754e-01,8.722943351540689269e-06
9.999999998902970866e-01,1.097029182933491070e-10,9.999999998902970866e-01,1.097029182933490941e-10
9.999999999650964755e-01,3.490349648693227425e-11,9.999999999650964755e-01,3.490349648693227425e-11
9.999999999837737574e-01,1.622624383836943016e-11,9.999999999837737574e-01,1.622624383836942693e-11
9.999999999948926410e-01,5.107369090437681211e-12,9.999999999948926410e-01,5.107369090437682018e-12
9.999999992258554737e-01,7.741444924958627337e-10,9.999999992258554737e-01,7.741444924958627337e-10
9.999999999542145135e-01,4.578553539551429544e-11,9.999999999542145135e-01,4.578553539551430190e-11
9.999999992258554737e-01,7.741444924958626303e-10,9.999999992258555848e-01,7.741444924958627337e-10
9.999999998528751322e-01,1.471248556222005226e-10,9.999999998528751322e-01,1.471248556222005226e-10
9.998888664507017410e-01,1.111335492982466939e-04,9.998888664507016300e-01,1.111335492982467075e-04
9.999999999203141865e-01,7.968584050879436248e-11,9.999999999203140755e-01,7.968584050879436248e-11
9.999971298270134978e-01,2.870172986448141955e-06,9.999971298270136089e-01,2.870172986448141955e-06
3.802272892227977025e-93,1.000000000000000000e+00,3.802272892227976599e-93,1.000000000000000000e+00
9.438928158119736681e-16,9.999999999999991118e-01,9.438928158119736681e-16,9.999999999999991118e-01
7.552308208795006777e-14,9.999999999999246159e-01,7.552308208795004252e-14,9.999999999999245048e-01
1.331061532870315324e-10,9.999999998668938073e-01,1.331061532870315065e-10,9.999999998668938073e-01
8.282882430991952112e-39,1.000000000000000000e+00,8.282882430991952112e-39,1.000000000000000000e+00
9.438928158119736681e-16,9.999999999999990008e-01,9.438928158119736681e-16,9.999999999999991118e-01
2.418487454746348596e-100,1.000000000000000000e+00,2.418487454746348596e-100,1.000000000000000000e+00
3.118280795817127351e-12,9.999999999968816056e-01,3.118280795817128158e-12,9.999999999968818276e-01
1.204632648621563613e-17,1.000000000000000000e+00,1.204632648621563613e-17,1.000000000000000000e+00
1.911837754375327127e-32,1.000000000000000000e+00,1.911837754375327127e-32,1.000000000000000000e+00
4.600492363018045496e-46,1.000000000000000000e+00,4.600492363018045496e-46,1.000000000000000000e+00
8.800956425886403647e-125,1.000000000000000000e+00,8.800956425886403647e-125,1.000000000000000000e+00
1.000000000000000000e+00,8.800956426014475233e-115,4.681105781867125816e-287,1.000000000000000000e+00
4.681105781799006645e-277,1.000000000000000000e+00,5.502033506899062883e-285,1.000000000000000000e+00
3.205186936486595985e-05,9.999679481306351647e-01,3.205186936486595985e-05,9.999679481306351647e-01
1.911837754375326853e-32,1.000000000000000000e+00,1.911837754375326853e-32,1.000000000000000000e+00
2.165113646084434009e-74,1.000000000000000000e+00,2.165113646084434402e-74,1.000000000000000000e+00
5.646231525212654172e-22,1.000000000000000000e+00,5.646231525212654172e-22,1.000000000000000000e+00
2.900305680487601590e-42,1.000000000000000000e+00,2.900305680487600952e-42,1.000000000000000000e+00
1.807898221838877131e-35,1.000000000000000000e+00,1.807898221838876864e-35,1.000000000000000000e+00
5.646231525212654172e-22,1.000000000000000000e+00,5.646231525212654172e-22,1.000000000000000000e+00
1.911837754375326853e-32,1.000000000000000000e+00,1.911837754375327127e-32,1.000000000000000000e+00
3.802272892227976599e-93,1.000000000000000000e+00,3.802272892227976599e-93,1.000000000000000000e+00
2.660874160976113805e-54,1.000000000000000000e+00,2.660874160976113805e-54,1.000000000000000000e+00
2.165113646084434402e-74,1.000000000000000000e+00,2.165113646084434402e-74,1.000000000000000000e+00
8.282882430991952112e-39,1.000000000000000000e+00,8.282882430991952112e-39,1.000000000000000000e+00
1.911837754375327400e-32,1.000000000000000000e+00,1.911837754375327127e-32,1.000000000000000000e+00
4.238036665501943442e-09,9.999999957619633006e-01,4.238036665501944269e-09,9.999999957619634117e-01
1.729472159156367546e-86,1.000000000000000000e+00,1.729472159156367546e-86,1.000000000000000000e+00
8.282882430991953417e-39,1.000000000000000000e+00,8.282882430991952112e-39,1.000000000000000000e+00
9.438928158119736681e-16,9.999999999999990008e-01,9.438928158119736681e-16,9.999999999999991118e-01
9.999999999933921746e-01,6.607938860822677205e-12,9.999999999933919526e-01,6.607938860822675590e-12
9.999999999899356062e-01,1.006436526557536659e-11,9.999999999899356062e-01,1.006436526557536659e-11
9.999999999899356062e-01,1.006436526557536659e-11,9.999999999899357173e-01,1.006436526557536659e-11
9.999999999946544982e-01,5.345521493438271938e-12,9.999999999946544982e-01,5.345521493438271130e-12
9.999999999899356062e-01,1.006436526557536659e-11,9.999999999899357173e-01,1.006436526557536659e-11
9.999999999949931162e-01,5.006829722137265452e-12,9.999999999949932272e-01,5.006829722137265452e-12
9.999999999773966364e-01,2.260333082440866689e-11,9.999999999773966364e-01,2.260333082440867012e-11
9.999999999915555327e-01,8.444435846311212636e-12,9.999999999915555327e-01,8.444435846311212636e-12
9.999999999952163821e-01,4.783576317964525966e-12,9.999999999952163821e-01,4.783576317964525966e-12
9.999999999942685847e-01,5.731468574391404690e-12,9.999999999942685847e-01,5.731468574391405497e-12
9.999999999954549690e-01,4.544940010514135063e-12,9.999999999954550800e-01,4.544940010514135871e-12
9.999999999936635131e-01,6.336410936240907307e-12,9.999999999936636241e-01,6.336410936240908115e-12
9.999999999954549690e-01,4.544940010514135063e-12,9.999999999954550800e-01,4.544940010514135871e-12
9.999999999933919526e-01,6.607938860822675590e-12,9.999999999933919526e-01,6.607938860822675590e-12
9.999998453444800539e-01,1.546555199387388826e-07,9.999998453444800539e-01,1.546555199387388826e-07
9.999999999899356062e-01,1.006436526557536659e-11,9.999999999899357173e-01,1.006436526557536659e-11
9.999999999933496531e-01,6.650344746761938110e-12,9.999999999933495420e-01,6.650344746761938110e-12
9.999999999949931162e-01,5.006829722137265452e-12,9.999999999949931162e-01,5.006829722137265452e-12
9.999999999923419036e-01,7.658139894305021288e-12,9.999999999923419036e-01,7.658139894305021288e-12
7.171004187937926044e-01,2.828995812062073956e-01,7.171004187937924934e-01,2.828995812062073401e-01
9.999999999837738685e-01,1.622624383836943016e-11,9.999999999837737574e-01,1.622624383836943339e-11
9.999999998902970866e-01,1.097029182933490941e-10,9.999999998902970866e-01,1.097029182933491070e-10
9.999999999955372365e-01,4.462777587683136005e-12,9.999999999955372365e-01,4.462777587683136005e-12
5.075134280289634627e-03,9.949248657197103940e-01,5.075134280289633759e-03,9.949248657197102830e-01
9.999999999927625671e-01,7.237517422417696184e-12,9.999999999927624561e-01,7.237517422417696184e-12
9.999999978183631288e-01,2.181636925044639399e-09,9.999999978183630178e-01,2.181636925044639813e-09
9.999999999955205832e-01,4.479402961216933990e-12,9.999999999955206942e-01,4.479402961216934798e-12
9.999999999933497641e-01,6.650344746761938918e-12,9.999999999933496531e-01,6.650344746761938110e-12
9.999999992258554737e-01,7.741444924958627337e-10,9.999999992258554737e-01,7.741444924958628371e-10
9.999999999913983251e-01,8.601674835606658709e-12,9.999999999913983251e-01,8.601674835606660325e-12
9.999999999953544938e-01,4.645487461534250054e-12,9.999999999953546048e-01,4.645487461534250861e-12
9.999999999899356062e-01,1.006436526557536659e-11,9.999999999899354952e-01,1.006436526557536659e-11
9.999999999899356062e-01,1.006436526557536659e-11,9.999999999899357173e-01,1.006436526557536821e-11
9.999999999955432317e-01,4.456731138890891663e-12,9.999999999955433427e-01,4.456731138890892471e-12
9.999999999933919526e-01,6.607938860822675590e-12,9.999999999933920636e-01,6.607938860822674782e-12
9.999971298270136089e-01,2.870172986448141955e-06,9.999971298270136089e-01,2.870172986448141955e-06
1.909432868908195602e-06,9.999980905671310705e-01,1.909432868908195602e-06,9.999980905671310705e-01
9.978702591859638371e-01,2.129740814036121255e-03,9.978702591859638371e-01,2.129740814036121688e-03
9.999999999933496531e-01,6.650344746761938918e-12,9.999999999933496531e-01,6.650344746761938110e-12
9.999999923441931227e-01,7.655806880159441558e-09,9.999999923441931227e-01,7.655806880159441558e-09
9.999971298270134978e-01,2.870172986448141955e-06,9.999971298270134978e-01,2.870172986448141955e-06
9.438928158119734709e-16,9.999999999999990008e-01,9.438928158119736681e-16,9.999999999999991118e-01
4.109082433261003775e-50,1.000000000000000000e+00,4.109082433261003300e-50,1.000000000000000000e+00
5.646231525212654172e-22,1.000000000000000000e+00,5.646231525212654172e-22,1.000000000000000000e+00
7.552308208795005515e-14,9.999999999999245048e-01,7.552308208795004252e-14,9.999999999999245048e-01
2.411949648358555544e-24,1.000000000000000000e+00,2.411949648358555544e-24,1.000000000000000000e+00
2.660874160976113805e-54,1.000000000000000000e+00,2.660874160976113805e-54,1.000000000000000000e+00
2.900305680487601590e-42,1.000000000000000000e+00,2.900305680487600952e-42,1.000000000000000000e+00
9.525930785982882198e-64,1.000000000000000000e+00,9.525930785982880849e-64,1.000000000000000000e+00
6.508554717770751224e-69,1.000000000000000000e+00,6.508554717770752254e-69,1.000000000000000000e+00
9.452084402548474040e-01,5.479155974515254740e-02,9.452084402548475150e-01,5.479155974515254740e-02
9.999999999894058078e-01,1.059421469870005238e-11,9.999999999894058078e-01,1.059421469870005238e-11
4.237959541171851382e-04,9.995762040458827657e-01,4.237959541171850298e-04,9.995762040458827657e-01
4.237959541171851382e-04,9.995762040458828768e-01,4.237959541171850298e-04,9.995762040458827657e-01
2.800694639660819552e-01,7.199305360339181004e-01,2.800694639660818996e-01,7.199305360339181004e-01
1.911837754375326853e-32,1.000000000000000000e+00,1.911837754375326853e-32,1.000000000000000000e+00
2.900305680487601590e-42,1.000000000000000000e+00,2.900305680487600952e-42,1.000000000000000000e+00
1.024093259736573601e-07,9.999998975906739807e-01,1.024093259736573601e-07,9.999998975906739807e-01
9.999999999913983251e-01,8.601674835606658709e-12,9.999999999913983251e-01,8.601674835606660325e-12
9.999999999918550708e-01,8.144940324079871441e-12,9.999999999918550708e-01,8.144940324079871441e-12
9.999999999929860550e-01,7.013891618672186498e-12,9.999999999929861660e-01,7.013891618672187306e-12
9.999999999932953632e-01,6.704528808002745055e-12,9.999999999932954742e-01,6.704528808002745055e-12
9.999999999913983251e-01,8.601674835606658709e-12,9.999999999913983251e-01,8.601674835606658709e-12
9.999999999913983251e-01,8.601674835606658709e-12,9.999999999913983251e-01,8.601674835606660325e-12
9.999999999899356062e-01,1.006436526557536659e-11,9.999999999899357173e-01,1.006436526557536821e-11
9.999999999926451055e-01,7.354885591091463783e-12,9.999999999926449945e-01,7.354885591091462167e-12
9.999999999930926364e-01,6.907402739801235646e-12,9.999999999930925254e-01,6.907402739801234838e-12
9.999999999922692950e-01,7.730700947381286242e-12,9.999999999922692950e-01,7.730700947381286242e-12
9.999999999915555327e-01,8.444435846311211020e-12,9.999999999915556437e-01,8.444435846311211020e-12
9.999999999926451055e-01,7.354885591091463783e-12,9.999999999926451055e-01,7.354885591091463783e-12
9.999999999919976235e-01,8.002350202515633392e-12,9.999999999919977345e-01,8.002350202515635008e-12
9.999999992258554737e-01,7.741444924958627337e-10,9.999999992258554737e-01,7.741444924958628371e-10
9.999999698367983969e-01,3.016320162128397415e-08,9.999999698367983969e-01,3.016320162128397415e-08
9.999999845245973740e-01,1.547540266019399660e-08,9.999999845245974850e-01,1.547540266019399660e-08
9.999999999720921018e-01,2.790791985147400678e-11,9.999999999720919908e-01,2.790791985147400355e-11
9.999999998902970866e-01,1.097029182933491070e-10,9.999999998902970866e-01,1.097029182933490941e-10
7.171004187937927155e-01,2.828995812062073956e-01,7.171004187937926044e-01,2.828995812062073956e-01
2.900305680487600952e-42,1.000000000000000000e+00,2.900305680487600952e-42,1.000000000000000000e+00
7.891091843080293205e-190,1.000000000000000000e+00,7.891091843080292208e-190,1.000000000000000000e+00
3.802272892227976599e-93,1.000000000000000000e+00,3.802272892227976599e-93,1.000000000000000000e+00
2.900305680487601590e-42,1.000000000000000000e+00,2.900305680487600952e-42,1.000000000000000000e+00
4.109082433261003300e-50,1.000000000000000000e+00,4.109082433261003300e-50,1.000000000000000000e+00
9.999999999916410198e-01,8.359062569314931437e-12,9.999999999916409088e-01,8.359062569314933052e-12
9.999999999955372365e-01,4.462777587683136005e-12,9.999999999955373475e-01,4.462777587683136005e-12
9.999999999953546048e-01,4.645487461534250861e-12,9.999999999953544938e-01,4.645487461534250054e-12
9.999999999948925300e-01,5.107369090437680403e-12,9.999999999948925300e-01,5.107369090437681211e-12
9.999999999906338255e-01,9.366147881026150527e-12,9.999999999906338255e-01,9.366147881026148911e-12
2.800694639660818996e-01,7.199305360339181004e-01,2.800694639660818996e-01,7.199305360339181004e-01
9.999999999946543872e-01,5.345521493438271130e-12,9.999999999946544982e-01,5.345521493438272746e-12
9.999999999773966364e-01,2.260333082440866689e-11,9.999999999773966364e-01,2.260333082440867012e-11
9.999999999950521801e-01,4.947834189859316537e-12,9.999999999950521801e-01,4.947834189859316537e-12
9.999999999946544982e-01,5.345521493438271938e-12,9.999999999946544982e-01,5.345521493438271938e-12
9.999999999954980456e-01,4.502010443801015973e-12,9.999999999954979346e-01,4.502010443801015973e-12
9.999999999946544982e-01,5.345521493438271938e-12,9.999999999946543872e-01,5.345521493438271938e-12
9.999999999906338255e-01,9.366147881026150527e-12,9.999999999906338255e-01,9.366147881026148911e-12
9.999999999954136687e-01,4.586312181167409490e-12,9.999999999954135577e-01,4.586312181167409490e-12
9.999999999950521801e-01,4.947834189859316537e-12,9.999999999950520690e-01,4.947834189859316537e-12
9.999999999946544982e-01,5.345521493438271938e-12,9.999999999946544982e-01,5.345521493438271938e-12
9.999999999720921018e-01,2.790791985147400355e-11,9.999999999720921018e-01,2.790791985147400355e-11
9.999999999946544982e-01,5.345521493438271938e-12,9.999999999946544982e-01,5.345521493438271938e-12
9.999999999923419036e-01,7.658139894305021288e-12,9.999999999923419036e-01,7.658139894305021288e-12
9.999999999837737574e-01,1.622624383836942693e-11,9.999999999837737574e-01,1.622624383836942693e-11
9.999999999950521801e-01,4.947834189859316537e-12,9.999999999950521801e-01,4.947834189859316537e-12
9.999999999943958162e-01,5.604174516224689406e-12,9.999999999943958162e-01,5.604174516224690214e-12
9.999999999913983251e-01,8.601674835606658709e-12,9.999999999913983251e-01,8.601674835606660325e-12
9.999999698367983969e-01,3.016320162128397415e-08,9.999999698367983969e-01,3.016320162128398077e-08
9.999999999933496531e-01,6.650344746761938918e-12,9.999999999933496531e-01,6.650344746761938918e-12
3.118280795817128158e-12,9.999999999968818276e-01,3.118280795817128158e-12,9.999999999968817166e-01
1.024093259736573601e-07,9.999998975906739807e-01,1.024093259736573601e-07,9.999998975906739807e-01
9.999999987502280474e-01,1.249771974258892210e-09,9.999999987502280474e-01,1.249771974258892417e-09
9.999999999955236918e-01,4.476278123312818642e-12,9.999999999955236918e-01,4.476278123312817834e-12
9.999999997909720939e-01,2.090278510371158343e-10,9.999999997909722049e-01,2.090278510371158602e-10
9.999999999944296780e-01,5.570273398680857148e-12,9.999999999944297890e-01,5.570273398680857956e-12
9.999999999899356062e-01,1.006436526557536659e-11,9.999999999899357173e-01,1.006436526557536659e-11
9.999999999899356062e-01,1.006436526557536659e-11,9.999999999899357173e-01,1.006436526557536659e-11
9.999999999899356062e-01,1.006436526557536659e-11,9.999999999899357173e-01,1.006436526557536659e-11
9.999999999899356062e-01,1.006436526557536659e-11,9.999999999899357173e-01,1.006436526557536659e-11
9.999999999905299086e-01,9.470110774942860689e-12,9.999999999905299086e-01,9.470110774942862304e-12
9.999999999899356062e-01,1.006436526557536659e-11,9.999999999899357173e-01,1.006436526557536659e-11
9.999999999899356062e-01,1.006436526557536659e-11,9.999999999899357173e-01,1.006436526557536821e-11
9.999999999899356062e-01,1.006436526557536659e-11,9.999999999899357173e-01,1.006436526557536821e-11
9.999999999899356062e-01,1.006436526557536659e-11,9.999999999899357173e-01,1.006436526557536821e-11
9.999999999954614083e-01,4.538601109276523504e-12,9.999999999954614083e-01,4.538601109276523504e-12
9.999999999899356062e-01,1.006436526557536659e-11,9.999999999899356062e-01,1.006436526557536497e-11
9.999999999899356062e-01,1.006436526557536659e-11,9.999999999899357173e-01,1.006436526557536659e-11
9.999999999954550800e-01,4.544940010514135871e-12,9.999999999954550800e-01,4.544940010514135063e-12
9.999999999946544982e-01,5.345521493438271938e-12,9.999999999946544982e-01,5.345521493438271938e-12
9.999999978183631288e-01,2.181636925044639399e-09,9.999999978183630178e-01,2.181636925044639399e-09
1.807898221838876864e-35,1.000000000000000000e+00,1.807898221838877131e-35,1.000000000000000000e+00
2.142316050022731146e-165,1.000000000000000000e+00,2.142316050022731146e-165,1.000000000000000000e+00
1.000000000000000000e+00,2.142316050022730953e-155,4.303620568431273371e-160,1.000000000000000000e+00
3.582631172328535389e-79,1.000000000000000000e+00,9.999999998999999750e-11,9.999999998999999917e-01
1.000000000000000000e+00,1.585995855425515563e-53,1.523727150406413602e-70,1.000000000000000000e+00
7.246689208236058776e-69,1.000000000000000000e+00,3.113026194237640701e-308,1.000000000000000000e+00
1.000000000000000000e+00,1.782862851960281463e-28,3.169998524101641440e-48,1.000000000000000000e+00
7.057535434607173053e-263,1.000000000000000000e+00,4.033547963821573826e-75,1.000000000000000000e+00
1.000000000000000000e+00,4.033547963821573332e-65,9.999999998999999750e-11,9.999999998999999917e-01
5.000000000000000000e-01,5.000000000000000000e-01,7.891091843080292208e-190,1.000000000000000000e+00
1.151002256856715450e-125,1.000000000000000000e+00,1.151002256588761940e-125,1.000000000000000000e+00
1.856932600154837016e-152,1.000000000000000000e+00,3.047454300807809621e-70,1.000000000000000000e+00
5.182778971974398423e-212,1.000000000000000000e+00,4.413440329420510901e-173,1.000000000000000000e+00
2.662281799797820741e-67,1.000000000000000000e+00,2.877593982323360621e-74,1.000000000000000000e+00
1.639998496404160827e-157,1.000000000000000000e+00,4.109082433261003300e-50,1.000000000000000000e+00
5.646231525212653232e-22,1.000000000000000000e+00,5.646231525212654172e-22,1.000000000000000000e+00
4.600492363018046273e-46,1.000000000000000000e+00,4.600492363018045496e-46,1.000000000000000000e+00
9.998888664507018520e-01,1.111335492982467075e-04,9.998888664507017410e-01,1.111335492982467075e-04
9.999999999773966364e-01,2.260333082440867012e-11,9.999999999773966364e-01,2.260333082440867012e-11
9.999999999650964755e-01,3.490349648693227425e-11,9.999999999650964755e-01,3.490349648693227425e-11
9.999999995101670480e-01,4.898329619689137195e-10,9.999999995101669370e-01,4.898329619689137195e-10
9.999999999944296780e-01,5.570273398680856340e-12,9.999999999944297890e-01,5.570273398680857148e-12
3.205186936486595985e-05,9.999679481306351647e-01,3.205186936486595985e-05,9.999679481306350537e-01
7.171004187937926044e-01,2.828995812062073401e-01,7.171004187937926044e-01,2.828995812062073956e-01
9.999999999650964755e-01,3.490349648693227425e-11,9.999999999650965865e-01,3.490349648693227425e-11
9.999999999950521801e-01,4.947834189859316537e-12,9.999999999950520690e-01,4.947834189859316537e-12
9.438928158119736681e-16,9.999999999999991118e-01,9.438928158119736681e-16,9.999999999999990008e-01
2.411949648358555911e-24,1.000000000000000000e+00,2.411949648358555544e-24,1.000000000000000000e+00
5.646231525212654172e-22,1.000000000000000000e+00,5.646231525212654172e-22,1.000000000000000000e+00
5.075134280289634627e-03,9.949248657197102830e-01,5.075134280289634627e-03,9.949248657197103940e-01
3.118280795817127351e-12,9.999999999968817166e-01,3.118280795817128158e-12,9.999999999968817166e-01
9.452084402548474040e-01,5.479155974515254740e-02,9.452084402548475150e-01,5.479155974515254740e-02
5.646231525212653232e-22,1.000000000000000000e+00,5.646231525212654172e-22,1.000000000000000000e+00
9.452084402548474040e-01,5.479155974515254740e-02,9.452084402548475150e-01,5.479155974515254740e-02
1.024093259736573733e-07,9.999998975906739807e-01,1.024093259736573601e-07,9.999998975906739807e-01
4.701494535626959959e-02,9.529850546437304004e-01,4.701494535626959959e-02,9.529850546437304004e-01
5.646231525212653232e-22,1.000000000000000000e+00,5.646231525212654172e-22,1.000000000000000000e+00
3.205186936486595985e-05,9.999679481306351647e-01,3.205186936486595985e-05,9.999679481306351647e-01
9.999696545150295046e-01,3.034548497055941671e-05,9.999696545150293936e-01,3.034548497055941332e-05
1.911837754375326853e-32,1.000000000000000000e+00,1.911837754375327127e-32,1.000000000000000000e+00
1.331061532870315065e-10,9.999999998668938073e-01,1.331061532870315065e-10,9.999999998668938073e-01
2.411949648358555911e-24,1.000000000000000000e+00,2.411949648358555911e-24,1.000000000000000000e+00
1.909432868908195602e-06,9.999980905671310705e-01,1.909432868908195602e-06,9.999980905671310705e-01
9.998888664507017410e-01,1.111335492982466939e-04,9.998888664507017410e-01,1.111335492982466939e-04
2.800694639660818996e-01,7.199305360339179893e-01,2.800694639660819552e-01,7.199305360339181004e-01
1.911837754375326853e-32,1.000000000000000000e+00,1.911837754375326853e-32,1.000000000000000000e+00
1.204632648621563613e-17,1.000000000000000000e+00,1.204632648621563613e-17,1.000000000000000000e+00
9.998888664507017410e-01,1.111335492982467075e-04,9.998888664507017410e-01,1.111335492982467075e-04
9.999999978183630178e-01,2.181636925044639399e-09,9.999999978183630178e-01,2.181636925044639399e-09
2.411949648358555544e-24,1.000000000000000000e+00,2.411949648358555911e-24,1.000000000000000000e+00
9.999999923441930116e-01,7.655806880159441558e-09,9.999999923441931227e-01,7.655806880159441558e-09
7.552308208795005515e-14,9.999999999999245048e-01,7.552308208795005515e-14,9.999999999999246159e-01
1.807898221838876864e-35,1.000000000000000000e+00,1.807898221838876864e-35,1.000000000000000000e+00
8.282882430991952112e-39,1.000000000000000000e+00,8.282882430991952112e-39,1.000000000000000000e+00
1.024093259736573601e-07,9.999998975906739807e-01,1.024093259736573601e-07,9.999998975906739807e-01
9.998888664507018520e-01,1.111335492982466939e-04,9.998888664507017410e-01,1.111335492982466939e-04
9.999999999542144025e-01,4.578553539551429544e-11,9.999999999542144025e-01,4.578553539551429544e-11
9.998888664507017410e-01,1.111335492982466939e-04,9.998888664507017410e-01,1.111335492982466804e-04
1.204632648621563459e-17,1.000000000000000000e+00,1.204632648621563613e-17,1.000000000000000000e+00
4.238036665501944269e-09,9.999999957619634117e-01,4.238036665501944269e-09,9.999999957619634117e-01
9.012425899552198837e-20,1.000000000000000000e+00,9.012425899552200041e-20,1.000000000000000000e+00
9.978702591859638371e-01,2.129740814036121255e-03,9.978702591859638371e-01,2.129740814036121255e-03
2.660874160976113805e-54,1.000000000000000000e+00,2.660874160976113805e-54,1.000000000000000000e+00
1.911837754375327127e-32,1.000000000000000000e+00,1.911837754375327127e-32,1.000000000000000000e+00
1.280513414466977118e-29,1.000000000000000000e+00,1.280513414466977118e-29,1.000000000000000000e+00
2.900305680487601590e-42,1.000000000000000000e+00,2.900305680487600952e-42,1.000000000000000000e+00
9.012425899552200041e-20,1.000000000000000000e+00,9.012425899552200041e-20,1.000000000000000000e+00
4.238036665501943442e-09,9.999999957619634117e-01,4.238036665501944269e-09,9.999999957619634117e-01
1.331061532870314807e-10,9.999999998668938073e-01,1.331061532870315065e-10,9.999999998668938073e-01
9.999989299898903727e-01,1.070010109734934763e-06,9.999989299898902617e-01,1.070010109734934551e-06
9.452084402548475150e-01,5.479155974515255434e-02,9.452084402548474040e-01,5.479155974515255434e-02
1.204632648621563613e-17,1.000000000000000000e+00,1.204632648621563767e-17,1.000000000000000000e+00
9.999912770566484754e-01,8.722943351540689269e-06,9.999912770566484754e-01,8.722943351540687575e-06
9.999999352164864463e-01,6.478351360295755789e-08,9.999999352164863353e-01,6.478351360295754466e-08
9.999999999860557098e-01,1.394431753167856527e-11,9.999999999860557098e-01,1.394431753167856204e-11
9.999999923441931227e-01,7.655806880159441558e-09,9.999999923441931227e-01,7.655806880159441558e-09
9.999999997909722049e-01,2.090278510371158602e-10,9.999999997909722049e-01,2.090278510371158602e-10
9.999996165722054853e-01,3.834277945064683469e-07,9.999996165722054853e-01,3.834277945064683469e-07
8.282882430991953417e-39,1.000000000000000000e+00,8.282882430991952112e-39,1.000000000000000000e+00
2.418487454746348596e-100,1.000000000000000000e+00,2.418487454746348596e-100,1.000000000000000000e+00
3.397932514560491463e-80,1.000000000000000000e+00,3.397932514560491463e-80,1.000000000000000000e+00
2.900305680487601590e-42,1.000000000000000000e+00,2.900305680487600952e-42,1.000000000000000000e+00
2.165113646084434795e-74,1.000000000000000000e+00,2.165113646084434402e-74,1.000000000000000000e+00
9.999912770566484754e-01,8.722943351540687575e-06,9.999912770566484754e-01,8.722943351540687575e-06
8.800956425886403647e-125,1.000000000000000000e+00,8.800956425886403647e-125,1.000000000000000000e+00
2.418487454746348596e-100,1.000000000000000000e+00,2.418487454746348596e-100,1.000000000000000000e+00
2.350216348675133254e-154,1.000000000000000000e+00,2.350216348675133254e-154,1.000000000000000000e+00
6.508554717770752254e-69,1.000000000000000000e+00,6.508554717770752254e-69,1.000000000000000000e+00
6.045497240068946441e-108,1.000000000000000000e+00,6.045497240068946441e-108,1.000000000000000000e+00
8.800956425886403647e-125,1.000000000000000000e+00,8.800956425886403647e-125,1.000000000000000000e+00
6.045497240068946441e-108,1.000000000000000000e+00,6.045497240068946441e-108,1.000000000000000000e+00
1.000000000000000000e+00,6.045497240068946245e-98,1.373808131947802180e-266,1.000000000000000000e+00
6.877579828310446085e-27,1.000000000000000000e+00,6.877579828310446085e-27,1.000000000000000000e+00
5.646231525212654172e-22,1.000000000000000000e+00,5.646231525212654172e-22,1.000000000000000000e+00
1.911837754375326853e-32,1.000000000000000000e+00,1.911837754375327127e-32,1.000000000000000000e+00
3.118280795817127755e-12,9.999999999968818276e-01,3.118280795817128158e-12,9.999999999968818276e-01
4.238036665501943442e-09,9.999999957619633006e-01,4.238036665501944269e-09,9.999999957619634117e-01
3.118280795817127755e-12,9.999999999968818276e-01,3.118280795817127755e-12,9.999999999968817166e-01
1.024093259736573601e-07,9.999998975906739807e-01,1.024093259736573601e-07,9.999998975906739807e-01
2.800694639660819552e-01,7.199305360339181004e-01,2.800694639660819552e-01,7.199305360339181004e-01
5.646231525212654172e-22,1.000000000000000000e+00,5.646231525212653232e-22,1.000000000000000000e+00
6.508554717770752254e-69,1.000000000000000000e+00,6.508554717770752254e-69,1.000000000000000000e+00
4.500959010898248043e-134,1.000000000000000000e+00,4.500959010898248043e-134,1.000000000000000000e+00
1.331061532870315065e-10,9.999999998668936962e-01,1.331061532870315065e-10,9.999999998668938073e-01
9.999999999899357173e-01,1.006436526557536659e-11,9.999999999899356062e-01,1.006436526557536659e-11
9.999999999899356062e-01,1.006436526557536659e-11,9.999999999899357173e-01,1.006436526557536659e-11
9.999999999899356062e-01,1.006436526557536659e-11,9.999999999899357173e-01,1.006436526557536659e-11
9.999999999899356062e-01,1.006436526557536659e-11,9.999999999899357173e-01,1.006436526557536659e-11
9.999999999899356062e-01,1.006436526557536659e-11,9.999999999899357173e-01,1.006436526557536659e-11
9.999999999899356062e-01,1.006436526557536659e-11,9.999999999899357173e-01,1.006436526557536659e-11
9.999999999899356062e-01,1.006436526557536659e-11,9.999999999899357173e-01,1.006436526557536659e-11
2.165113646084434402e-74,1.000000000000000000e+00,2.165113646084434009e-74,1.000000000000000000e+00
2.350216348675132923e-154,1.000000000000000000e+00,2.350216348675133254e-154,1.000000000000000000e+00
9.438928158119736681e-16,9.999999999999990008e-01,9.438928158119736681e-16,9.999999999999991118e-01
3.118280795817128158e-12,9.999999999968818276e-01,3.118280795817128158e-12,9.999999999968818276e-01
2.800694639660818996e-01,7.199305360339181004e-01,2.800694639660818996e-01,7.199305360339181004e-01
9.999999845245973740e-01,1.547540266019399991e-08,9.999999845245972629e-01,1.547540266019399660e-08
9.999999999953544938e-01,4.645487461534250054e-12,9.999999999953544938e-01,4.645487461534250054e-12
7.171004187937926044e-01,2.828995812062073956e-01,7.171004187937926044e-01,2.828995812062073956e-01
9.999999999542144025e-01,4.578553539551430190e-11,9.999999999542145135e-01,4.578553539551429544e-11
9.999999999955372365e-01,4.462777587683136005e-12,9.999999999955371255e-01,4.462777587683135197e-12
9.999999999952000618e-01,4.800040419931763872e-12,9.999999999951998397e-01,4.800040419931763065e-12
9.999999999948683271e-01,5.131695836195938107e-12,9.999999999948683271e-01,5.131695836195938107e-12
9.999999999948925300e-01,5.107369090437680403e-12,9.999999999948926410e-01,5.107369090437681211e-12
9.999999999809390250e-01,1.906088483044513552e-11,9.999999999809390250e-01,1.906088483044513552e-11
9.999999999951034724e-01,4.896557034086601837e-12,9.999999999951034724e-01,4.896557034086601837e-12
9.999999999650965865e-01,3.490349648693227425e-11,9.999999999650964755e-01,3.490349648693226779e-11
9.999999999542145135e-01,4.578553539551430190e-11,9.999999999542145135e-01,4.578553539551429544e-11
9.999999997909720939e-01,2.090278510371158602e-10,9.999999997909720939e-01,2.090278510371158860e-10
9.999999997909720939e-01,2.090278510371158343e-10,9.999999997909722049e-01,2.090278510371158602e-10
9.999999999809391360e-01,1.906088483044513875e-11,9.999999999809391360e-01,1.906088483044513552e-11
9.999999997909720939e-01,2.090278510371158602e-10,9.999999997909722049e-01,2.090278510371158860e-10
9.978702591859638371e-01,2.129740814036120821e-03,9.978702591859638371e-01,2.129740814036121255e-03
9.999999999952163821e-01,4.783576317964525966e-12,9.999999999952164931e-01,4.783576317964526774e-12
9.999999999899356062e-01,1.006436526557536659e-11,9.999999999899356062e-01,1.006436526557536659e-11
9.999999999929860550e-01,7.013891618672186498e-12,9.999999999929861660e-01,7.013891618672187306e-12
9.999999999955371255e-01,4.462777587683135197e-12,9.999999999955372365e-01,4.462777587683136005e-12
9.999999999954549690e-01,4.544940010514135063e-12,9.999999999954550800e-01,4.544940010514135871e-12
9.999999999899356062e-01,1.006436526557536659e-11,9.999999999899356062e-01,1.006436526557536659e-11
9.999999999899356062e-01,1.006436526557536659e-11,9.999999999899357173e-01,1.006436526557536659e-11
9.999999999899356062e-01,1.006436526557536659e-11,9.999999999899357173e-01,1.006436526557536659e-11
9.999999999905299086e-01,9.470110774942860689e-12,9.999999999905299086e-01,9.470110774942862304e-12
9.999999999899356062e-01,1.006436526557536659e-11,9.999999999899357173e-01,1.006436526557536659e-11
9.999999999899356062e-01,1.006436526557536659e-11,9.999999999899357173e-01,1.006436526557536659e-11
9.999999999899356062e-01,1.006436526557536659e-11,9.999999999899357173e-01,1.006436526557536659e-11
9.999999999899356062e-01,1.006436526557536659e-11,9.999999999899357173e-01,1.006436526557536659e-11
9.999999999899356062e-01,1.006436526557536659e-11,9.999999999899357173e-01,1.006436526557536659e-11
9.999999999922692950e-01,7.730700947381286242e-12,9.999999999922692950e-01,7.730700947381284627e-12
9.999999999944296780e-01,5.570273398680856340e-12,9.999999999944297890e-01,5.570273398680856340e-12
9.999999999922692950e-01,7.730700947381286242e-12,9.999999999922692950e-01,7.730700947381286242e-12
9.999999999932954742e-01,6.704528808002745863e-12,9.999999999932953632e-01,6.704528808002745055e-12
9.999999999899356062e-01,1.006436526557536659e-11,9.999999999899357173e-01,1.006436526557536821e-11
9.999999999922692950e-01,7.730700947381286242e-12,9.999999999922692950e-01,7.730700947381284627e-12
9.999999999951034724e-01,4.896557034086601837e-12,9.999999999951034724e-01,4.896557034086601837e-12
9.999999999899356062e-01,1.006436526557536659e-11,9.999999999899356062e-01,1.006436526557536659e-11
9.999999999899356062e-01,1.006436526557536659e-11,9.999999999899357173e-01,1.006436526557536659e-11
9.999999999941007189e-01,5.899290110926180300e-12,9.999999999941007189e-01,5.899290110926179492e-12
9.999999999945707874e-01,5.429193516044923935e-12,9.999999999945707874e-01,5.429193516044923127e-12
9.999999999950521801e-01,4.947834189859316537e-12,9.999999999950522911e-01,4.947834189859317345e-12
9.999999999952835505e-01,4.716556624748107670e-12,9.999999999952835505e-01,4.716556624748107670e-12
9.999999999943958162e-01,5.604174516224689406e-12,9.999999999943958162e-01,5.604174516224689406e-12
9.999999999411373075e-01,5.886277232111932188e-11,9.999999999411373075e-01,5.886277232111932188e-11
9.999912770566484754e-01,8.722943351540687575e-06,9.999912770566483644e-01,8.722943351540687575e-06
7.552308208795004252e-14,9.999999999999245048e-01,7.552308208795005515e-14,9.999999999999245048e-01
9.999971298270134978e-01,2.870172986448141955e-06,9.999971298270136089e-01,2.870172986448141955e-06
9.998888664507017410e-01,1.111335492982466939e-04,9.998888664507017410e-01,1.111335492982466939e-04
9.999999999944296780e-01,5.570273398680856340e-12,9.999999999944297890e-01,5.570273398680857148e-12
9.999999999952000618e-01,4.800040419931763872e-12,9.999999999952000618e-01,4.800040419931764680e-12
9.999696545150295046e-01,3.034548497055941671e-05,9.999696545150295046e-01,3.034548497055941671e-05
9.999999999879028989e-01,1.209708840225712385e-11,9.999999999879030099e-01,1.209708840225712385e-11
9.999999999908945059e-01,9.105508767062051060e-12,9.999999999908943948e-01,9.105508767062051060e-12
9.999999999899356062e-01,1.006436526557536659e-11,9.999999999899356062e-01,1.006436526557536659e-11
9.999999999899356062e-01,1.006436526557536659e-11,9.999999999899357173e-01,1.006436526557536659e-11
9.999999999928261829e-01,7.173779663402245597e-12,9.999999999928262939e-01,7.173779663402244790e-12
9.999999999950521801e-01,4.947834189859316537e-12,9.999999999950521801e-01,4.947834189859317345e-12
9.999999987502280474e-01,1.249771974258892210e-09,9.999999987502280474e-01,1.249771974258892210e-09
9.998888664507017410e-01,1.111335492982466939e-04,9.998888664507017410e-01,1.111335492982466939e-04
9.999999999905299086e-01,9.470110774942860689e-12,9.999999999905299086e-01,9.470110774942860689e-12
5.646231525212654172e-22,1.000000000000000000e+00,5.646231525212654172e-22,1.000000000000000000e+00
4.238036665501943442e-09,9.999999957619633006e-01,4.238036665501944269e-09,9.999999957619634117e-01
9.452084402548474040e-01,5.479155974515255434e-02,9.452084402548475150e-01,5.479155974515255434e-02
9.999999999809391360e-01,1.906088483044513875e-11,9.999999999809391360e-01,1.906088483044513552e-11
9.999999352164864463e-01,6.478351360295755789e-08,9.999999352164863353e-01,6.478351360295754466e-08
8.282882430991953417e-39,1.000000000000000000e+00,8.282882430991952112e-39,1.000000000000000000e+00
1.024093259736573601e-07,9.999998975906739807e-01,1.024093259736573601e-07,9.999998975906739807e-01
2.198038200112894898e-261,1.000000000000000000e+00,2.198038200112894898e-261,1.000000000000000000e+00
1.000000000000000000e+00,2.198038200112894636e-251,1.645146773963836306e-304,1.000000000000000000e+00
1.000000000000000000e+00,1.645146773939896055e-294,5.646231525212654172e-22,1.000000000000000000e+00
9.999999987502280474e-01,1.249771974258892210e-09,9.999999987502280474e-01,1.249771974258892210e-09
5.075134280289635494e-03,9.949248657197103940e-01,5.075134280289633759e-03,9.949248657197102830e-01
8.282882430991953417e-39,1.000000000000000000e+00,8.282882430991953417e-39,1.000000000000000000e+00
4.109082433261003300e-50,1.000000000000000000e+00,4.109082433261003300e-50,1.000000000000000000e+00
2.660874160976113805e-54,1.000000000000000000e+00,2.660874160976113805e-54,1.000000000000000000e+00
1.911837754375327127e-32,1.000000000000000000e+00,1.911837754375327127e-32,1.000000000000000000e+00
9.999999923441931227e-01,7.655806880159441558e-09,9.999999923441931227e-01,7.655806880159441558e-09
9.999999978183631288e-01,2.181636925044639813e-09,9.999999978183630178e-01,2.181636925044639399e-09
9.999999923441931227e-01,7.655806880159441558e-09,9.999999923441931227e-01,7.655806880159441558e-09
4.237959541171850840e-04,9.995762040458828768e-01,4.237959541171850840e-04,9.995762040458827657e-01
7.552308208795005515e-14,9.999999999999245048e-01,7.552308208795004252e-14,9.999999999999245048e-01
4.701494535626959959e-02,9.529850546437304004e-01,4.701494535626960652e-02,9.529850546437305114e-01
1.024093259736573733e-07,9.999998975906740917e-01,1.024093259736573601e-07,9.999998975906739807e-01
9.999998453444800539e-01,1.546555199387388826e-07,9.999998453444800539e-01,1.546555199387388826e-07
1.909432868908196025e-06,9.999980905671310705e-01,1.909432868908195602e-06,9.999980905671310705e-01
9.999999698367982859e-01,3.016320162128397415e-08,9.999999698367983969e-01,3.016320162128398077e-08
9.999912770566484754e-01,8.722943351540687575e-06,9.999912770566485865e-01,8.722943351540689269e-06
9.999999698367983969e-01,3.016320162128398077e-08,9.999999698367982859e-01,3.016320162128397415e-08
9.995273477505108861e-01,4.726522494890490495e-04,9.995273477505111082e-01,4.726522494890491579e-04
9.999999999650964755e-01,3.490349648693227425e-11,9.999999999650964755e-01,3.490349648693226779e-11
9.999999960903752649e-01,3.909624719461175298e-09,9.999999960903752649e-01,3.909624719461174470e-09
9.999999998902970866e-01,1.097029182933491070e-10,9.999999998902970866e-01,1.097029182933491070e-10
9.999999698367983969e-01,3.016320162128397415e-08,9.999999698367983969e-01,3.016320162128397415e-08
9.999999999809391360e-01,1.906088483044513875e-11,9.999999999809391360e-01,1.906088483044513875e-11
9.999999998528751322e-01,1.471248556222005226e-10,9.999999998528751322e-01,1.471248556222005226e-10
9.999999999837737574e-01,1.622624383836943016e-11,9.999999999837736464e-01,1.622624383836942693e-11
9.887602347579522721e-01,1.123976524204770358e-02,9.887602347579522721e-01,1.123976524204770185e-02
9.999999999913983251e-01,8.601674835606658709e-12,9.999999999913983251e-01,8.601674835606658709e-12
9.999999999899356062e-01,1.006436526557536659e-11,9.999999999899357173e-01,1.006436526557536821e-11
9.999999999899356062e-01,1.006436526557536659e-11,9.999999999899357173e-01,1.006436526557536659e-11
9.999999999899356062e-01,1.006436526557536659e-11,9.999999999899357173e-01,1.006436526557536659e-11
9.999999999899356062e-01,1.006436526557536659e-11,9.999999999899357173e-01,1.006436526557536659e-11
9.999999999899356062e-01,1.006436526557536659e-11,9.999999999899357173e-01,1.006436526557536659e-11
9.999999999899356062e-01,1.006436526557536659e-11,9.999999999899357173e-01,1.006436526557536659e-11
9.999999999899356062e-01,1.006436526557536659e-11,9.999999999899357173e-01,1.006436526557536659e-11
9.999999999910679227e-01,8.932022517283187218e-12,9.999999999910680337e-01,8.932022517283187218e-12
9.999999999899356062e-01,1.006436526557536659e-11,9.999999999899357173e-01,1.006436526557536659e-11
9.999999999899356062e-01,1.006436526557536659e-11,9.999999999899357173e-01,1.006436526557536659e-11
9.999999999899356062e-01,1.006436526557536659e-11,9.999999999899357173e-01,1.006436526557536659e-11
9.999999999899356062e-01,1.006436526557536659e-11,9.999999999899357173e-01,1.006436526557536659e-11
9.999999999899356062e-01,1.006436526557536659e-11,9.999999999899357173e-01,1.006436526557536659e-11
9.999999999899356062e-01,1.006436526557536659e-11,9.999999999899357173e-01,1.006436526557536659e-11
9.999999999899356062e-01,1.006436526557536659e-11,9.999999999899357173e-01,1.006436526557536659e-11
9.999999999899356062e-01,1.006436526557536659e-11,9.999999999899357173e-01,1.006436526557536659e-11
9.999999999899356062e-01,1.006436526557536659e-11,9.999999999899357173e-01,1.006436526557536659e-11
9.999999999899356062e-01,1.006436526557536659e-11,9.999999999899357173e-01,1.006436526557536659e-11
9.999999999899356062e-01,1.006436526557536659e-11,9.999999999899357173e-01,1.006436526557536659e-11
9.999999999899356062e-01,1.006436526557536659e-11,9.999999999899357173e-01,1.006436526557536659e-11
9.999999999899356062e-01,1.006436526557536659e-11,9.999999999899357173e-01,1.006436526557536659e-11
9.999999999899356062e-01,1.006436526557536659e-11,9.999999999899357173e-01,1.006436526557536659e-11
9.999999999899356062e-01,1.006436526557536659e-11,9.999999999899357173e-01,1.006436526557536659e-11
9.999999999899356062e-01,1.006436526557536659e-11,9.999999999899357173e-01,1.006436526557536659e-11
9.999999999899356062e-01,1.006436526557536659e-11,9.999999999899357173e-01,1.006436526557536659e-11
9.999999999899356062e-01,1.006436526557536659e-11,9.999999999899357173e-01,1.006436526557536659e-11
9.999999999899356062e-01,1.006436526557536659e-11,9.999999999899357173e-01,1.006436526557536659e-11
9.999999999899356062e-01,1.006436526557536659e-11,9.999999999899357173e-01,1.006436526557536659e-11
9.999999999899356062e-01,1.006436526557536659e-11,9.999999999899357173e-01,1.006436526557536659e-11
9.999999999899356062e-01,1.006436526557536659e-11,9.999999999899357173e-01,1.006436526557536659e-11
9.999999999899356062e-01,1.006436526557536659e-11,9.999999999899357173e-01,1.006436526557536659e-11
9.999999999946544982e-01,5.345521493438271938e-12,9.999999999946544982e-01,5.345521493438271130e-12
9.999999999899356062e-01,1.006436526557536659e-11,9.999999999899357173e-01,1.006436526557536659e-11
9.999999999899356062e-01,1.006436526557536659e-11,9.999999999899357173e-01,1.006436526557536659e-11
9.999999999899356062e-01,1.006436526557536659e-11,9.999999999899357173e-01,1.006436526557536659e-11
9.999999999899356062e-01,1.006436526557536659e-11,9.999999999899357173e-01,1.006436526557536659e-11
9.999999999899356062e-01,1.006436526557536659e-11,9.999999999899357173e-01,1.006436526557536659e-11
9.999999999899356062e-01,1.006436526557536659e-11,9.999999999899357173e-01,1.006436526557536659e-11
9.999999999899356062e-01,1.006436526557536659e-11,9.999999999899357173e-01,1.006436526557536659e-11
9.999999999899356062e-01,1.006436526557536659e-11,9.999999999899357173e-01,1.006436526557536659e-11
9.999999999899356062e-01,1.006436526557536659e-11,9.999999999899357173e-01,1.006436526557536659e-11
9.999999999899356062e-01,1.006436526557536659e-11,9.999999999899357173e-01,1.006436526557536659e-11
9.999999999899356062e-01,1.006436526557536659e-11,9.999999999899357173e-01,1.006436526557536659e-11
9.999999999899356062e-01,1.006436526557536659e-11,9.999999999899357173e-01,1.006436526557536659e-11
9.999999999899356062e-01,1.006436526557536659e-11,9.999999999899357173e-01,1.006436526557536659e-11
9.999999999899356062e-01,1.006436526557536659e-11,9.999999999899357173e-01,1.006436526557536659e-11
9.999999999939095385e-01,6.090412875585010704e-12,9.999999999939096496e-01,6.090412875585010704e-12
9.999999999899356062e-01,1.006436526557536659e-11,9.999999999899356062e-01,1.006436526557536659e-11
9.999999999899356062e-01,1.006436526557536659e-11,9.999999999899357173e-01,1.006436526557536659e-11
9.999999999899356062e-01,1.006436526557536659e-11,9.999999999899357173e-01,1.006436526557536659e-11
9.999999999899356062e-01,1.006436526557536659e-11,9.999999999899357173e-01,1.006436526557536659e-11
9.999999999899356062e-01,1.006436526557536659e-11,9.999999999899357173e-01,1.006436526557536659e-11
9.999999999899356062e-01,1.006436526557536659e-11,9.999999999899357173e-01,1.006436526557536659e-11
9.999999999899356062e-01,1.006436526557536659e-11,9.999999999899357173e-01,1.006436526557536659e-11
9.999999999899356062e-01,1.006436526557536659e-11,9.999999999899357173e-01,1.006436526557536659e-11
9.999999999899356062e-01,1.006436526557536659e-11,9.999999999899357173e-01,1.006436526557536659e-11
9.999999999899356062e-01,1.006436526557536659e-11,9.999999999899357173e-01,1.006436526557536659e-11
9.999999999899356062e-01,1.006436526557536659e-11,9.999999999899357173e-01,1.006436526557536659e-11
9.999999999899356062e-01,1.006436526557536659e-11,9.999999999899357173e-01,1.006436526557536659e-11
9.999999999899356062e-01,1.006436526557536659e-11,9.999999999899357173e-01,1.006436526557536659e-11
9.999999999899356062e-01,1.006436526557536659e-11,9.999999999899357173e-01,1.006436526557536659e-11
9.999999999899356062e-01,1.006436526557536659e-11,9.999999999899357173e-01,1.006436526557536659e-11
9.999999999899356062e-01,1.006436526557536659e-11,9.999999999899357173e-01,1.006436526557536659e-11
9.999999999899356062e-01,1.006436526557536659e-11,9.999999999899357173e-01,1.006436526557536659e-11
9.999999999899356062e-01,1.006436526557536659e-11,9.999999999899357173e-01,1.006436526557536659e-11
9.999999999899356062e-01,1.006436526557536659e-11,9.999999999899357173e-01,1.006436526557536659e-11
9.999999999899356062e-01,1.006436526557536659e-11,9.999999999899357173e-01,1.006436526557536659e-11
9.999999999899356062e-01,1.006436526557536659e-11,9.999999999899357173e-01,1.006436526557536659e-11
9.999999999899356062e-01,1.006436526557536659e-11,9.999999999899357173e-01,1.006436526557536659e-11
9.999999999899356062e-01,1.006436526557536659e-11,9.999999999899357173e-01,1.006436526557536659e-11
9.999999999899356062e-01,1.006436526557536659e-11,9.999999999899357173e-01,1.006436526557536659e-11
9.999999999899356062e-01,1.006436526557536659e-11,9.999999999899357173e-01,1.006436526557536659e-11
9.999999999899356062e-01,1.006436526557536659e-11,9.999999999899357173e-01,1.006436526557536659e-11
9.999999999899356062e-01,1.006436526557536659e-11,9.999999999899357173e-01,1.006436526557536659e-11
9.999999999899356062e-01,1.006436526557536659e-11,9.999999999899357173e-01,1.006436526557536659e-11
9.999999999899356062e-01,1.006436526557536659e-11,9.999999999899357173e-01,1.006436526557536659e-11
9.999999999899356062e-01,1.006436526557536659e-11,9.999999999899357173e-01,1.006436526557536659e-11
9.999999999899356062e-01,1.006436526557536659e-11,9.999999999899357173e-01,1.006436526557536659e-11
9.999999999899356062e-01,1.006436526557536659e-11,9.999999999899357173e-01,1.006436526557536659e-11
9.999999999899356062e-01,1.006436526557536659e-11,9.999999999899357173e-01,1.006436526557536659e-11
9.999999999899356062e-01,1.006436526557536659e-11,9.999999999899357173e-01,1.006436526557536659e-11
9.999999999899356062e-01,1.006436526557536659e-11,9.999999999899357173e-01,1.006436526557536659e-11
9.999999999936636241e-01,6.336410936240908115e-12,9.999999999936636241e-01,6.336410936240908115e-12
9.999999999899356062e-01,1.006436526557536659e-11,9.999999999899356062e-01,1.006436526557536659e-11
9.999999999899356062e-01,1.006436526557536659e-11,9.999999999899357173e-01,1.006436526557536659e-11
9.999999999899356062e-01,1.006436526557536659e-11,9.999999999899357173e-01,1.006436526557536659e-11
9.999999999899356062e-01,1.006436526557536659e-11,9.999999999899357173e-01,1.006436526557536659e-11
9.999999999899356062e-01,1.006436526557536659e-11,9.999999999899357173e-01,1.006436526557536659e-11
9.999999999899356062e-01,1.006436526557536659e-11,9.999999999899357173e-01,1.006436526557536659e-11
9.999999999899356062e-01,1.006436526557536659e-11,9.999999999899357173e-01,1.006436526557536659e-11
9.999999999899356062e-01,1.006436526557536659e-11,9.999999999899357173e-01,1.006436526557536659e-11
9.999999999899356062e-01,1.006436526557536659e-11,9.999999999899357173e-01,1.006436526557536659e-11
9.999999999899356062e-01,1.006436526557536659e-11,9.999999999899357173e-01,1.006436526557536659e-11
9.999999923441931227e-01,7.655806880159441558e-09,9.999999923441931227e-01,7.655806880159441558e-09
9.999999999908945059e-01,9.105508767062052676e-12,9.999999999908945059e-01,9.105508767062052676e-12
9.999999999899356062e-01,1.006436526557536659e-11,9.999999999899356062e-01,1.006436526557536659e-11
9.999999999899356062e-01,1.006436526557536659e-11,9.999999999899357173e-01,1.006436526557536659e-11
9.999999999899356062e-01,1.006436526557536659e-11,9.999999999899357173e-01,1.006436526557536659e-11
9.999999999899356062e-01,1.006436526557536659e-11,9.999999999899357173e-01,1.006436526557536659e-11
9.999999999899356062e-01,1.006436526557536659e-11,9.999999999899357173e-01,1.006436526557536659e-11
9.999999999899356062e-01,1.006436526557536659e-11,9.999999999899357173e-01,1.006436526557536659e-11
9.999999999899356062e-01,1.006436526557536659e-11,9.999999999899357173e-01,1.006436526557536659e-11
9.999999999899356062e-01,1.006436526557536659e-11,9.999999999899357173e-01,1.006436526557536659e-11
9.999999999899356062e-01,1.006436526557536659e-11,9.999999999899357173e-01,1.006436526557536659e-11
9.999999999899356062e-01,1.006436526557536659e-11,9.999999999899357173e-01,1.006436526557536659e-11
9.999999999899356062e-01,1.006436526557536659e-11,9.999999999899357173e-01,1.006436526557536659e-11
9.999999999899356062e-01,1.006436526557536659e-11,9.999999999899357173e-01,1.006436526557536659e-11
9.999999999899356062e-01,1.006436526557536659e-11,9.999999999899357173e-01,1.006436526557536659e-11
9.999999999899356062e-01,1.006436526557536659e-11,9.999999999899357173e-01,1.006436526557536659e-11
9.999999999899356062e-01,1.006436526557536659e-11,9.999999999899357173e-01,1.006436526557536659e-11
9.999999999899356062e-01,1.006436526557536659e-11,9.999999999899357173e-01,1.006436526557536659e-11
9.999999999955236918e-01,4.476278123312818642e-12,9.999999999955236918e-01,4.476278123312817834e-12
9.999999999910679227e-01,8.932022517283187218e-12,9.999999999910679227e-01,8.932022517283185602e-12
9.999999999955372365e-01,4.462777587683136005e-12,9.999999999955372365e-01,4.462777587683135197e-12
9.999999999955206942e-01,4.479402961216933990e-12,9.999999999955205832e-01,4.479402961216933990e-12
9.999996165722054853e-01,3.834277945064683469e-07,9.999996165722055963e-01,3.834277945064683469e-07
9.999999999944296780e-01,5.570273398680857148e-12,9.999999999944297890e-01,5.570273398680857148e-12
2.411949648358555544e-24,1.000000000000000000e+00,2.411949648358555544e-24,1.000000000000000000e+00
9.999999999935761386e-01,6.423970721660731800e-12,9.999999999935760275e-01,6.423970721660730185e-12
9.999999999899356062e-01,1.006436526557536659e-11,9.999999999899356062e-01,1.006436526557536659e-11
9.999999999899356062e-01,1.006436526557536659e-11,9.999999999899357173e-01,1.006436526557536659e-11
9.999999999899356062e-01,1.006436526557536659e-11,9.999999999899357173e-01,1.006436526557536659e-11
9.999999999899356062e-01,1.006436526557536659e-11,9.999999999899357173e-01,1.006436526557536659e-11
9.999999999899356062e-01,1.006436526557536659e-11,9.999999999899357173e-01,1.006436526557536659e-11
9.999999999941007189e-01,5.899290110926180300e-12,9.999999999941007189e-01,5.899290110926179492e-12
9.999999999899356062e-01,1.006436526557536659e-11,9.999999999899356062e-01,1.006436526557536497e-11
9.999999998528751322e-01,1.471248556222005226e-10,9.999999998528751322e-01,1.471248556222005485e-10
9.999999999899356062e-01,1.006436526557536659e-11,9.999999999899354952e-01,1.006436526557536497e-11
9.999999999899356062e-01,1.006436526557536659e-11,9.999999999899357173e-01,1.006436526557536821e-11
9.999999999899356062e-01,1.006436526557536659e-11,9.999999999899357173e-01,1.006436526557536821e-11
9.999999999899356062e-01,1.006436526557536659e-11,9.999999999899357173e-01,1.006436526557536821e-11
9.999999999899356062e-01,1.006436526557536659e-11,9.999999999899357173e-01,1.006436526557536821e-11
9.999999999916409088e-01,8.359062569314931437e-12,9.999999999916409088e-01,8.359062569314933052e-12
9.999999999899356062e-01,1.006436526557536659e-11,9.999999999899356062e-01,1.006436526557536659e-11
9.999999999899356062e-01,1.006436526557536659e-11,9.999999999899357173e-01,1.006436526557536659e-11
9.999999999899356062e-01,1.006436526557536659e-11,9.999999999899357173e-01,1.006436526557536659e-11
9.999999999951999508e-01,4.800040419931763872e-12,9.999999999951999508e-01,4.800040419931763872e-12
9.999999999899356062e-01,1.006436526557536659e-11,9.999999999899356062e-01,1.006436526557536821e-11
9.999999999899356062e-01,1.006436526557536659e-11,9.999999999899357173e-01,1.006436526557536659e-11
9.999999999899356062e-01,1.006436526557536659e-11,9.999999999899357173e-01,1.006436526557536659e-11
9.999999999899356062e-01,1.006436526557536659e-11,9.999999999899357173e-01,1.006436526557536659e-11
9.999999999955236918e-01,4.476278123312818642e-12,9.999999999955236918e-01,4.476278123312817834e-12
9.999999999923986360e-01,7.601346801630824027e-12,9.999999999923986360e-01,7.601346801630824027e-12
9.999999999899356062e-01,1.006436526557536659e-11,9.999999999899356062e-01,1.006436526557536659e-11
9.999999999899356062e-01,1.006436526557536659e-11,9.999999999899357173e-01,1.006436526557536659e-11
9.999999999899356062e-01,1.006436526557536659e-11,9.999999999899357173e-01,1.006436526557536659e-11
9.999999999899356062e-01,1.006436526557536659e-11,9.999999999899357173e-01,1.006436526557536659e-11
9.999999999899356062e-01,1.006436526557536659e-11,9.999999999899357173e-01,1.006436526557536659e-11
9.999999999955372365e-01,4.462777587683136005e-12,9.999999999955372365e-01,4.462777587683136005e-12
9.999999999899356062e-01,1.006436526557536659e-11,9.999999999899356062e-01,1.006436526557536659e-11
9.999999999899356062e-01,1.006436526557536659e-11,9.999999999899357173e-01,1.006436526557536659e-11
9.999999999899356062e-01,1.006436526557536659e-11,9.999999999899357173e-01,1.006436526557536659e-11
9.999999999899356062e-01,1.006436526557536659e-11,9.999999999899357173e-01,1.006436526557536659e-11
9.999999999899356062e-01,1.006436526557536659e-11,9.999999999899357173e-01,1.006436526557536659e-11
9.999999999899356062e-01,1.006436526557536659e-11,9.999999999899357173e-01,1.006436526557536659e-11
9.999999999954614083e-01,4.538601109276523504e-12,9.999999999954614083e-01,4.538601109276523504e-12
9.999999999899356062e-01,1.006436526557536659e-11,9.999999999899356062e-01,1.006436526557536497e-11
9.999999999899356062e-01,1.006436526557536659e-11,9.999999999899357173e-01,1.006436526557536659e-11
9.999999999899356062e-01,1.006436526557536659e-11,9.999999999899357173e-01,1.006436526557536659e-11
9.999999999899356062e-01,1.006436526557536659e-11,9.999999999899357173e-01,1.006436526557536659e-11
9.999999999899356062e-01,1.006436526557536659e-11,9.999999999899357173e-01,1.006436526557536659e-11
9.999999999899356062e-01,1.006436526557536659e-11,9.999999999899357173e-01,1.006436526557536659e-11
9.999999999899356062e-01,1.006436526557536659e-11,9.999999999899357173e-01,1.006436526557536659e-11
9.999999999899356062e-01,1.006436526557536659e-11,9.999999999899357173e-01,1.006436526557536659e-11
9.999999999899356062e-01,1.006436526557536659e-11,9.999999999899357173e-01,1.006436526557536659e-11
9.999999999899356062e-01,1.006436526557536659e-11,9.999999999899357173e-01,1.006436526557536659e-11
9.999999999899356062e-01,1.006436526557536659e-11,9.999999999899357173e-01,1.006436526557536659e-11
9.999999999899356062e-01,1.006436526557536659e-11,9.999999999899357173e-01,1.006436526557536659e-11
9.999999999899356062e-01,1.006436526557536659e-11,9.999999999899357173e-01,1.006436526557536659e-11
9.999999999899356062e-01,1.006436526557536659e-11,9.999999999899357173e-01,1.006436526557536659e-11
9.999999999899356062e-01,1.006436526557536659e-11,9.999999999899357173e-01,1.006436526557536659e-11
9.999999999899356062e-01,1.006436526557536659e-11,9.999999999899357173e-01,1.006436526557536659e-11
9.999999999899356062e-01,1.006436526557536659e-11,9.999999999899357173e-01,1.006436526557536659e-11
9.999999999899356062e-01,1.006436526557536659e-11,9.999999999899357173e-01,1.006436526557536659e-11
9.999999999899356062e-01,1.006436526557536659e-11,9.999999999899357173e-01,1.006436526557536659e-11
9.999999999899356062e-01,1.006436526557536659e-11,9.999999999899357173e-01,1.006436526557536659e-11
9.999999999899356062e-01,1.006436526557536659e-11,9.999999999899357173e-01,1.006436526557536659e-11
9.999999999899356062e-01,1.006436526557536659e-11,9.999999999899357173e-01,1.006436526557536659e-11
9.999999999899356062e-01,1.006436526557536659e-11,9.999999999899357173e-01,1.006436526557536659e-11
9.999999999899356062e-01,1.006436526557536659e-11,9.999999999899357173e-01,1.006436526557536659e-11
9.999999999899356062e-01,1.006436526557536659e-11,9.999999999899357173e-01,1.006436526557536659e-11
9.999999999899356062e-01,1.006436526557536659e-11,9.999999999899357173e-01,1.006436526557536659e-11
9.999999999899356062e-01,1.006436526557536659e-11,9.999999999899357173e-01,1.006436526557536659e-11
9.999999999899356062e-01,1.006436526557536659e-11,9.999999999899357173e-01,1.006436526557536659e-11
9.999999999899356062e-01,1.006436526557536659e-11,9.999999999899357173e-01,1.006436526557536659e-11
9.999999999899356062e-01,1.006436526557536659e-11,9.999999999899357173e-01,1.006436526557536659e-11
9.999999999899356062e-01,1.006436526557536659e-11,9.999999999899357173e-01,1.006436526557536659e-11
9.999999999899356062e-01,1.006436526557536659e-11,9.999999999899357173e-01,1.006436526557536659e-11
9.999999999899356062e-01,1.006436526557536659e-11,9.999999999899357173e-01,1.006436526557536659e-11
9.999999999899356062e-01,1.006436526557536659e-11,9.999999999899357173e-01,1.006436526557536659e-11
9.999999999899356062e-01,1.006436526557536659e-11,9.999999999899357173e-01,1.006436526557536659e-11
9.999999999899356062e-01,1.006436526557536659e-11,9.999999999899357173e-01,1.006436526557536659e-11
9.999999999899356062e-01,1.006436526557536659e-11,9.999999999899357173e-01,1.006436526557536659e-11
9.999999999899356062e-01,1.006436526557536659e-11,9.999999999899357173e-01,1.006436526557536659e-11
9.999999999899356062e-01,1.006436526557536659e-11,9.999999999899357173e-01,1.006436526557536659e-11
9.999999999899356062e-01,1.006436526557536659e-11,9.999999999899357173e-01,1.006436526557536659e-11
9.999999999899356062e-01,1.006436526557536659e-11,9.999999999899357173e-01,1.006436526557536659e-11
9.999999999899356062e-01,1.006436526557536659e-11,9.999999999899357173e-01,1.006436526557536659e-11
9.999999999899356062e-01,1.006436526557536659e-11,9.999999999899357173e-01,1.006436526557536659e-11
9.999999999899356062e-01,1.006436526557536659e-11,9.999999999899357173e-01,1.006436526557536659e-11
9.999999999899356062e-01,1.006436526557536659e-11,9.999999999899357173e-01,1.006436526557536659e-11
9.999999999899356062e-01,1.006436526557536659e-11,9.999999999899357173e-01,1.006436526557536659e-11
9.999999999899356062e-01,1.006436526557536659e-11,9.999999999899357173e-01,1.006436526557536659e-11
9.999999999899356062e-01,1.006436526557536659e-11,9.999999999899357173e-01,1.006436526557536659e-11
9.999999999899356062e-01,1.006436526557536659e-11,9.999999999899357173e-01,1.006436526557536659e-11
9.999999999899356062e-01,1.006436526557536659e-11,9.999999999899357173e-01,1.006436526557536659e-11
9.999999999899356062e-01,1.006436526557536659e-11,9.999999999899357173e-01,1.006436526557536659e-11
9.999999999899356062e-01,1.006436526557536659e-11,9.999999999899357173e-01,1.006436526557536659e-11
9.999999999899356062e-01,1.006436526557536659e-11,9.999999999899357173e-01,1.006436526557536659e-11
9.999999999899356062e-01,1.006436526557536659e-11,9.999999999899357173e-01,1.006436526557536659e-11
9.999999999899356062e-01,1.006436526557536659e-11,9.999999999899357173e-01,1.006436526557536659e-11
9.999999999899356062e-01,1.006436526557536659e-11,9.999999999899357173e-01,1.006436526557536659e-11
9.999999999899356062e-01,1.006436526557536659e-11,9.999999999899357173e-01,1.006436526557536659e-11
9.999999999899356062e-01,1.006436526557536659e-11,9.999999999899357173e-01,1.006436526557536659e-11
9.999999999951999508e-01,4.800040419931763872e-12,9.999999999951999508e-01,4.800040419931763872e-12
9.999999999899356062e-01,1.006436526557536659e-11,9.999999999899356062e-01,1.006436526557536659e-11
9.999999999899356062e-01,1.006436526557536659e-11,9.999999999899357173e-01,1.006436526557536659e-11
9.999999999954614083e-01,4.538601109276523504e-12,9.999999999954614083e-01,4.538601109276523504e-12
9.999999999899356062e-01,1.006436526557536659e-11,9.999999999899356062e-01,1.006436526557536497e-11
9.999999999899356062e-01,1.006436526557536659e-11,9.999999999899357173e-01,1.006436526557536821e-11
9.999999999899356062e-01,1.006436526557536659e-11,9.999999999899357173e-01,1.006436526557536821e-11
9.999999999915555327e-01,8.444435846311211020e-12,9.999999999915555327e-01,8.444435846311212636e-12
9.999999999908945059e-01,9.105508767062051060e-12,9.999999999908945059e-01,9.105508767062052676e-12
9.999999999926451055e-01,7.354885591091463783e-12,9.999999999926452166e-01,7.354885591091463783e-12
9.999999999946544982e-01,5.345521493438271938e-12,9.999999999946544982e-01,5.345521493438271938e-12
9.999999999899356062e-01,1.006436526557536659e-11,9.999999999899357173e-01,1.006436526557536659e-11
9.999999999899356062e-01,1.006436526557536659e-11,9.999999999899357173e-01,1.006436526557536659e-11
9.999999999944562123e-01,5.543774189712087661e-12,9.999999999944562123e-01,5.543774189712087661e-12
9.999999999899356062e-01,1.006436526557536659e-11,9.999999999899357173e-01,1.006436526557536821e-11
9.999999999899356062e-01,1.006436526557536659e-11,9.999999999899357173e-01,1.006436526557536659e-11
9.999999999899356062e-01,1.006436526557536659e-11,9.999999999899357173e-01,1.006436526557536659e-11
9.999999999899356062e-01,1.006436526557536659e-11,9.999999999899357173e-01,1.006436526557536659e-11
9.999999999899356062e-01,1.006436526557536659e-11,9.999999999899357173e-01,1.006436526557536659e-11
9.999999999899356062e-01,1.006436526557536659e-11,9.999999999899357173e-01,1.006436526557536659e-11
9.999999999899356062e-01,1.006436526557536659e-11,9.999999999899357173e-01,1.006436526557536659e-11
9.999999999899356062e-01,1.006436526557536659e-11,9.999999999899357173e-01,1.006436526557536659e-11
9.999999999899356062e-01,1.006436526557536659e-11,9.999999999899357173e-01,1.006436526557536659e-11
9.999999999899356062e-01,1.006436526557536659e-11,9.999999999899357173e-01,1.006436526557536659e-11
9.999999999899356062e-01,1.006436526557536659e-11,9.999999999899357173e-01,1.006436526557536659e-11
9.999999999899356062e-01,1.006436526557536659e-11,9.999999999899357173e-01,1.006436526557536659e-11
9.999999999899356062e-01,1.006436526557536659e-11,9.999999999899357173e-01,1.006436526557536659e-11
9.999999999899356062e-01,1.006436526557536659e-11,9.999999999899357173e-01,1.006436526557536659e-11
9.999999999899356062e-01,1.006436526557536659e-11,9.999999999899357173e-01,1.006436526557536659e-11
9.999999999899356062e-01,1.006436526557536659e-11,9.999999999899357173e-01,1.006436526557536659e-11
9.999999999899356062e-01,1.006436526557536659e-11,9.999999999899357173e-01,1.006436526557536659e-11
9.999999999899356062e-01,1.006436526557536659e-11,9.999999999899357173e-01,1.006436526557536659e-11
9.999999999899356062e-01,1.006436526557536659e-11,9.999999999899357173e-01,1.006436526557536659e-11
9.999999999899356062e-01,1.006436526557536659e-11,9.999999999899357173e-01,1.006436526557536659e-11
9.999999999899356062e-01,1.006436526557536659e-11,9.999999999899357173e-01,1.006436526557536659e-11
9.999999999899356062e-01,1.006436526557536659e-11,9.999999999899357173e-01,1.006436526557536659e-11
9.999999999899356062e-01,1.006436526557536659e-11,9.999999999899357173e-01,1.006436526557536659e-11
9.999999999899356062e-01,1.006436526557536659e-11,9.999999999899357173e-01,1.006436526557536659e-11
9.999999999899356062e-01,1.006436526557536659e-11,9.999999999899357173e-01,1.006436526557536659e-11
9.999999999899356062e-01,1.006436526557536659e-11,9.999999999899357173e-01,1.006436526557536659e-11
9.999999999955432317e-01,4.456731138890891663e-12,9.999999999955433427e-01,4.456731138890891663e-12
9.999999999918550708e-01,8.144940324079871441e-12,9.999999999918550708e-01,8.144940324079871441e-12
9.999999999899356062e-01,1.006436526557536659e-11,9.999999999899357173e-01,1.006436526557536821e-11
9.999999999905299086e-01,9.470110774942860689e-12,9.999999999905299086e-01,9.470110774942862304e-12
9.999999999899356062e-01,1.006436526557536659e-11,9.999999999899357173e-01,1.006436526557536821e-11
9.999999999899356062e-01,1.006436526557536659e-11,9.999999999899357173e-01,1.006436526557536659e-11
9.999999999899356062e-01,1.006436526557536659e-11,9.999999999899357173e-01,1.006436526557536659e-11
9.999999999899356062e-01,1.006436526557536659e-11,9.999999999899357173e-01,1.006436526557536659e-11
9.999999999899356062e-01,1.006436526557536659e-11,9.999999999899357173e-01,1.006436526557536659e-11
9.999999999899356062e-01,1.006436526557536659e-11,9.999999999899357173e-01,1.006436526557536659e-11
9.999999999899356062e-01,1.006436526557536659e-11,9.999999999899357173e-01,1.006436526557536659e-11
9.999999999899356062e-01,1.006436526557536659e-11,9.999999999899357173e-01,1.006436526557536659e-11
9.999999999899356062e-01,1.006436526557536659e-11,9.999999999899357173e-01,1.006436526557536659e-11
9.999999999899356062e-01,1.006436526557536659e-11,9.999999999899357173e-01,1.006436526557536659e-11
9.999999999899356062e-01,1.006436526557536659e-11,9.999999999899357173e-01,1.006436526557536659e-11
9.999999999899356062e-01,1.006436526557536659e-11,9.999999999899357173e-01,1.006436526557536659e-11
9.999999999899356062e-01,1.006436526557536659e-11,9.999999999899357173e-01,1.006436526557536659e-11
9.999999999899356062e-01,1.006436526557536659e-11,9.999999999899357173e-01,1.006436526557536659e-11
9.999999999899356062e-01,1.006436526557536659e-11,9.999999999899357173e-01,1.006436526557536659e-11
9.999999999899356062e-01,1.006436526557536659e-11,9.999999999899357173e-01,1.006436526557536659e-11
9.999999999899356062e-01,1.006436526557536659e-11,9.999999999899357173e-01,1.006436526557536659e-11
9.999999999952834395e-01,4.716556624748106862e-12,9.999999999952834395e-01,4.716556624748106862e-12
9.999999999899356062e-01,1.006436526557536659e-11,9.999999999899356062e-01,1.006436526557536659e-11
9.999999999899356062e-01,1.006436526557536659e-11,9.999999999899357173e-01,1.006436526557536659e-11
9.999999999899356062e-01,1.006436526557536659e-11,9.999999999899357173e-01,1.006436526557536659e-11
9.999999999899356062e-01,1.006436526557536659e-11,9.999999999899357173e-01,1.006436526557536659e-11
9.999999999899356062e-01,1.006436526557536659e-11,9.999999999899357173e-01,1.006436526557536659e-11
9.999999999899356062e-01,1.006436526557536659e-11,9.999999999899357173e-01,1.006436526557536659e-11
9.999999999899356062e-01,1.006436526557536659e-11,9.999999999899357173e-01,1.006436526557536659e-11
9.999999999899356062e-01,1.006436526557536659e-11,9.999999999899357173e-01,1.006436526557536659e-11
9.999999999944296780e-01,5.570273398680856340e-12,9.999999999944297890e-01,5.570273398680856340e-12
9.999999999899356062e-01,1.006436526557536659e-11,9.999999999899357173e-01,1.006436526557536659e-11
9.999999999899356062e-01,1.006436526557536659e-11,9.999999999899357173e-01,1.006436526557536659e-11
9.999999999899356062e-01,1.006436526557536659e-11,9.999999999899357173e-01,1.006436526557536659e-11
9.999999999899356062e-01,1.006436526557536659e-11,9.999999999899357173e-01,1.006436526557536659e-11
9.999999999899356062e-01,1.006436526557536659e-11,9.999999999899357173e-01,1.006436526557536659e-11
9.999999999899356062e-01,1.006436526557536659e-11,9.999999999899357173e-01,1.006436526557536659e-11
9.999999999954136687e-01,4.586312181167409490e-12,9.999999999954136687e-01,4.586312181167410297e-12
9.999999999910679227e-01,8.932022517283187218e-12,9.999999999910680337e-01,8.932022517283187218e-12
9.999999999899356062e-01,1.006436526557536659e-11,9.999999999899357173e-01,1.006436526557536659e-11
9.999999999899356062e-01,1.006436526557536659e-11,9.999999999899357173e-01,1.006436526557536659e-11
9.999999999899356062e-01,1.006436526557536659e-11,9.999999999899357173e-01,1.006436526557536659e-11
9.999999999899356062e-01,1.006436526557536659e-11,9.999999999899357173e-01,1.006436526557536659e-11
9.999999999899356062e-01,1.006436526557536659e-11,9.999999999899357173e-01,1.006436526557536659e-11
9.999999999899356062e-01,1.006436526557536659e-11,9.999999999899357173e-01,1.006436526557536659e-11
9.999999999899356062e-01,1.006436526557536659e-11,9.999999999899357173e-01,1.006436526557536659e-11
9.999999999899356062e-01,1.006436526557536659e-11,9.999999999899357173e-01,1.006436526557536659e-11
9.999999999899356062e-01,1.006436526557536659e-11,9.999999999899357173e-01,1.006436526557536659e-11
9.999999999899356062e-01,1.006436526557536659e-11,9.999999999899357173e-01,1.006436526557536659e-11
9.999999999899356062e-01,1.006436526557536659e-11,9.999999999899357173e-01,1.006436526557536659e-11
9.999999999899356062e-01,1.006436526557536659e-11,9.999999999899357173e-01,1.006436526557536659e-11
9.999999999899356062e-01,1.006436526557536659e-11,9.999999999899357173e-01,1.006436526557536659e-11
9.999999999899356062e-01,1.006436526557536659e-11,9.999999999899357173e-01,1.006436526557536659e-11
9.999999999899356062e-01,1.006436526557536659e-11,9.999999999899357173e-01,1.006436526557536659e-11
9.999999999899356062e-01,1.006436526557536659e-11,9.999999999899357173e-01,1.006436526557536659e-11
9.999999999899356062e-01,1.006436526557536659e-11,9.999999999899357173e-01,1.006436526557536659e-11
9.999999999899356062e-01,1.006436526557536659e-11,9.999999999899357173e-01,1.006436526557536659e-11
9.999999999899356062e-01,1.006436526557536659e-11,9.999999999899357173e-01,1.006436526557536659e-11
9.999999999899356062e-01,1.006436526557536659e-11,9.999999999899357173e-01,1.006436526557536659e-11
9.999999999899356062e-01,1.006436526557536659e-11,9.999999999899357173e-01,1.006436526557536659e-11
9.999999999899356062e-01,1.006436526557536659e-11,9.999999999899357173e-01,1.006436526557536659e-11
9.999999999899356062e-01,1.006436526557536659e-11,9.999999999899357173e-01,1.006436526557536659e-11
9.999999999899356062e-01,1.006436526557536659e-11,9.999999999899357173e-01,1.006436526557536659e-11
9.999999999899356062e-01,1.006436526557536659e-11,9.999999999899357173e-01,1.006436526557536659e-11
9.999999999899356062e-01,1.006436526557536659e-11,9.999999999899357173e-01,1.006436526557536659e-11
9.999999999899356062e-01,1.006436526557536659e-11,9.999999999899357173e-01,1.006436526557536659e-11
9.999999999899356062e-01,1.006436526557536659e-11,9.999999999899357173e-01,1.006436526557536659e-11
9.999999999899356062e-01,1.006436526557536659e-11,9.999999999899357173e-01,1.006436526557536659e-11
9.999999999899356062e-01,1.006436526557536659e-11,9.999999999899357173e-01,1.006436526557536659e-11
9.999999999899356062e-01,1.006436526557536659e-11,9.999999999899357173e-01,1.006436526557536659e-11
9.999999999899356062e-01,1.006436526557536659e-11,9.999999999899357173e-01,1.006436526557536659e-11
9.999999999899356062e-01,1.006436526557536659e-11,9.999999999899357173e-01,1.006436526557536659e-11
9.999999999899356062e-01,1.006436526557536659e-11,9.999999999899357173e-01,1.006436526557536659e-11
9.999999999899356062e-01,1.006436526557536659e-11,9.999999999899357173e-01,1.006436526557536659e-11
9.999999998902970866e-01,1.097029182933490941e-10,9.999999998902970866e-01,1.097029182933491070e-10
9.999999999899356062e-01,1.006436526557536659e-11,9.999999999899356062e-01,1.006436526557536821e-11
9.999999999899356062e-01,1.006436526557536659e-11,9.999999999899357173e-01,1.006436526557536659e-11
9.999999999899356062e-01,1.006436526557536659e-11,9.999999999899357173e-01,1.006436526557536659e-11
9.999999999899356062e-01,1.006436526557536659e-11,9.999999999899357173e-01,1.006436526557536659e-11
9.999999999899356062e-01,1.006436526557536659e-11,9.999999999899357173e-01,1.006436526557536659e-11
9.999999999899356062e-01,1.006436526557536659e-11,9.999999999899357173e-01,1.006436526557536659e-11
9.999999999899356062e-01,1.006436526557536659e-11,9.999999999899357173e-01,1.006436526557536659e-11
9.999999999899356062e-01,1.006436526557536659e-11,9.999999999899357173e-01,1.006436526557536659e-11
9.999999999899356062e-01,1.006436526557536659e-11,9.999999999899357173e-01,1.006436526557536659e-11
9.999999999899356062e-01,1.006436526557536659e-11,9.999999999899357173e-01,1.006436526557536659e-11
9.999999999899356062e-01,1.006436526557536659e-11,9.999999999899357173e-01,1.006436526557536659e-11
9.999999999899356062e-01,1.006436526557536659e-11,9.999999999899357173e-01,1.006436526557536659e-11
9.999999999899356062e-01,1.006436526557536659e-11,9.999999999899357173e-01,1.006436526557536659e-11
9.999999999899356062e-01,1.006436526557536659e-11,9.999999999899357173e-01,1.006436526557536659e-11
9.999999999899356062e-01,1.006436526557536659e-11,9.999999999899357173e-01,1.006436526557536659e-11
9.999999999899356062e-01,1.006436526557536659e-11,9.999999999899357173e-01,1.006436526557536659e-11
9.999999999899356062e-01,1.006436526557536659e-11,9.999999999899357173e-01,1.006436526557536659e-11
9.999999999948926410e-01,5.107369090437681211e-12,9.999999999948925300e-01,5.107369090437680403e-12
9.999999999899356062e-01,1.006436526557536659e-11,9.999999999899356062e-01,1.006436526557536659e-11
9.999999999899356062e-01,1.006436526557536659e-11,9.999999999899357173e-01,1.006436526557536659e-11
9.999999999899356062e-01,1.006436526557536659e-11,9.999999999899357173e-01,1.006436526557536659e-11
9.999999999899356062e-01,1.006436526557536659e-11,9.999999999899357173e-01,1.006436526557536659e-11
9.999999999899356062e-01,1.006436526557536659e-11,9.999999999899357173e-01,1.006436526557536659e-11
9.999999999899356062e-01,1.006436526557536659e-11,9.999999999899357173e-01,1.006436526557536659e-11
9.999999999899356062e-01,1.006436526557536659e-11,9.999999999899357173e-01,1.006436526557536659e-11
9.999999999899356062e-01,1.006436526557536659e-11,9.999999999899357173e-01,1.006436526557536659e-11
9.999999999905299086e-01,9.470110774942860689e-12,9.999999999905299086e-01,9.470110774942862304e-12
9.999999999720921018e-01,2.790791985147400355e-11,9.999999999720921018e-01,2.790791985147400355e-11
9.999999999899356062e-01,1.006436526557536659e-11,9.999999999899356062e-01,1.006436526557536659e-11
9.999999999899356062e-01,1.006436526557536659e-11,9.999999999899357173e-01,1.006436526557536821e-11
9.999999999899356062e-01,1.006436526557536659e-11,9.999999999899357173e-01,1.006436526557536821e-11
9.999999999899356062e-01,1.006436526557536659e-11,9.999999999899357173e-01,1.006436526557536821e-11
9.999999999899356062e-01,1.006436526557536659e-11,9.999999999899357173e-01,1.006436526557536821e-11
9.999999999899356062e-01,1.006436526557536659e-11,9.999999999899357173e-01,1.006436526557536821e-11
9.999999999899356062e-01,1.006436526557536659e-11,9.999999999899357173e-01,1.006436526557536821e-11
9.999999999919976235e-01,8.002350202515633392e-12,9.999999999919976235e-01,8.002350202515635008e-12
9.999999352164864463e-01,6.478351360295755789e-08,9.999999352164864463e-01,6.478351360295755789e-08
9.999999999899356062e-01,1.006436526557536659e-11,9.999999999899356062e-01,1.006436526557536497e-11
9.999999999899356062e-01,1.006436526557536659e-11,9.999999999899357173e-01,1.006436526557536821e-11
9.999999999899356062e-01,1.006436526557536659e-11,9.999999999899357173e-01,1.006436526557536821e-11
9.999999999899356062e-01,1.006436526557536659e-11,9.999999999899357173e-01,1.006436526557536821e-11
9.999999999899356062e-01,1.006436526557536659e-11,9.999999999899357173e-01,1.006436526557536821e-11
9.999999999899356062e-01,1.006436526557536659e-11,9.999999999899357173e-01,1.006436526557536821e-11
9.999999999899356062e-01,1.006436526557536659e-11,9.999999999899357173e-01,1.006436526557536821e-11
9.999999999899356062e-01,1.006436526557536659e-11,9.999999999899357173e-01,1.006436526557536821e-11
9.999999999899356062e-01,1.006436526557536659e-11,9.999999999899357173e-01,1.006436526557536821e-11
9.999999999899356062e-01,1.006436526557536659e-11,9.999999999899357173e-01,1.006436526557536821e-11
9.999999999899356062e-01,1.006436526557536659e-11,9.999999999899357173e-01,1.006436526557536821e-11
9.999999999899356062e-01,1.006436526557536659e-11,9.999999999899357173e-01,1.006436526557536821e-11
9.999999999899356062e-01,1.006436526557536659e-11,9.999999999899357173e-01,1.006436526557536821e-11
9.999999999899356062e-01,1.006436526557536659e-11,9.999999999899357173e-01,1.006436526557536821e-11
9.999999999941007189e-01,5.899290110926180300e-12,9.999999999941007189e-01,5.899290110926179492e-12
9.999999999899356062e-01,1.006436526557536659e-11,9.999999999899356062e-01,1.006436526557536497e-11
9.999999999899356062e-01,1.006436526557536659e-11,9.999999999899357173e-01,1.006436526557536659e-11
9.999999999899356062e-01,1.006436526557536659e-11,9.999999999899357173e-01,1.006436526557536659e-11
9.999999999899356062e-01,1.006436526557536659e-11,9.999999999899357173e-01,1.006436526557536659e-11
9.999999999899356062e-01,1.006436526557536659e-11,9.999999999899357173e-01,1.006436526557536659e-11
9.999999999899356062e-01,1.006436526557536659e-11,9.999999999899357173e-01,1.006436526557536659e-11
9.999999999899356062e-01,1.006436526557536659e-11,9.999999999899357173e-01,1.006436526557536659e-11
9.999999999954136687e-01,4.586312181167409490e-12,9.999999999954136687e-01,4.586312181167410297e-12
9.999999999899356062e-01,1.006436526557536659e-11,9.999999999899357173e-01,1.006436526557536821e-11
9.999999999899356062e-01,1.006436526557536659e-11,9.999999999899357173e-01,1.006436526557536659e-11
9.999999999899356062e-01,1.006436526557536659e-11,9.999999999899357173e-01,1.006436526557536659e-11
9.999999999899356062e-01,1.006436526557536659e-11,9.999999999899357173e-01,1.006436526557536659e-11
9.999999999943958162e-01,5.604174516224690214e-12,9.999999999943959272e-01,5.604174516224689406e-12
9.999999999943958162e-01,5.604174516224689406e-12,9.999999999943958162e-01,5.604174516224689406e-12
9.999999999947277729e-01,5.272117414844184293e-12,9.999999999947278839e-01,5.272117414844185101e-12
9.999999999899356062e-01,1.006436526557536659e-11,9.999999999899356062e-01,1.006436526557536497e-11
9.999999999899356062e-01,1.006436526557536659e-11,9.999999999899357173e-01,1.006436526557536659e-11
9.999999999899356062e-01,1.006436526557536659e-11,9.999999999899357173e-01,1.006436526557536659e-11
9.999999999899356062e-01,1.006436526557536659e-11,9.999999999899357173e-01,1.006436526557536659e-11
9.999999999899356062e-01,1.006436526557536659e-11,9.999999999899357173e-01,1.006436526557536659e-11
9.999999999899356062e-01,1.006436526557536659e-11,9.999999999899357173e-01,1.006436526557536659e-11
9.999999999899356062e-01,1.006436526557536659e-11,9.999999999899357173e-01,1.006436526557536659e-11
9.999999999899356062e-01,1.006436526557536659e-11,9.999999999899357173e-01,1.006436526557536659e-11
9.999999999809391360e-01,1.906088483044513552e-11,9.999999999809390250e-01,1.906088483044513552e-11
9.999999999899356062e-01,1.006436526557536659e-11,9.999999999899357173e-01,1.006436526557536659e-11
9.999999999899356062e-01,1.006436526557536659e-11,9.999999999899357173e-01,1.006436526557536659e-11
9.999999999899356062e-01,1.006436526557536659e-11,9.999999999899357173e-01,1.006436526557536659e-11
9.999999999899356062e-01,1.006436526557536659e-11,9.999999999899357173e-01,1.006436526557536659e-11
9.999999999899356062e-01,1.006436526557536659e-11,9.999999999899357173e-01,1.006436526557536659e-11
9.999999999899356062e-01,1.006436526557536659e-11,9.999999999899357173e-01,1.006436526557536659e-11
9.999999999899356062e-01,1.006436526557536659e-11,9.999999999899357173e-01,1.006436526557536659e-11
9.999999999899356062e-01,1.006436526557536659e-11,9.999999999899357173e-01,1.006436526557536659e-11
9.999999999899356062e-01,1.006436526557536659e-11,9.999999999899357173e-01,1.006436526557536659e-11
9.999999999899356062e-01,1.006436526557536659e-11,9.999999999899357173e-01,1.006436526557536659e-11
9.999999999899356062e-01,1.006436526557536659e-11,9.999999999899357173e-01,1.006436526557536659e-11
9.999999999899356062e-01,1.006436526557536659e-11,9.999999999899357173e-01,1.006436526557536659e-11
9.999999999899356062e-01,1.006436526557536659e-11,9.999999999899357173e-01,1.006436526557536659e-11
9.999999999899356062e-01,1.006436526557536659e-11,9.999999999899357173e-01,1.006436526557536659e-11
9.999999999899356062e-01,1.006436526557536659e-11,9.999999999899357173e-01,1.006436526557536659e-11
9.999999999899356062e-01,1.006436526557536659e-11,9.999999999899357173e-01,1.006436526557536659e-11
9.999999999928261829e-01,7.173779663402245597e-12,9.999999999928262939e-01,7.173779663402244790e-12
9.999999999899356062e-01,1.006436526557536659e-11,9.999999999899356062e-01,1.006436526557536659e-11
9.999999999899356062e-01,1.006436526557536659e-11,9.999999999899357173e-01,1.006436526557536659e-11
9.999999999899356062e-01,1.006436526557536659e-11,9.999999999899357173e-01,1.006436526557536659e-11
9.999999999899356062e-01,1.006436526557536659e-11,9.999999999899357173e-01,1.006436526557536659e-11
9.999999999899356062e-01,1.006436526557536659e-11,9.999999999899357173e-01,1.006436526557536659e-11
9.999999999899356062e-01,1.006436526557536659e-11,9.999999999899357173e-01,1.006436526557536659e-11
9.999999999899356062e-01,1.006436526557536659e-11,9.999999999899357173e-01,1.006436526557536659e-11
9.999999999899356062e-01,1.006436526557536659e-11,9.999999999899357173e-01,1.006436526557536659e-11
9.999999999899356062e-01,1.006436526557536659e-11,9.999999999899357173e-01,1.006436526557536659e-11
9.999999999899356062e-01,1.006436526557536659e-11,9.999999999899357173e-01,1.006436526557536659e-11
9.999999999923419036e-01,7.658139894305021288e-12,9.999999999923417926e-01,7.658139894305021288e-12
9.999999999913983251e-01,8.601674835606658709e-12,9.999999999913984361e-01,8.601674835606658709e-12
9.999999999899356062e-01,1.006436526557536659e-11,9.999999999899357173e-01,1.006436526557536821e-11
6.665740656776186768e-02,9.333425934322381323e-01,6.665740656776186768e-02,9.333425934322381323e-01
6.665740656776186768e-02,9.333425934322382433e-01,6.665740656776186768e-02,9.333425934322381323e-01
6.665740656776186768e-02,9.333425934322382433e-01,6.665740656776186768e-02,9.333425934322381323e-01
6.665740656776186768e-02,9.333425934322382433e-01,6.665740656776186768e-02,9.333425934322381323e-01
6.665740656776186768e-02,9.333425934322382433e-01,6.665740656776186768e-02,9.333425934322381323e-01
6.665740656776186768e-02,9.333425934322382433e-01,6.665740656776186768e-02,9.333425934322381323e-01
6.665740656776186768e-02,9.333425934322382433e-01,6.665740656776186768e-02,9.333425934322381323e-01
6.665740656776186768e-02,9.333425934322382433e-01,6.665740656776186768e-02,9.333425934322381323e-01
6.665740656776186768e-02,9.333425934322382433e-01,6.665740656776186768e-02,9.333425934322381323e-01
6.665740656776186768e-02,9.333425934322382433e-01,6.665740656776186768e-02,9.333425934322381323e-01
6.665740656776186768e-02,9.333425934322382433e-01,6.665740656776186768e-02,9.333425934322381323e-01
6.665740656776186768e-02,9.333425934322382433e-01,6.665740656776186768e-02,9.333425934322381323e-01
6.665740656776186768e-02,9.333425934322382433e-01,6.665740656776186768e-02,9.333425934322381323e-01
6.665740656776186768e-02,9.333425934322382433e-01,6.665740656776186768e-02,9.333425934322381323e-01
6.665740656776186768e-02,9.333425934322382433e-01,6.665740656776186768e-02,9.333425934322381323e-01
6.665740656776186768e-02,9.333425934322382433e-01,6.665740656776186768e-02,9.333425934322381323e-01
6.665740656776186768e-02,9.333425934322382433e-01,6.665740656776186768e-02,9.333425934322381323e-01
6.665740656776186768e-02,9.333425934322382433e-01,6.665740656776186768e-02,9.333425934322381323e-01
6.665740656776186768e-02,9.333425934322382433e-01,6.665740656776186768e-02,9.333425934322381323e-01
6.665740656776186768e-02,9.333425934322382433e-01,6.665740656776186768e-02,9.333425934322381323e-01
6.665740656776186768e-02,9.333425934322382433e-01,6.665740656776186768e-02,9.333425934322381323e-01
6.665740656776186768e-02,9.333425934322382433e-01,6.665740656776186768e-02,9.333425934322381323e-01
6.665740656776186768e-02,9.333425934322382433e-01,6.665740656776186768e-02,9.333425934322381323e-01
6.665740656776186768e-02,9.333425934322382433e-01,6.665740656776186768e-02,9.333425934322381323e-01
6.665740656776186768e-02,9.333425934322382433e-01,6.665740656776186768e-02,9.333425934322381323e-01
6.665740656776186768e-02,9.333425934322382433e-01,6.665740656776186768e-02,9.333425934322381323e-01
6.665740656776186768e-02,9.333425934322382433e-01,6.665740656776186768e-02,9.333425934322381323e-01
6.665740656776186768e-02,9.333425934322382433e-01,6.665740656776186768e-02,9.333425934322381323e-01
6.665740656776186768e-02,9.333425934322382433e-01,6.665740656776186768e-02,9.333425934322381323e-01
6.665740656776186768e-02,9.333425934322382433e-01,6.665740656776186768e-02,9.333425934322381323e-01
6.877579828310446085e-27,1.000000000000000000e+00,6.877579828310446085e-27,1.000000000000000000e+00
3.802272892227976599e-93,1.000000000000000000e+00,3.802272892227976599e-93,1.000000000000000000e+00
3.397932514560491463e-80,1.000000000000000000e+00,3.397932514560491463e-80,1.000000000000000000e+00
3.205186936486595985e-05,9.999679481306351647e-01,3.205186936486595985e-05,9.999679481306351647e-01
1.911837754375326853e-32,1.000000000000000000e+00,1.911837754375326853e-32,1.000000000000000000e+00
9.525930785982880849e-64,1.000000000000000000e+00,9.525930785982880849e-64,1.000000000000000000e+00
7.552308208795004252e-14,9.999999999999245048e-01,7.552308208795004252e-14,9.999999999999245048e-01
9.438928158119736681e-16,9.999999999999990008e-01,9.438928158119736681e-16,9.999999999999991118e-01
5.075134280289633759e-03,9.949248657197102830e-01,5.075134280289634627e-03,9.949248657197103940e-01
9.998888664507017410e-01,1.111335492982467075e-04,9.998888664507018520e-01,1.111335492982466939e-04
9.999999998902970866e-01,1.097029182933491070e-10,9.999999998902970866e-01,1.097029182933490941e-10
9.999999999954979346e-01,4.502010443801015165e-12,9.999999999954980456e-01,4.502010443801015973e-12
9.999999999953217422e-01,4.678158430719900854e-12,9.999999999953219643e-01,4.678158430719901662e-12
9.999999999950521801e-01,4.947834189859316537e-12,9.999999999950521801e-01,4.947834189859316537e-12
9.999999999837736464e-01,1.622624383836942693e-11,9.999999999837737574e-01,1.622624383836942693e-11
9.999999998902970866e-01,1.097029182933490941e-10,9.999999998902970866e-01,1.097029182933491070e-10
9.999999999949931162e-01,5.006829722137265452e-12,9.999999999949932272e-01,5.006829722137265452e-12
9.999999999954980456e-01,4.502010443801015973e-12,9.999999999954980456e-01,4.502010443801015973e-12
9.999999999936635131e-01,6.336410936240907307e-12,9.999999999936636241e-01,6.336410936240908923e-12
9.999999999937110307e-01,6.288878759535914042e-12,9.999999999937110307e-01,6.288878759535914042e-12
9.999999999542144025e-01,4.578553539551428898e-11,9.999999999542145135e-01,4.578553539551429544e-11
3.205186936486595307e-05,9.999679481306350537e-01,3.205186936486595985e-05,9.999679481306351647e-01
7.788106827386997381e-61,1.000000000000000000e+00,7.788106827386997381e-61,1.000000000000000000e+00
3.865062284200050422e-124,1.000000000000000000e+00,1.037873978718372636e-152,1.000000000000000000e+00
1.003121002455164979e-24,1.000000000000000000e+00,3.397932514560491463e-80,1.000000000000000000e+00
1.000000000000000000e+00,3.397932514560491609e-70,9.686720965825407369e-253,1.000000000000000000e+00
9.686720965825406993e-243,1.000000000000000000e+00,5.592733038504423729e-233,1.000000000000000000e+00
3.118280795817127755e-12,9.999999999968817166e-01,3.118280795817128158e-12,9.999999999968818276e-01
1.280513414466977118e-29,1.000000000000000000e+00,1.280513414466977118e-29,1.000000000000000000e+00
9.012425899552200041e-20,1.000000000000000000e+00,9.012425899552200041e-20,1.000000000000000000e+00
1.909432868908195602e-06,9.999980905671310705e-01,1.909432868908195602e-06,9.999980905671310705e-01
1.204632648621563613e-17,1.000000000000000000e+00,1.204632648621563613e-17,1.000000000000000000e+00
3.118280795817128158e-12,9.999999999968817166e-01,3.118280795817128158e-12,9.999999999968818276e-01
2.900305680487600952e-42,1.000000000000000000e+00,2.900305680487600952e-42,1.000000000000000000e+00
1.807898221838876864e-35,1.000000000000000000e+00,1.807898221838876864e-35,1.000000000000000000e+00
2.165113646084434009e-74,1.000000000000000000e+00,2.165113646084434402e-74,1.000000000000000000e+00
1.280513414466977118e-29,1.000000000000000000e+00,1.280513414466977118e-29,1.000000000000000000e+00
4.109082433261003300e-50,1.000000000000000000e+00,4.109082433261003300e-50,1.000000000000000000e+00
4.109082433261002825e-50,1.000000000000000000e+00,4.109082433261003300e-50,1.000000000000000000e+00
2.660874160976113805e-54,1.000000000000000000e+00,2.660874160976113805e-54,1.000000000000000000e+00
9.352388814067830224e-59,1.000000000000000000e+00,9.352388814067828455e-59,1.000000000000000000e+00
1.807898221838876864e-35,1.000000000000000000e+00,1.807898221838876864e-35,1.000000000000000000e+00
7.552308208795004252e-14,9.999999999999245048e-01,7.552308208795004252e-14,9.999999999999245048e-01
8.282882430991953417e-39,1.000000000000000000e+00,8.282882430991952112e-39,1.000000000000000000e+00
9.352388814067828455e-59,1.000000000000000000e+00,9.352388814067828455e-59,1.000000000000000000e+00
6.508554717770752254e-69,1.000000000000000000e+00,6.508554717770752254e-69,1.000000000000000000e+00
4.701494535626959265e-02,9.529850546437304004e-01,4.701494535626960652e-02,9.529850546437305114e-01
7.171004187937924934e-01,2.828995812062073956e-01,7.171004187937926044e-01,2.828995812062073401e-01
9.999999996834015858e-01,3.165983998486477434e-10,9.999999996834014748e-01,3.165983998486476400e-10
2.800694639660819552e-01,7.199305360339181004e-01,2.800694639660818996e-01,7.199305360339179893e-01
7.171004187937926044e-01,2.828995812062073956e-01,7.171004187937926044e-01,2.828995812062073401e-01
6.877579828310446085e-27,1.000000000000000000e+00,6.877579828310446085e-27,1.000000000000000000e+00
3.869696153037837209e-116,1.000000000000000000e+00,3.869696153037837773e-116,1.000000000000000000e+00
2.647863559276567817e-203,1.000000000000000000e+00,2.647869429135044998e-203,1.000000000000000000e+00
1.000000000000000000e+00,2.647869429096513192e-193,2.350216348675133254e-154,1.000000000000000000e+00
3.869696153037837773e-116,1.000000000000000000e+00,3.869696153037837773e-116,1.000000000000000000e+00
4.109082433261002825e-50,1.000000000000000000e+00,4.109082433261003300e-50,1.000000000000000000e+00
1.331061532870315065e-10,9.999999998668938073e-01,1.331061532870315065e-10,9.999999998668938073e-01
9.999999999773967474e-01,2.260333082440867335e-11,9.999999999773966364e-01,2.260333082440866689e-11
9.978702591859638371e-01,2.129740814036121255e-03,9.978702591859639481e-01,2.129740814036121688e-03
9.999999978183631288e-01,2.181636925044639813e-09,9.999999978183631288e-01,2.181636925044639813e-09
9.995273477505109971e-01,4.726522494890491037e-04,9.995273477505109971e-01,4.726522494890490495e-04
9.999999999906338255e-01,9.366147881026150527e-12,9.999999999906339365e-01,9.366147881026150527e-12
9.999999999773966364e-01,2.260333082440867012e-11,9.999999999773966364e-01,2.260333082440867012e-11
9.999999999860557098e-01,1.394431753167856366e-11,9.999999999860557098e-01,1.394431753167856366e-11
9.999999996834015858e-01,3.165983998486477434e-10,9.999999996834015858e-01,3.165983998486477434e-10
9.999999999879028989e-01,1.209708840225712223e-11,9.999999999879030099e-01,1.209708840225712385e-11
9.999999999953218532e-01,4.678158430719900854e-12,9.999999999953218532e-01,4.678158430719900854e-12
9.999999999954933827e-01,4.506725468249469429e-12,9.999999999954932717e-01,4.506725468249470237e-12
9.999999999927624561e-01,7.237517422417695376e-12,9.999999999927623451e-01,7.237517422417695376e-12
9.999999999720921018e-01,2.790791985147400355e-11,9.999999999720921018e-01,2.790791985147400678e-11
9.999999999894058078e-01,1.059421469870005238e-11,9.999999999894058078e-01,1.059421469870005238e-11
9.999999999916409088e-01,8.359062569314931437e-12,9.999999999916409088e-01,8.359062569314931437e-12
9.999999999950521801e-01,4.947834189859316537e-12,9.999999999950521801e-01,4.947834189859317345e-12
9.999999999950521801e-01,4.947834189859316537e-12,9.999999999950521801e-01,4.947834189859316537e-12
9.999999999954614083e-01,4.538601109276523504e-12,9.999999999954615193e-01,4.538601109276523504e-12
9.999999999954056751e-01,4.594320500726418909e-12,9.999999999954056751e-01,4.594320500726418909e-12
9.999999999954549690e-01,4.544940010514135063e-12,9.999999999954550800e-01,4.544940010514136679e-12
9.999999999879028989e-01,1.209708840225712385e-11,9.999999999879027879e-01,1.209708840225712223e-11
9.999999999906338255e-01,9.366147881026148911e-12,9.999999999906339365e-01,9.366147881026150527e-12
9.999999999809391360e-01,1.906088483044513552e-11,9.999999999809391360e-01,1.906088483044513552e-11
9.999999999906338255e-01,9.366147881026148911e-12,9.999999999906339365e-01,9.366147881026150527e-12
9.999999999954979346e-01,4.502010443801015165e-12,9.999999999954979346e-01,4.502010443801015973e-12
9.999999999720921018e-01,2.790791985147400355e-11,9.999999999720921018e-01,2.790791985147400678e-11
9.999999999953218532e-01,4.678158430719900854e-12,9.999999999953218532e-01,4.678158430719900046e-12
9.999999999954933827e-01,4.506725468249469429e-12,9.999999999954932717e-01,4.506725468249468621e-12
9.999999999954614083e-01,4.538601109276523504e-12,9.999999999954614083e-01,4.538601109276523504e-12
9.999999698367983969e-01,3.016320162128398077e-08,9.999999698367983969e-01,3.016320162128397415e-08
9.999999997909722049e-01,2.090278510371158860e-10,9.999999997909720939e-01,2.090278510371158602e-10
9.999999999899356062e-01,1.006436526557536659e-11,9.999999999899356062e-01,1.006436526557536821e-11
9.999999999899356062e-01,1.006436526557536659e-11,9.999999999899357173e-01,1.006436526557536821e-11
9.999999999948926410e-01,5.107369090437681211e-12,9.999999999948925300e-01,5.107369090437681211e-12
9.999999999955386798e-01,4.461220696038502242e-12,9.999999999955386798e-01,4.461220696038503050e-12
9.999999999915555327e-01,8.444435846311212636e-12,9.999999999915556437e-01,8.444435846311212636e-12
9.999999999933496531e-01,6.650344746761938110e-12,9.999999999933497641e-01,6.650344746761938918e-12
9.999999999894058078e-01,1.059421469870005238e-11,9.999999999894058078e-01,1.059421469870005400e-11
9.999999352164864463e-01,6.478351360295755789e-08,9.999999352164864463e-01,6.478351360295754466e-08
9.999999978183631288e-01,2.181636925044639813e-09,9.999999978183631288e-01,2.181636925044639813e-09
9.999999987502280474e-01,1.249771974258892417e-09,9.999999987502280474e-01,1.249771974258892417e-09
9.999999999951034724e-01,4.896557034086601837e-12,9.999999999951034724e-01,4.896557034086602645e-12
9.999999999860557098e-01,1.394431753167856366e-11,9.999999999860557098e-01,1.394431753167856689e-11
9.999999999906338255e-01,9.366147881026148911e-12,9.999999999906339365e-01,9.366147881026150527e-12
9.999999999953544938e-01,4.645487461534250054e-12,9.999999999953544938e-01,4.645487461534250054e-12
9.999912770566484754e-01,8.722943351540687575e-06,9.999912770566484754e-01,8.722943351540687575e-06
9.999999352164864463e-01,6.478351360295755789e-08,9.999999352164863353e-01,6.478351360295753142e-08
9.999999992258555848e-01,7.741444924958627337e-10,9.999999992258554737e-01,7.741444924958626303e-10
9.999999999650964755e-01,3.490349648693227425e-11,9.999999999650964755e-01,3.490349648693227425e-11
9.999999996834015858e-01,3.165983998486476917e-10,9.999999996834015858e-01,3.165983998486477434e-10
9.978702591859638371e-01,2.129740814036120821e-03,9.978702591859639481e-01,2.129740814036121255e-03
9.999999999860557098e-01,1.394431753167856366e-11,9.999999999860558209e-01,1.394431753167856366e-11
9.999999999955387908e-01,4.461220696038503050e-12,9.999999999955387908e-01,4.461220696038503050e-12
9.999999999923419036e-01,7.658139894305021288e-12,9.999999999923417926e-01,7.658139894305021288e-12
9.999999999203141865e-01,7.968584050879436248e-11,9.999999999203140755e-01,7.968584050879436248e-11
9.999999999913983251e-01,8.601674835606658709e-12,9.999999999913983251e-01,8.601674835606660325e-12
9.999999999950521801e-01,4.947834189859316537e-12,9.999999999950521801e-01,4.947834189859316537e-12
9.012425899552200041e-20,1.000000000000000000e+00,9.012425899552198837e-20,1.000000000000000000e+00
9.999999698367983969e-01,3.016320162128397415e-08,9.999999698367983969e-01,3.016320162128398077e-08
9.452084402548475150e-01,5.479155974515255434e-02,9.452084402548475150e-01,5.479155974515255434e-02
2.411949648358555544e-24,1.000000000000000000e+00,2.411949648358555911e-24,1.000000000000000000e+00
2.372532378765476446e-158,1.000000000000000000e+00,2.372532378765476446e-158,1.000000000000000000e+00
2.699775288132312045e-132,1.000000000000000000e+00,1.059516534611204878e-192,1.000000000000000000e+00
1.000000000000000000e+00,1.059516534611204854e-182,3.527958240732489791e-181,1.000000000000000000e+00
1.000000000000000000e+00,3.527958240732489585e-171,1.141586144543452567e-315,1.000000000000000000e+00
1.000000000000000000e+00,1.141586144543452567e-305,9.686720965825407369e-253,1.000000000000000000e+00
9.686720965825406993e-243,1.000000000000000000e+00,8.448389758871594798e-269,1.000000000000000000e+00
1.000000000000000000e+00,9.686720965825406993e-243,2.868567708349345610e-249,1.000000000000000000e+00
9.012425899552198837e-20,1.000000000000000000e+00,9.012425899552200041e-20,1.000000000000000000e+00
1.204632648621563767e-17,1.000000000000000000e+00,1.204632648621563613e-17,1.000000000000000000e+00
9.999999999809391360e-01,1.906088483044513552e-11,9.999999999809390250e-01,1.906088483044513552e-11
1.911837754375327127e-32,1.000000000000000000e+00,1.911837754375326853e-32,1.000000000000000000e+00
8.282882430991953417e-39,1.000000000000000000e+00,8.282882430991952112e-39,1.000000000000000000e+00
9.999999999650965865e-01,3.490349648693227425e-11,9.999999999650965865e-01,3.490349648693227425e-11
9.999999999837737574e-01,1.622624383836943016e-11,9.999999999837737574e-01,1.622624383836942693e-11
9.999999999879028989e-01,1.209708840225712385e-11,9.999999999879028989e-01,1.209708840225712385e-11
9.999971298270136089e-01,2.870172986448141955e-06,9.999971298270134978e-01,2.870172986448141532e-06
9.978702591859638371e-01,2.129740814036121255e-03,9.978702591859639481e-01,2.129740814036121255e-03
9.999999845245972629e-01,1.547540266019399329e-08,9.999999845245972629e-01,1.547540266019399660e-08
9.999999999906338255e-01,9.366147881026148911e-12,9.999999999906338255e-01,9.366147881026148911e-12
9.999996165722054853e-01,3.834277945064683469e-07,9.999996165722055963e-01,3.834277945064683999e-07
9.999999999946544982e-01,5.345521493438271938e-12,9.999999999946544982e-01,5.345521493438271130e-12
9.999696545150295046e-01,3.034548497055941671e-05,9.999696545150293936e-01,3.034548497055941332e-05
9.999999999879028989e-01,1.209708840225712385e-11,9.999999999879030099e-01,1.209708840225712385e-11
9.999999995101670480e-01,4.898329619689137195e-10,9.999999995101670480e-01,4.898329619689137195e-10
9.999999999542145135e-01,4.578553539551429544e-11,9.999999999542145135e-01,4.578553539551429544e-11
9.999999999954932717e-01,4.506725468249470237e-12,9.999999999954932717e-01,4.506725468249469429e-12
9.999999999894058078e-01,1.059421469870005238e-11,9.999999999894056968e-01,1.059421469870005077e-11
9.999999999954614083e-01,4.538601109276523504e-12,9.999999999954614083e-01,4.538601109276522696e-12
7.552308208795004252e-14,9.999999999999245048e-01,7.552308208795004252e-14,9.999999999999245048e-01
9.999999698367982859e-01,3.016320162128396753e-08,9.999999698367983969e-01,3.016320162128398077e-08
9.999999999809391360e-01,1.906088483044513875e-11,9.999999999809391360e-01,1.906088483044513552e-11
9.999996165722054853e-01,3.834277945064683469e-07,9.999996165722054853e-01,3.834277945064683999e-07
9.999999999937111417e-01,6.288878759535914850e-12,9.999999999937111417e-01,6.288878759535914042e-12
9.999999999411373075e-01,5.886277232111932188e-11,9.999999999411371965e-01,5.886277232111930896e-11
9.999999999837737574e-01,1.622624383836943016e-11,9.999999999837737574e-01,1.622624383836943016e-11
9.999999999542145135e-01,4.578553539551430190e-11,9.999999999542144025e-01,4.578553539551429544e-11
4.701494535626960652e-02,9.529850546437304004e-01,4.701494535626959959e-02,9.529850546437304004e-01
1.024093259736573733e-07,9.999998975906740917e-01,1.024093259736573601e-07,9.999998975906739807e-01
9.999999999837737574e-01,1.622624383836943016e-11,9.999999999837737574e-01,1.622624383836943016e-11
9.999971298270136089e-01,2.870172986448141955e-06,9.999971298270134978e-01,2.870172986448141532e-06
9.999996165722055963e-01,3.834277945064683469e-07,9.999996165722055963e-01,3.834277945064683999e-07
9.999996165722054853e-01,3.834277945064683469e-07,9.999996165722054853e-01,3.834277945064682940e-07
9.999999995101670480e-01,4.898329619689137195e-10,9.999999995101670480e-01,4.898329619689137195e-10
9.999971298270134978e-01,2.870172986448141955e-06,9.999971298270136089e-01,2.870172986448141955e-06
9.999971298270136089e-01,2.870172986448141955e-06,9.999971298270134978e-01,2.870172986448141955e-06
9.999999992258554737e-01,7.741444924958627337e-10,9.999999992258554737e-01,7.741444924958626303e-10
9.999989299898903727e-01,1.070010109734934551e-06,9.999989299898903727e-01,1.070010109734934551e-06
4.237959541171851382e-04,9.995762040458828768e-01,4.237959541171850840e-04,9.995762040458828768e-01
2.900305680487601590e-42,1.000000000000000000e+00,2.900305680487600952e-42,1.000000000000000000e+00
7.891091843080292208e-190,1.000000000000000000e+00,7.891091843080292208e-190,1.000000000000000000e+00
8.282882430991952112e-39,1.000000000000000000e+00,8.282882430991952112e-39,1.000000000000000000e+00
8.282882430991953417e-39,1.000000000000000000e+00,8.282882430991952112e-39,1.000000000000000000e+00
9.525930785982882198e-64,1.000000000000000000e+00,9.525930785982880849e-64,1.000000000000000000e+00
9.999989299898902617e-01,1.070010109734934551e-06,9.999989299898902617e-01,1.070010109734934763e-06
6.877579828310446085e-27,1.000000000000000000e+00,6.877579828310444650e-27,1.000000000000000000e+00
7.552308208795004252e-14,9.999999999999245048e-01,7.552308208795004252e-14,9.999999999999245048e-01
5.075134280289633759e-03,9.949248657197103940e-01,5.075134280289634627e-03,9.949248657197103940e-01
9.999999999411371965e-01,5.886277232111929603e-11,9.999999999411371965e-01,5.886277232111930896e-11
9.999999999542145135e-01,4.578553539551429544e-11,9.999999999542145135e-01,4.578553539551429544e-11
9.999999999542145135e-01,4.578553539551429544e-11,9.999999999542145135e-01,4.578553539551429544e-11
9.999999999650964755e-01,3.490349648693227425e-11,9.999999999650964755e-01,3.490349648693226779e-11
9.999999999952163821e-01,4.783576317964525966e-12,9.999999999952164931e-01,4.783576317964526774e-12
9.999989299898902617e-01,1.070010109734934763e-06,9.999989299898903727e-01,1.070010109734934763e-06
9.999971298270136089e-01,2.870172986448141955e-06,9.999971298270134978e-01,2.870172986448141955e-06
9.999999999953218532e-01,4.678158430719900854e-12,9.999999999953218532e-01,4.678158430719900854e-12
9.999999999860557098e-01,1.394431753167856366e-11,9.999999999860557098e-01,1.394431753167856527e-11
7.171004187937926044e-01,2.828995812062073956e-01,7.171004187937926044e-01,2.828995812062073956e-01
9.999999996834015858e-01,3.165983998486477434e-10,9.999999996834014748e-01,3.165983998486476400e-10
9.999999999954979346e-01,4.502010443801015165e-12,9.999999999954979346e-01,4.502010443801015973e-12
5.075134280289634627e-03,9.949248657197103940e-01,5.075134280289633759e-03,9.949248657197103940e-01
9.999999999720919908e-01,2.790791985147400678e-11,9.999999999720921018e-01,2.790791985147400678e-11
9.999999996834015858e-01,3.165983998486476917e-10,9.999999996834015858e-01,3.165983998486477434e-10
9.999999999944296780e-01,5.570273398680857148e-12,9.999999999944296780e-01,5.570273398680857148e-12
9.999999999899356062e-01,1.006436526557536659e-11,9.999999999899357173e-01,1.006436526557536659e-11
9.999999996834015858e-01,3.165983998486477434e-10,9.999999996834014748e-01,3.165983998486476917e-10
9.999999999952163821e-01,4.783576317964525966e-12,9.999999999952164931e-01,4.783576317964526774e-12
9.999999999955371255e-01,4.462777587683135197e-12,9.999999999955371255e-01,4.462777587683136005e-12
3.118280795817128158e-12,9.999999999968818276e-01,3.118280795817128158e-12,9.999999999968818276e-01
7.552308208795004252e-14,9.999999999999245048e-01,7.552308208795004252e-14,9.999999999999245048e-01
2.165113646084434009e-74,1.000000000000000000e+00,2.165113646084434402e-74,1.000000000000000000e+00
1.280513414466977118e-29,1.000000000000000000e+00,1.280513414466977118e-29,1.000000000000000000e+00
9.999999999954055641e-01,4.594320500659562682e-12,9.999999999954056751e-01,4.594320500726418909e-12
9.999999999927624561e-01,7.237517422417695376e-12,9.999999999927625671e-01,7.237517422417696992e-12
9.999999999945707874e-01,5.429193516044923935e-12,9.999999999945708984e-01,5.429193516044923935e-12
9.999999999899356062e-01,1.006436526557536659e-11,9.999999999899356062e-01,1.006436526557536659e-11
9.999999999908945059e-01,9.105508767062051060e-12,9.999999999908945059e-01,9.105508767062052676e-12
9.999999999937111417e-01,6.288878759535914850e-12,9.999999999937111417e-01,6.288878759535915657e-12
9.999999999953217422e-01,4.678158430719900854e-12,9.999999999953217422e-01,4.678158430719900854e-12
9.999999999542144025e-01,4.578553539551428898e-11,9.999999999542144025e-01,4.578553539551429544e-11
9.999999999945707874e-01,5.429193516044923935e-12,9.999999999945707874e-01,5.429193516044924743e-12
9.999999999954136687e-01,4.586312181167410297e-12,9.999999999954136687e-01,4.586312181167410297e-12
9.999999999944297890e-01,5.570273398680857956e-12,9.999999999944296780e-01,5.570273398680857148e-12
9.999999999542144025e-01,4.578553539551428898e-11,9.999999999542144025e-01,4.578553539551429544e-11
9.999999996834015858e-01,3.165983998486477434e-10,9.999999996834015858e-01,3.165983998486476917e-10
9.999999845245973740e-01,1.547540266019399660e-08,9.999999845245973740e-01,1.547540266019399660e-08
9.999999999944296780e-01,5.570273398680857148e-12,9.999999999944296780e-01,5.570273398680857148e-12
9.999999698367983969e-01,3.016320162128398077e-08,9.999999698367982859e-01,3.016320162128397415e-08
9.978702591859639481e-01,2.129740814036121688e-03,9.978702591859637261e-01,2.129740814036120821e-03
7.171004187937926044e-01,2.828995812062073956e-01,7.171004187937926044e-01,2.828995812062073956e-01
9.999999999411371965e-01,5.886277232111929603e-11,9.999999999411373075e-01,5.886277232111932188e-11
9.999999999941007189e-01,5.899290110926179492e-12,9.999999999941007189e-01,5.899290110926179492e-12
9.999999998902970866e-01,1.097029182933491070e-10,9.999999998902970866e-01,1.097029182933491070e-10
9.999999999955205832e-01,4.479402961216933990e-12,9.999999999955205832e-01,4.479402961216933183e-12
9.999999999949931162e-01,5.006829722137265452e-12,9.999999999949932272e-01,5.006829722137266260e-12
9.999999978183631288e-01,2.181636925044639399e-09,9.999999978183630178e-01,2.181636925044639399e-09
9.999996165722054853e-01,3.834277945064682940e-07,9.999996165722055963e-01,3.834277945064683469e-07
9.999999995101670480e-01,4.898329619689137195e-10,9.999999995101670480e-01,4.898329619689137195e-10
9.999996165722054853e-01,3.834277945064683469e-07,9.999996165722055963e-01,3.834277945064683469e-07
9.999999998902970866e-01,1.097029182933490941e-10,9.999999998902970866e-01,1.097029182933491070e-10
9.999999960903752649e-01,3.909624719461175298e-09,9.999999960903752649e-01,3.909624719461174470e-09
9.999696545150293936e-01,3.034548497055941332e-05,9.999696545150293936e-01,3.034548497055941671e-05
9.999999998528751322e-01,1.471248556222005226e-10,9.999999998528751322e-01,1.471248556222005226e-10
9.999999999952163821e-01,4.783576317964525966e-12,9.999999999952164931e-01,4.783576317964526774e-12
9.999999999899356062e-01,1.006436526557536659e-11,9.999999999899356062e-01,1.006436526557536659e-11
9.999999999809391360e-01,1.906088483044513552e-11,9.999999999809390250e-01,1.906088483044513552e-11
9.999696545150293936e-01,3.034548497055940993e-05,9.999696545150295046e-01,3.034548497055941332e-05
9.999999923441931227e-01,7.655806880159441558e-09,9.999999923441931227e-01,7.655806880159441558e-09
9.999999999542145135e-01,4.578553539551429544e-11,9.999999999542146245e-01,4.578553539551430190e-11
9.999999978183631288e-01,2.181636925044639813e-09,9.999999978183630178e-01,2.181636925044639399e-09
9.999999999923419036e-01,7.658139894305022904e-12,9.999999999923417926e-01,7.658139894305021288e-12
9.999999998528751322e-01,1.471248556222005226e-10,9.999999998528752432e-01,1.471248556222005226e-10
9.999999996834015858e-01,3.165983998486477434e-10,9.999999996834015858e-01,3.165983998486476917e-10
9.999999999946250773e-01,5.374910414105836663e-12,9.999999999946251883e-01,5.374910414105838278e-12
9.999999999916409088e-01,8.359062569314933052e-12,9.999999999916409088e-01,8.359062569314931437e-12
9.999999999720921018e-01,2.790791985147400355e-11,9.999999999720921018e-01,2.790791985147400678e-11
9.999999999906338255e-01,9.366147881026148911e-12,9.999999999906338255e-01,9.366147881026150527e-12
9.999999999942685847e-01,5.731468574391404690e-12,9.999999999942685847e-01,5.731468574391403882e-12
9.999999999947277729e-01,5.272117414844184293e-12,9.999999999947278839e-01,5.272117414844184293e-12
9.999999999950521801e-01,4.947834189859316537e-12,9.999999999950521801e-01,4.947834189859316537e-12
5.075134280289634627e-03,9.949248657197103940e-01,5.075134280289633759e-03,9.949248657197103940e-01
9.999999992258554737e-01,7.741444924958626303e-10,9.999999992258555848e-01,7.741444924958627337e-10
1.909432868908195602e-06,9.999980905671310705e-01,1.909432868908195602e-06,9.999980905671310705e-01
9.999999999945706763e-01,5.429193516044923935e-12,9.999999999945707874e-01,5.429193516044923127e-12
9.999999992258554737e-01,7.741444924958627337e-10,9.999999992258554737e-01,7.741444924958626303e-10
9.999971298270134978e-01,2.870172986448141532e-06,9.999971298270134978e-01,2.870172986448141532e-06
9.999999999650964755e-01,3.490349648693226779e-11,9.999999999650964755e-01,3.490349648693227425e-11
9.999999999899356062e-01,1.006436526557536659e-11,9.999999999899357173e-01,1.006436526557536659e-11
9.999999923441931227e-01,7.655806880159441558e-09,9.999999923441931227e-01,7.655806880159441558e-09
9.999999999650964755e-01,3.490349648693227425e-11,9.999999999650965865e-01,3.490349648693227425e-11
9.999999999954614083e-01,4.538601109276522696e-12,9.999999999954614083e-01,4.538601109276523504e-12
9.999999999203141865e-01,7.968584050879436248e-11,9.999999999203141865e-01,7.968584050879436248e-11
7.171004187937926044e-01,2.828995812062073956e-01,7.171004187937926044e-01,2.828995812062073956e-01
9.978702591859639481e-01,2.129740814036121255e-03,9.978702591859639481e-01,2.129740814036121255e-03
9.998888664507017410e-01,1.111335492982466939e-04,9.998888664507018520e-01,1.111335492982467075e-04
9.999999999879028989e-01,1.209708840225712385e-11,9.999999999879028989e-01,1.209708840225712385e-11
9.999999999203141865e-01,7.968584050879436248e-11,9.999999999203141865e-01,7.968584050879437540e-11
9.999989299898902617e-01,1.070010109734934551e-06,9.999989299898903727e-01,1.070010109734934763e-06
9.999999845245973740e-01,1.547540266019399660e-08,9.999999845245973740e-01,1.547540266019399991e-08
9.999912770566484754e-01,8.722943351540689269e-06,9.999912770566483644e-01,8.722943351540687575e-06
9.999999999906338255e-01,9.366147881026150527e-12,9.999999999906339365e-01,9.366147881026152142e-12
9.999999999954550800e-01,4.544940010514135871e-12,9.999999999954549690e-01,4.544940010514135063e-12
9.995273477505109971e-01,4.726522494890490495e-04,9.995273477505109971e-01,4.726522494890490495e-04
9.999999999930926364e-01,6.907402739801234838e-12,9.999999999930926364e-01,6.907402739801235646e-12
9.999999698367983969e-01,3.016320162128398077e-08,9.999999698367982859e-01,3.016320162128397415e-08
3.307133096660502924e-177,1.000000000000000000e+00,3.307133096660502924e-177,1.000000000000000000e+00
1.024092157710953580e-07,9.999998975907842258e-01,1.024092157710953580e-07,9.999998975907842258e-01
1.271284399128308148e-312,1.000000000000000000e+00,1.181914658019073906e-316,1.000000000000000000e+00
1.000000000000000000e+00,1.183216471589301007e-306,2.350216348675133254e-154,1.000000000000000000e+00
1.909432868908195602e-06,9.999980905671310705e-01,1.909432868908195602e-06,9.999980905671310705e-01
4.600492363018045496e-46,1.000000000000000000e+00,4.600492363018045496e-46,1.000000000000000000e+00
1.000000000000000000e+00,4.600492363018045085e-36,9.999999998999999750e-11,9.999999998999999917e-01
5.000000000000000000e-01,5.000000000000000000e-01,4.049887249692999023e-274,1.000000000000000000e+00
1.000000000000000000e+00,4.049887249692999133e-264,9.999999998999999750e-11,9.999999998999999917e-01
5.000000000000000000e-01,5.000000000000000000e-01,4.144426515504699455e-113,1.000000000000000000e+00
1.000000000000000000e+00,4.144426515444390272e-103,1.004941833773519033e-297,1.000000000000000000e+00
1.000000000000000000e+00,1.004941833758895195e-287,9.999999998999999750e-11,9.999999998999999917e-01
5.000000000000000000e-01,5.000000000000000000e-01,1.090525985581179398e-279,1.000000000000000000e+00
1.000000000000000000e+00,1.090525985581179353e-269,9.999999998999999750e-11,9.999999998999999917e-01
5.000000000000000000e-01,5.000000000000000000e-01,7.171004187937926044e-01,2.828995812062073956e-01
3.205186936486595985e-05,9.999679481306350537e-01,3.205186936486595985e-05,9.999679481306351647e-01
4.237959541171850840e-04,9.995762040458827657e-01,4.237959541171850840e-04,9.995762040458827657e-01
9.999912770566484754e-01,8.722943351540689269e-06,9.999912770566484754e-01,8.722943351540689269e-06
9.999999992258554737e-01,7.741444924958626303e-10,9.999999992258553627e-01,7.741444924958627337e-10
7.171004187937926044e-01,2.828995812062073956e-01,7.171004187937926044e-01,2.828995812062073956e-01
4.237959541171850840e-04,9.995762040458827657e-01,4.237959541171850840e-04,9.995762040458828768e-01
1.331061532870315065e-10,9.999999998668938073e-01,1.331061532870315065e-10,9.999999998668938073e-01
3.118280795817128158e-12,9.999999999968817166e-01,3.118280795817127351e-12,9.999999999968817166e-01
1.167969407679412942e-17,1.000000000000000000e+00,1.167969407679413096e-17,1.000000000000000000e+00
3.325884209866683199e-184,1.000000000000000000e+00,1.059516537987745764e-192,1.000000000000000000e+00
1.000000000000000000e+00,1.059516541873080325e-182,1.066090575418624089e-296,1.000000000000000000e+00
1.000000000000000000e+00,1.066090575418624159e-286,6.045497240068946441e-108,1.000000000000000000e+00
2.418487454746348596e-100,1.000000000000000000e+00,2.418487454746348596e-100,1.000000000000000000e+00
1.280513414466977118e-29,1.000000000000000000e+00,1.280513414466977118e-29,1.000000000000000000e+00
9.999999999809390250e-01,1.906088483044513552e-11,9.999999999809390250e-01,1.906088483044513552e-11
2.660874160976113805e-54,1.000000000000000000e+00,2.660874160976113805e-54,1.000000000000000000e+00
3.802272892227976173e-93,1.000000000000000000e+00,3.802272892227976599e-93,1.000000000000000000e+00
3.397932514560491463e-80,1.000000000000000000e+00,3.397932514560491463e-80,1.000000000000000000e+00
1.729472159156367546e-86,1.000000000000000000e+00,1.729472159156367546e-86,1.000000000000000000e+00
9.999999999720921018e-01,2.790791985147401001e-11,9.999999999720921018e-01,2.790791985147400355e-11
9.999999999952163821e-01,4.783576317964525966e-12,9.999999999952164931e-01,4.783576317964526774e-12
9.999999999860557098e-01,1.394431753167856366e-11,9.999999999860557098e-01,1.394431753167856527e-11
9.887602347579522721e-01,1.123976524204770358e-02,9.887602347579523832e-01,1.123976524204770358e-02
9.999999999837737574e-01,1.622624383836942693e-11,9.999999999837738685e-01,1.622624383836943016e-11
9.999999999411371965e-01,5.886277232111930896e-11,9.999999999411371965e-01,5.886277232111930896e-11
9.999999352164864463e-01,6.478351360295754466e-08,9.999999352164864463e-01,6.478351360295754466e-08
9.999999999899414904e-01,1.005848122332064571e-11,9.999999999899416014e-01,1.005848122332064571e-11
9.999999999145518914e-11,9.999999998999999917e-01,9.086078500132140912e-01,9.139214998678588109e-02
5.000000000000000000e-01,5.000000000000000000e-01,9.999999998999999750e-11,9.999999998999999917e-01
5.000000000000000000e-01,5.000000000000000000e-01,9.999999998999999750e-11,9.999999998999999917e-01
5.000000000000000000e-01,5.000000000000000000e-01,1.181804777819438813e-316,1.000000000000000000e+00
1.000000000000000000e+00,1.181804777819438813e-306,1.133231708843610959e-217,1.000000000000000000e+00
9.978702591859639481e-01,2.129740814036121255e-03,9.978702591859638371e-01,2.129740814036121255e-03
9.999999999942684736e-01,5.731468574391403882e-12,9.999999999942685847e-01,5.731468574391404690e-12
9.999998453444800539e-01,1.546555199387388826e-07,9.999998453444800539e-01,1.546555199387388826e-07
9.999912770566484754e-01,8.722943351540689269e-06,9.999912770566484754e-01,8.722943351540689269e-06
9.999999999411371965e-01,5.886277232111930896e-11,9.999999999411373075e-01,5.886277232111932188e-11
8.800956425886403647e-125,1.000000000000000000e+00,8.800956425886402597e-125,1.000000000000000000e+00
3.802272892227976599e-93,1.000000000000000000e+00,3.802272892227976599e-93,1.000000000000000000e+00
9.999999960903752649e-01,3.909624719461175298e-09,9.999999960903752649e-01,3.909624719461174470e-09
7.552308208795004252e-14,9.999999999999245048e-01,7.552308208795004252e-14,9.999999999999245048e-01
7.552308208795004252e-14,9.999999999999245048e-01,7.552308208795004252e-14,9.999999999999245048e-01
9.999999998902971976e-01,1.097029182933491070e-10,9.999999998902970866e-01,1.097029182933491070e-10
6.877579828310446085e-27,1.000000000000000000e+00,6.877579828310446085e-27,1.000000000000000000e+00
9.999971298270136089e-01,2.870172986448142379e-06,9.999971298270136089e-01,2.870172986448141955e-06
9.999999698367983969e-01,3.016320162128398077e-08,9.999999698367983969e-01,3.016320162128397415e-08
9.999999999837737574e-01,1.622624383836943016e-11,9.999999999837738685e-01,1.622624383836943016e-11
1.909432868908195602e-06,9.999980905671310705e-01,1.909432868908196025e-06,9.999980905671311815e-01
9.999999999650965865e-01,3.490349648693227425e-11,9.999999999650964755e-01,3.490349648693227425e-11
9.999999999937111417e-01,6.288878759535914042e-12,9.999999999937110307e-01,6.288878759535914042e-12
2.900305680487600952e-42,1.000000000000000000e+00,2.900305680487600952e-42,1.000000000000000000e+00
9.999999998528751322e-01,1.471248556222005226e-10,9.999999998528752432e-01,1.471248556222005485e-10
9.999999999954932717e-01,4.506725468249469429e-12,9.999999999954931607e-01,4.506725468249469429e-12
9.999999992258554737e-01,7.741444924958627337e-10,9.999999992258555848e-01,7.741444924958627337e-10
1.024093259736573601e-07,9.999998975906739807e-01,1.024093259736573733e-07,9.999998975906739807e-01
9.999999999937111417e-01,6.288878759535914850e-12,9.999999999937111417e-01,6.288878759535914850e-12
5.646231525212654172e-22,1.000000000000000000e+00,5.646231525212654172e-22,1.000000000000000000e+00
9.525930785982880849e-64,1.000000000000000000e+00,9.525930785982880849e-64,1.000000000000000000e+00
8.282882430991953417e-39,1.000000000000000000e+00,8.282882430991952112e-39,1.000000000000000000e+00
1.024093259736573601e-07,9.999998975906739807e-01,1.024093259736573601e-07,9.999998975906739807e-01
9.999999987502280474e-01,1.249771974258892210e-09,9.999999987502280474e-01,1.249771974258892417e-09
9.352388814067828455e-59,1.000000000000000000e+00,9.352388814067828455e-59,1.000000000000000000e+00
9.999912770566484754e-01,8.722943351540689269e-06,9.999912770566484754e-01,8.722943351540687575e-06
1.909432868908195602e-06,9.999980905671310705e-01,1.909432868908195602e-06,9.999980905671311815e-01
9.887602347579523832e-01,1.123976524204770532e-02,9.887602347579522721e-01,1.123976524204770358e-02
9.999999992258555848e-01,7.741444924958627337e-10,9.999999992258554737e-01,7.741444924958627337e-10
9.999999999954550800e-01,4.544940010514135871e-12,9.999999999954550800e-01,4.544940010514135871e-12
9.999999999928261829e-01,7.173779663402244790e-12,9.999999999928262939e-01,7.173779663402246405e-12
9.999999999944297890e-01,5.570273398680857956e-12,9.999999999944296780e-01,5.570273398680857148e-12
9.999999996834015858e-01,3.165983998486476917e-10,9.999999996834016969e-01,3.165983998486477434e-10
9.999999998902970866e-01,1.097029182933491070e-10,9.999999998902970866e-01,1.097029182933491070e-10
9.998888664507017410e-01,1.111335492982467075e-04,9.998888664507017410e-01,1.111335492982466939e-04
9.999999999944296780e-01,5.570273398680856340e-12,9.999999999944297890e-01,5.570273398680857148e-12
9.999999999906338255e-01,9.366147881026150527e-12,9.999999999906338255e-01,9.366147881026150527e-12
9.999999999944296780e-01,5.570273398680856340e-12,9.999999999944296780e-01,5.570273398680856340e-12
9.452084402548475150e-01,5.479155974515254740e-02,9.452084402548475150e-01,5.479155974515254740e-02
9.999999999942015272e-01,5.798478635555416891e-12,9.999999999942014162e-01,5.798478635555416891e-12
9.999999698367983969e-01,3.016320162128398077e-08,9.999999698367983969e-01,3.016320162128397415e-08
9.999999998902970866e-01,1.097029182933491070e-10,9.999999998902969756e-01,1.097029182933490941e-10
9.999999995101670480e-01,4.898329619689137195e-10,9.999999995101670480e-01,4.898329619689137195e-10
9.999912770566484754e-01,8.722943351540689269e-06,9.999912770566484754e-01,8.722943351540689269e-06
9.978702591859638371e-01,2.129740814036121255e-03,9.978702591859638371e-01,2.129740814036121255e-03
9.978702591859639481e-01,2.129740814036121255e-03,9.978702591859639481e-01,2.129740814036121688e-03
9.995273477505108861e-01,4.726522494890490495e-04,9.995273477505109971e-01,4.726522494890491037e-04
9.887602347579522721e-01,1.123976524204770358e-02,9.887602347579522721e-01,1.123976524204770358e-02
7.171004187937926044e-01,2.828995812062073956e-01,7.171004187937926044e-01,2.828995812062073956e-01
5.075134280289634627e-03,9.949248657197103940e-01,5.075134280289634627e-03,9.949248657197105050e-01
1.909432868908195602e-06,9.999980905671310705e-01,1.909432868908195602e-06,9.999980905671310705e-01
9.999971298270136089e-01,2.870172986448142379e-06,9.999971298270134978e-01,2.870172986448141955e-06
9.999999999923986360e-01,7.601346801630824027e-12,9.999999999923987470e-01,7.601346801630825643e-12
9.999999698367983969e-01,3.016320162128397415e-08,9.999999698367983969e-01,3.016320162128397415e-08
9.999999999952163821e-01,4.783576317964525966e-12,9.999999999952164931e-01,4.783576317964525966e-12
9.998888664507017410e-01,1.111335492982467075e-04,9.998888664507018520e-01,1.111335492982467075e-04
9.999999997909722049e-01,2.090278510371158602e-10,9.999999997909720939e-01,2.090278510371158602e-10
9.999999960903752649e-01,3.909624719461175298e-09,9.999999960903752649e-01,3.909624719461175298e-09
9.999999698367983969e-01,3.016320162128397415e-08,9.999999698367982859e-01,3.016320162128397415e-08
8.800956425886403647e-125,1.000000000000000000e+00,8.800956425886402597e-125,1.000000000000000000e+00
2.418487454746348596e-100,1.000000000000000000e+00,2.418487454746348596e-100,1.000000000000000000e+00
2.900305680487600952e-42,1.000000000000000000e+00,2.900305680487600952e-42,1.000000000000000000e+00
1.909432868908195602e-06,9.999980905671310705e-01,1.909432868908195602e-06,9.999980905671310705e-01
9.999999999773965254e-01,2.260333082440866689e-11,9.999999999773967474e-01,2.260333082440867335e-11
9.999999999860557098e-01,1.394431753167856366e-11,9.999999999860557098e-01,1.394431753167856527e-11
9.999999999952834395e-01,4.716556624748106862e-12,9.999999999952834395e-01,4.716556624748106862e-12
9.999999999894058078e-01,1.059421469870005238e-11,9.999999999894056968e-01,1.059421469870005238e-11
9.999999999899356062e-01,1.006436526557536659e-11,9.999999999899356062e-01,1.006436526557536659e-11
9.999696545150293936e-01,3.034548497055940993e-05,9.999696545150295046e-01,3.034548497055941332e-05
9.525930785982880849e-64,1.000000000000000000e+00,9.525930785982880849e-64,1.000000000000000000e+00
9.999999960903752649e-01,3.909624719461175298e-09,9.999999960903752649e-01,3.909624719461174470e-09
9.887602347579522721e-01,1.123976524204770185e-02,9.887602347579522721e-01,1.123976524204770185e-02
9.999999995101670480e-01,4.898329619689137195e-10,9.999999995101669370e-01,4.898329619689137195e-10
9.999999998902970866e-01,1.097029182933490941e-10,9.999999998902969756e-01,1.097029182933490941e-10
9.999971298270134978e-01,2.870172986448141955e-06,9.999971298270136089e-01,2.870172986448142379e-06
9.999999960903752649e-01,3.909624719461175298e-09,9.999999960903752649e-01,3.909624719461175298e-09
1.000000003814465237e-10,9.999999998999999917e-01,2.493998989822952123e-02,9.750600101017704580e-01
5.000000000000000000e-01,5.000000000000000000e-01,9.999999998999999750e-11,9.999999998999999917e-01
5.000000000000000000e-01,5.000000000000000000e-01,3.146899766132839266e-302,1.000000000000000000e+00
1.000000000000000000e+00,3.146899766132839372e-292,9.999999998999999750e-11,9.999999998999999917e-01
5.000000000000000000e-01,5.000000000000000000e-01,9.999999998999999750e-11,9.999999998999999917e-01
5.000000000000000000e-01,5.000000000000000000e-01,9.999999998999999750e-11,9.999999998999999917e-01
5.000000000000000000e-01,5.000000000000000000e-01,1.438798024040928220e-74,1.000000000000000000e+00
7.178812205265226666e-07,9.999992821187795311e-01,8.282882430991952112e-39,1.000000000000000000e+00
3.118280795817127755e-12,9.999999999968817166e-01,3.118280795817128158e-12,9.999999999968818276e-01
2.411949648358555544e-24,1.000000000000000000e+00,2.411949648358555544e-24,1.000000000000000000e+00
3.205186936486595985e-05,9.999679481306350537e-01,3.205186936486595985e-05,9.999679481306351647e-01
9.999999960903753760e-01,3.909624719461175298e-09,9.999999960903752649e-01,3.909624719461174470e-09
1.909432868908195602e-06,9.999980905671310705e-01,1.909432868908195602e-06,9.999980905671310705e-01
1.204632648621563613e-17,1.000000000000000000e+00,1.204632648621563613e-17,1.000000000000000000e+00
4.238036665501944269e-09,9.999999957619634117e-01,4.238036665501944269e-09,9.999999957619634117e-01
9.999996165851599006e-01,3.834148400727698688e-07,9.999996165851599006e-01,3.834148400727698688e-07
1.037877050533103316e-152,1.000000000000000000e+00,3.506674562919306087e-147,1.000000000000000000e+00
8.067095926732147268e-65,1.000000000000000000e+00,1.133231708843610959e-217,1.000000000000000000e+00
3.205186263423186372e-05,9.999679481373657808e-01,3.205186263423186372e-05,9.999679481373657808e-01
6.360501119841896680e-85,1.000000000000000000e+00,3.033269417837449343e-88,1.000000000000000000e+00
1.000000000000000000e+00,3.237038104074722980e-78,9.999999998999999750e-11,9.999999998999999917e-01
5.000000000000000000e-01,5.000000000000000000e-01,9.999999998999999750e-11,9.999999998999999917e-01
5.000000000000000000e-01,5.000000000000000000e-01,3.146899766270219325e-302,1.000000000000000000e+00
1.000000000000000000e+00,3.146899766316012348e-292,9.999999998999999750e-11,9.999999998999999917e-01
5.000000000000000000e-01,5.000000000000000000e-01,9.999999998999999750e-11,9.999999998999999917e-01
5.000000000000000000e-01,5.000000000000000000e-01,9.999999998999999750e-11,9.999999998999999917e-01
5.000000000000000000e-01,5.000000000000000000e-01,1.909432868908195602e-06,9.999980905671310705e-01
4.701494535626959959e-02,9.529850546437304004e-01,4.701494535626959959e-02,9.529850546437304004e-01
9.999999992258555848e-01,7.741444924958628371e-10,9.999999992258555848e-01,7.741444924958627337e-10
4.701494535626959265e-02,9.529850546437304004e-01,4.701494535626959959e-02,9.529850546437304004e-01
9.999999999860555988e-01,1.394431753167856366e-11,9.999999999860557098e-01,1.394431753167856366e-11
9.999999352164864463e-01,6.478351360295755789e-08,9.999999352164864463e-01,6.478351360295754466e-08
2.800694639660818996e-01,7.199305360339181004e-01,2.800694639660819552e-01,7.199305360339181004e-01
1.024093259736573601e-07,9.999998975906739807e-01,1.024093259736573733e-07,9.999998975906740917e-01
2.411949648358555911e-24,1.000000000000000000e+00,2.411949648358555911e-24,1.000000000000000000e+00
9.999999992258555848e-01,7.741444924958628371e-10,9.999999992258554737e-01,7.741444924958627337e-10
9.999999999650964755e-01,3.490349648693227425e-11,9.999999999650964755e-01,3.490349648693227425e-11
9.999989299898902617e-01,1.070010109734934551e-06,9.999989299898902617e-01,1.070010109734934551e-06
9.999999999203141865e-01,7.968584050879436248e-11,9.999999999203141865e-01,7.968584050879436248e-11
9.999999999933496531e-01,6.650344746761938918e-12,9.999999999933496531e-01,6.650344746761938918e-12
9.352388814067828455e-59,1.000000000000000000e+00,9.352388814067828455e-59,1.000000000000000000e+00
7.171004187937926044e-01,2.828995812062073401e-01,7.171004187937926044e-01,2.828995812062073956e-01
9.999999999954932717e-01,4.506725468249469429e-12,9.999999999954933827e-01,4.506725468249470237e-12
9.012425899552200041e-20,1.000000000000000000e+00,9.012425899552201245e-20,1.000000000000000000e+00
2.660874160976113805e-54,1.000000000000000000e+00,2.660874160976113805e-54,1.000000000000000000e+00
4.238036665501944269e-09,9.999999957619634117e-01,4.238036665501944269e-09,9.999999957619634117e-01
9.978702591859639481e-01,2.129740814036121688e-03,9.978702591859639481e-01,2.129740814036121255e-03
9.999912770566484754e-01,8.722943351540689269e-06,9.999912770566484754e-01,8.722943351540689269e-06
9.999989299898902617e-01,1.070010109734934551e-06,9.999989299898901507e-01,1.070010109734934551e-06
9.999999998528752432e-01,1.471248556222005226e-10,9.999999998528751322e-01,1.471248556222005226e-10
9.999999999940604178e-01,5.939534100323804234e-12,9.999999999940604178e-01,5.939534100323803426e-12
9.999999960903752649e-01,3.909624719461174470e-09,9.999999960903752649e-01,3.909624719461175298e-09
9.999999999955205832e-01,4.479402961216933990e-12,9.999999999955204721e-01,4.479402961216933990e-12
9.999999845245973740e-01,1.547540266019399660e-08,9.999999845245973740e-01,1.547540266019399660e-08
9.999998453444800539e-01,1.546555199387389090e-07,9.999998453444801649e-01,1.546555199387388826e-07
9.999996165722054853e-01,3.834277945064682940e-07,9.999996165722054853e-01,3.834277945064683469e-07
9.887602347579522721e-01,1.123976524204770358e-02,9.887602347579523832e-01,1.123976524204770358e-02
9.999999998528751322e-01,1.471248556222005485e-10,9.999999998528751322e-01,1.471248556222004968e-10
9.999999978183631288e-01,2.181636925044639813e-09,9.999999978183631288e-01,2.181636925044639813e-09
9.999912770566484754e-01,8.722943351540687575e-06,9.999912770566484754e-01,8.722943351540687575e-06
9.999999999899356062e-01,1.006436526557536659e-11,9.999999999899356062e-01,1.006436526557536659e-11
9.999999999905299086e-01,9.470110774942860689e-12,9.999999999905299086e-01,9.470110774942862304e-12
9.999999999937111417e-01,6.288878759535914850e-12,9.999999999937110307e-01,6.288878759535914042e-12
9.999999992258554737e-01,7.741444924958627337e-10,9.999999992258554737e-01,7.741444924958627337e-10
9.999999698367983969e-01,3.016320162128397415e-08,9.999999698367983969e-01,3.016320162128397415e-08
9.999999352164863353e-01,6.478351360295754466e-08,9.999999352164864463e-01,6.478351360295754466e-08
9.999999999894058078e-01,1.059421469870005238e-11,9.999999999894056968e-01,1.059421469870004915e-11
9.999999999945707874e-01,5.429193516044923935e-12,9.999999999945707874e-01,5.429193516044923935e-12
9.999999999928261829e-01,7.173779663402244790e-12,9.999999999928261829e-01,7.173779663402245597e-12
9.999912770566484754e-01,8.722943351540687575e-06,9.999912770566484754e-01,8.722943351540687575e-06
9.999999352164864463e-01,6.478351360295755789e-08,9.999999352164863353e-01,6.478351360295753142e-08
9.999999996834015858e-01,3.165983998486477434e-10,9.999999996834015858e-01,3.165983998486476917e-10
9.999999998902970866e-01,1.097029182933491070e-10,9.999999998902970866e-01,1.097029182933491070e-10
9.999999999937111417e-01,6.288878759535914850e-12,9.999999999937111417e-01,6.288878759535914042e-12
9.999999352164864463e-01,6.478351360295754466e-08,9.999999352164864463e-01,6.478351360295755789e-08
9.999999999941007189e-01,5.899290110926180300e-12,9.999999999941008300e-01,5.899290110926181108e-12
9.999999698367983969e-01,3.016320162128398077e-08,9.999999698367983969e-01,3.016320162128398077e-08
9.999999978183630178e-01,2.181636925044639399e-09,9.999999978183630178e-01,2.181636925044639399e-09
9.999999999906338255e-01,9.366147881026150527e-12,9.999999999906339365e-01,9.366147881026148911e-12
9.999912770566484754e-01,8.722943351540687575e-06,9.999912770566483644e-01,8.722943351540687575e-06
9.999999996834015858e-01,3.165983998486476917e-10,9.999999996834015858e-01,3.165983998486477434e-10
9.999999999906338255e-01,9.366147881026148911e-12,9.999999999906339365e-01,9.366147881026150527e-12
4.701494535626959959e-02,9.529850546437304004e-01,4.701494535626959959e-02,9.529850546437304004e-01
9.999996165722054853e-01,3.834277945064683469e-07,9.999996165722054853e-01,3.834277945064683469e-07
9.999999923441931227e-01,7.655806880159441558e-09,9.999999923441931227e-01,7.655806880159439903e-09
9.999999999955432317e-01,4.456731138890891663e-12,9.999999999955433427e-01,4.456731138890891663e-12
9.999999999953217422e-01,4.678158430719900854e-12,9.999999999953218532e-01,4.678158430719900854e-12
9.887602347579522721e-01,1.123976524204770358e-02,9.887602347579522721e-01,1.123976524204770185e-02
9.999999999955433427e-01,4.456731138890891663e-12,9.999999999955433427e-01,4.456731138890891663e-12
9.999999999923419036e-01,7.658139894305021288e-12,9.999999999923419036e-01,7.658139894305021288e-12
5.075134280289634627e-03,9.949248657197103940e-01,5.075134280289633759e-03,9.949248657197102830e-01
1.331061532870315065e-10,9.999999998668938073e-01,1.331061532870315065e-10,9.999999998668938073e-01
2.800694639660818996e-01,7.199305360339179893e-01,2.800694639660818996e-01,7.199305360339181004e-01
9.999912770566484754e-01,8.722943351540687575e-06,9.999912770566484754e-01,8.722943351540687575e-06
5.075134280289633759e-03,9.949248657197103940e-01,5.075134280289634627e-03,9.949248657197103940e-01
9.999998453444800539e-01,1.546555199387388826e-07,9.999998453444801649e-01,1.546555199387388826e-07
9.887602347579522721e-01,1.123976524204770185e-02,9.887602347579522721e-01,1.123976524204770185e-02
9.999999992258555848e-01,7.741444924958627337e-10,9.999999992258554737e-01,7.741444924958626303e-10
9.999999999916409088e-01,8.359062569314931437e-12,9.999999999916409088e-01,8.359062569314931437e-12
9.999999999411371965e-01,5.886277232111930896e-11,9.999999999411370855e-01,5.886277232111930896e-11
9.999999999928261829e-01,7.173779663402245597e-12,9.999999999928262939e-01,7.173779663402245597e-12
9.999999999943958162e-01,5.604174516224689406e-12,9.999999999943958162e-01,5.604174516224690214e-12
9.999999997909720939e-01,2.090278510371158343e-10,9.999999997909722049e-01,2.090278510371158602e-10
9.999999999928261829e-01,7.173779663402244790e-12,9.999999999928261829e-01,7.173779663402245597e-12
9.999999998902970866e-01,1.097029182933491070e-10,9.999999998902970866e-01,1.097029182933490941e-10
9.999999999944296780e-01,5.570273398680857148e-12,9.999999999944296780e-01,5.570273398680856340e-12
9.999999978183631288e-01,2.181636925044639399e-09,9.999999978183631288e-01,2.181636925044639399e-09
9.999999923441931227e-01,7.655806880159441558e-09,9.999999923441931227e-01,7.655806880159441558e-09
9.999999995101670480e-01,4.898329619689137195e-10,9.999999995101670480e-01,4.898329619689138229e-10
9.999999999953218532e-01,4.678158430719900854e-12,9.999999999953218532e-01,4.678158430719900046e-12
9.999999999720921018e-01,2.790791985147400355e-11,9.999999999720919908e-01,2.790791985147400355e-11
9.999999999950521801e-01,4.947834189859316537e-12,9.999999999950521801e-01,4.947834189859315730e-12
9.999999997909720939e-01,2.090278510371158343e-10,9.999999997909722049e-01,2.090278510371158602e-10
9.999999999542145135e-01,4.578553539551429544e-11,9.999999999542144025e-01,4.578553539551429544e-11
9.999999999203141865e-01,7.968584050879437540e-11,9.999999999203140755e-01,7.968584050879436248e-11
9.999999999951999508e-01,4.800040419931763872e-12,9.999999999951999508e-01,4.800040419931763872e-12
9.998888664507017410e-01,1.111335492982467075e-04,9.998888664507017410e-01,1.111335492982467075e-04
1.331061532870315065e-10,9.999999998668939183e-01,1.331061532870315065e-10,9.999999998668939183e-01
4.238036665501943442e-09,9.999999957619633006e-01,4.238036665501944269e-09,9.999999957619633006e-01
9.012425899552198837e-20,1.000000000000000000e+00,9.012425899552200041e-20,1.000000000000000000e+00
9.995273477505109971e-01,4.726522494890490495e-04,9.995273477505109971e-01,4.726522494890490495e-04
5.646231525212654172e-22,1.000000000000000000e+00,5.646231525212654172e-22,1.000000000000000000e+00
7.552308208795005515e-14,9.999999999999245048e-01,7.552308208795004252e-14,9.999999999999245048e-01
4.237959541171850840e-04,9.995762040458827657e-01,4.237959541171850298e-04,9.995762040458827657e-01
3.205186936486595985e-05,9.999679481306351647e-01,3.205186936486595307e-05,9.999679481306350537e-01
9.999971298270136089e-01,2.870172986448141955e-06,9.999971298270134978e-01,2.870172986448141955e-06
9.998888664507017410e-01,1.111335492982466939e-04,9.998888664507017410e-01,1.111335492982466939e-04
4.238036665501944269e-09,9.999999957619634117e-01,4.238036665501943442e-09,9.999999957619633006e-01
1.795135332008892487e-104,1.000000000000000000e+00,1.795135332008892487e-104,1.000000000000000000e+00
1.000000000000000000e+00,1.795135332008892710e-94,1.181804777819438813e-316,1.000000000000000000e+00
1.000000000000000000e+00,1.181804777819438813e-306,1.181804777819438813e-316,1.000000000000000000e+00
1.000000000000000000e+00,1.181804777819438813e-306,3.307133096660502924e-177,1.000000000000000000e+00
1.911837754375327127e-32,1.000000000000000000e+00,1.911837754375327127e-32,1.000000000000000000e+00
9.999999999955432317e-01,4.456731138890891663e-12,9.999999999955433427e-01,4.456731138890892471e-12
9.999999999905299086e-01,9.470110774942860689e-12,9.999999999905299086e-01,9.470110774942860689e-12
9.999999999915555327e-01,8.444435846311211020e-12,9.999999999915555327e-01,8.444435846311212636e-12
9.999999996834015858e-01,3.165983998486477434e-10,9.999999996834015858e-01,3.165983998486477434e-10
9.999999999952834395e-01,4.716556624748106862e-12,9.999999999952834395e-01,4.716556624748106862e-12
9.999989299898902617e-01,1.070010109734934763e-06,9.999989299898902617e-01,1.070010109734934551e-06
9.999999845245973740e-01,1.547540266019399660e-08,9.999999845245973740e-01,1.547540266019399660e-08
9.999999999953218532e-01,4.678158430719900854e-12,9.999999999953219643e-01,4.678158430719901662e-12
9.999999999946251883e-01,5.374910414105837471e-12,9.999999999946250773e-01,5.374910414105836663e-12
9.999999999953217422e-01,4.678158430719900854e-12,9.999999999953217422e-01,4.678158430719900854e-12
1.667541369840949103e-240,1.000000000000000000e+00,1.667541369840948837e-240,1.000000000000000000e+00
6.954038994287315181e-21,1.000000000000000000e+00,4.668795334969146399e-140,1.000000000000000000e+00
1.000000000000000000e+00,4.668795335037085849e-130,9.999999998999999750e-11,9.999999998999999917e-01
5.000000000000000000e-01,5.000000000000000000e-01,9.999999998999999750e-11,9.999999998999999917e-01
5.000000000000000000e-01,5.000000000000000000e-01,1.066090575418624089e-296,1.000000000000000000e+00
1.000000000000000000e+00,1.066090575418624159e-286,9.999999998999999750e-11,9.999999998999999917e-01
5.000000000000000000e-01,5.000000000000000000e-01,1.194807539983210626e-104,1.000000000000000000e+00
1.000000000000000000e+00,1.194807540000597288e-94,9.999999998999999750e-11,9.999999998999999917e-01
5.000000000000000000e-01,5.000000000000000000e-01,2.766201538922248141e-212,1.000000000000000000e+00
1.000000000000000000e+00,2.766201538922248057e-202,4.668795334969146399e-140,1.000000000000000000e+00
6.108917858869044224e-119,1.000000000000000000e+00,9.589814185778595422e-321,1.000000000000000000e+00
5.761245504246271165e-05,9.999423875449575672e-01,2.091967986343808842e-89,1.000000000000000000e+00
1.000000000000000000e+00,2.091967986313366883e-79,8.150702484061950312e-248,1.000000000000000000e+00
1.000000000000000000e+00,8.150702484180556793e-238,9.999999998999999750e-11,9.999999998999999917e-01
5.000000000000000000e-01,5.000000000000000000e-01,2.134070458420012318e-93,1.000000000000000000e+00
1.000000000000000000e+00,2.134070458420012293e-83,9.999999998999999750e-11,9.999999998999999917e-01
5.000000000000000000e-01,5.000000000000000000e-01,9.999999998999999750e-11,9.999999998999999917e-01
5.000000000000000000e-01,5.000000000000000000e-01,9.999999998999999750e-11,9.999999998999999917e-01
5.000000000000000000e-01,5.000000000000000000e-01,5.592733038504423729e-233,1.000000000000000000e+00
4.109082433261002825e-50,1.000000000000000000e+00,4.109082433261003300e-50,1.000000000000000000e+00
2.418487454746348596e-100,1.000000000000000000e+00,2.418487454746348596e-100,1.000000000000000000e+00
3.397932514560491463e-80,1.000000000000000000e+00,3.397932514560491463e-80,1.000000000000000000e+00
5.592733038505962111e-233,1.000000000000000000e+00,5.592733038504423729e-233,1.000000000000000000e+00
1.124671678063464592e-38,1.000000000000000000e+00,1.124671678063464723e-38,1.000000000000000000e+00
1.950935488955455200e-41,1.000000000000000000e+00,3.190311046514275645e-63,1.000000000000000000e+00
2.699105477364169114e-66,1.000000000000000000e+00,1.861781224370963109e-250,1.000000000000000000e+00
1.000000000000000000e+00,4.198545474984899871e-142,1.133231708843610959e-217,1.000000000000000000e+00
3.869696153037837209e-116,1.000000000000000000e+00,3.869696153037837773e-116,1.000000000000000000e+00
1.911837754375326853e-32,1.000000000000000000e+00,1.911837754375327127e-32,1.000000000000000000e+00
2.660874160976113805e-54,1.000000000000000000e+00,2.660874160976113805e-54,1.000000000000000000e+00
1.807898221838877131e-35,1.000000000000000000e+00,1.807898221838876864e-35,1.000000000000000000e+00
9.525930785982882198e-64,1.000000000000000000e+00,9.525930785982880849e-64,1.000000000000000000e+00
8.282882430991952112e-39,1.000000000000000000e+00,8.282882430991952112e-39,1.000000000000000000e+00
9.525930785982882198e-64,1.000000000000000000e+00,9.525930785982880849e-64,1.000000000000000000e+00
2.660874160976113805e-54,1.000000000000000000e+00,2.660874160976113805e-54,1.000000000000000000e+00
1.000000000000000000e+00,2.660874161014834165e-44,2.190368571310306412e-308,1.000000000000000000e+00
1.000000000000000000e+00,2.190368571278432222e-298,1.461191755192617838e-89,1.000000000000000000e+00
1.461191755171354858e-79,1.000000000000000000e+00,2.418487454746348596e-100,1.000000000000000000e+00
1.911837754375327127e-32,1.000000000000000000e+00,1.911837754375327127e-32,1.000000000000000000e+00
3.869696153037837773e-116,1.000000000000000000e+00,3.869696153037837773e-116,1.000000000000000000e+00
4.600492363018045496e-46,1.000000000000000000e+00,4.600492363018045496e-46,1.000000000000000000e+00
1.024093259736573733e-07,9.999998975906740917e-01,1.024093259736573601e-07,9.999998975906739807e-01
1.909432868908195602e-06,9.999980905671310705e-01,1.909432868908196025e-06,9.999980905671311815e-01
5.075134280289633759e-03,9.949248657197102830e-01,5.075134280289633759e-03,9.949248657197103940e-01
8.282882430991952112e-39,1.000000000000000000e+00,8.282882430991953417e-39,1.000000000000000000e+00
3.802272892227977025e-93,1.000000000000000000e+00,3.802272892227976599e-93,1.000000000000000000e+00
1.000000000000000000e+00,3.802272892172646132e-83,1.461830954040334708e-244,1.000000000000000000e+00
1.000000000000000000e+00,1.461830954040334548e-234,9.999999998999999750e-11,9.999999998999999917e-01
5.000000000000000000e-01,5.000000000000000000e-01,9.999999998999999750e-11,9.999999998999999917e-01
5.000000000000000000e-01,5.000000000000000000e-01,9.999999998999999750e-11,9.999999998999999917e-01
5.000000000000000000e-01,5.000000000000000000e-01,4.238036665501944269e-09,9.999999957619634117e-01
9.012425899552198837e-20,1.000000000000000000e+00,9.012425899552200041e-20,1.000000000000000000e+00
6.877579828310446085e-27,1.000000000000000000e+00,6.877579828310446085e-27,1.000000000000000000e+00
1.382014511055849801e-138,1.000000000000000000e+00,1.382014511055850100e-138,1.000000000000000000e+00
1.000000000000000000e+00,7.058583567100640972e-51,3.448578207971900878e-321,1.000000000000000000e+00
1.000000000000000000e+00,1.382014511035739041e-128,2.091967986343808842e-89,1.000000000000000000e+00
1.000000000000000000e+00,2.091967986313366883e-79,9.999999998999999750e-11,9.999999998999999917e-01
5.000000000000000000e-01,5.000000000000000000e-01,9.999999998999999750e-11,9.999999998999999917e-01
5.000000000000000000e-01,5.000000000000000000e-01,9.999999998999999750e-11,9.999999998999999917e-01
5.000000000000000000e-01,5.000000000000000000e-01,9.999999998999999750e-11,9.999999998999999917e-01
5.000000000000000000e-01,5.000000000000000000e-01,9.999999998999999750e-11,9.999999998999999917e-01
5.000000000000000000e-01,5.000000000000000000e-01,1.181804777819438813e-316,1.000000000000000000e+00
1.000000000000000000e+00,1.181804777819438813e-306,4.550328376398169963e-280,1.000000000000000000e+00
1.000000000000000000e+00,4.550328376464385280e-270,4.731632847477742900e-267,1.000000000000000000e+00
1.000000000000000000e+00,4.731632847408888415e-257,9.999999998999999750e-11,9.999999998999999917e-01
5.000000000000000000e-01,5.000000000000000000e-01,9.999999998999999750e-11,9.999999998999999917e-01
5.000000000000000000e-01,5.000000000000000000e-01,3.636007488741473036e-172,1.000000000000000000e+00
1.014683611027828394e-11,9.999999999898532277e-01,1.807898221838876864e-35,1.000000000000000000e+00
4.600492363018045496e-46,1.000000000000000000e+00,4.600492363018045496e-46,1.000000000000000000e+00
5.592733038504423729e-233,1.000000000000000000e+00,5.592733038504423729e-233,1.000000000000000000e+00
1.000000000000000000e+00,5.592733038423038568e-223,6.232626088398370454e-170,1.000000000000000000e+00
1.000000000000000000e+00,6.232626088398370409e-160,9.999999998999999750e-11,9.999999998999999917e-01
5.000000000000000000e-01,5.000000000000000000e-01,9.999999998999999750e-11,9.999999998999999917e-01
5.000000000000000000e-01,5.000000000000000000e-01,9.999999998999999750e-11,9.999999998999999917e-01
5.000000000000000000e-01,5.000000000000000000e-01,2.997781153680229134e-233,1.000000000000000000e+00
1.000000000000000000e+00,2.997781153636605446e-223,2.106042930161596515e-157,1.000000000000000000e+00
2.106042930161596490e-147,1.000000000000000000e+00,3.869696153037837773e-116,1.000000000000000000e+00
1.000000000000000000e+00,3.869696153037837481e-106,2.868567708349345610e-249,1.000000000000000000e+00
6.717136266996703930e-74,1.000000000000000000e+00,6.679282556733809653e-74,1.000000000000000000e+00
2.133089217564813552e-132,1.000000000000000000e+00,5.354445471441098181e-162,1.000000000000000000e+00
1.000000000000000000e+00,5.354445471441097747e-152,9.999999998999999750e-11,9.999999998999999917e-01
5.000000000000000000e-01,5.000000000000000000e-01,2.766201538962501656e-212,1.000000000000000000e+00
1.000000000000000000e+00,2.766201538962501683e-202,1.509990883018561017e-157,1.000000000000000000e+00
5.065294533136349953e-13,9.999999999994934052e-01,3.397932514560491463e-80,1.000000000000000000e+00
6.508554717770752254e-69,1.000000000000000000e+00,6.508554717770752254e-69,1.000000000000000000e+00
1.807898221838876864e-35,1.000000000000000000e+00,1.807898221838876864e-35,1.000000000000000000e+00
2.900305680487600952e-42,1.000000000000000000e+00,2.900305680487600952e-42,1.000000000000000000e+00
5.528717696061447689e-131,1.000000000000000000e+00,5.528717696061446688e-131,1.000000000000000000e+00
1.000000000000000000e+00,2.083461917550802117e-44,2.190368571310306412e-308,1.000000000000000000e+00
2.852916141593875648e-154,1.000000000000000000e+00,2.359987173799592466e-269,1.000000000000000000e+00
2.359987173799592357e-259,1.000000000000000000e+00,9.999999998999999750e-11,9.999999998999999917e-01
1.000000000000000000e+00,2.359987173765250051e-259,2.187711783479916359e-76,1.000000000000000000e+00
2.187711783511751492e-66,1.000000000000000000e+00,8.282882430991952112e-39,1.000000000000000000e+00
1.807898221838877131e-35,1.000000000000000000e+00,1.807898221838876864e-35,1.000000000000000000e+00
2.165113646084434009e-74,1.000000000000000000e+00,2.165113646084434402e-74,1.000000000000000000e+00
4.237959541171850840e-04,9.995762040458828768e-01,4.237959541171850298e-04,9.995762040458827657e-01
2.800694639660819552e-01,7.199305360339181004e-01,2.800694639660818996e-01,7.199305360339181004e-01
9.999999960903752649e-01,3.909624719461175298e-09,9.999999960903753760e-01,3.909624719461175298e-09
9.978702591859638371e-01,2.129740814036121255e-03,9.978702591859638371e-01,2.129740814036121255e-03
9.999999845245972629e-01,1.547540266019399329e-08,9.999999845245972629e-01,1.547540266019399660e-08
9.452084402548474040e-01,5.479155974515255434e-02,9.452084402548474040e-01,5.479155974515255434e-02
1.280513414466977118e-29,1.000000000000000000e+00,1.280513414466977118e-29,1.000000000000000000e+00
6.045497240068947197e-108,1.000000000000000000e+00,6.045497240068946441e-108,1.000000000000000000e+00
4.237959541171850840e-04,9.995762040458827657e-01,4.237959541171850298e-04,9.995762040458827657e-01
4.600492363018045496e-46,1.000000000000000000e+00,4.600492363018045496e-46,1.000000000000000000e+00
9.352388814067828455e-59,1.000000000000000000e+00,9.352388814067828455e-59,1.000000000000000000e+00
6.508554717770752254e-69,1.000000000000000000e+00,6.508554717770752254e-69,1.000000000000000000e+00
2.418487454746348596e-100,1.000000000000000000e+00,2.418487454746348596e-100,1.000000000000000000e+00
8.800956425886402597e-125,1.000000000000000000e+00,8.800956425886403647e-125,1.000000000000000000e+00
9.438928158119736681e-16,9.999999999999990008e-01,9.438928158119736681e-16,9.999999999999991118e-01
4.600492363018046273e-46,1.000000000000000000e+00,4.600492363018045496e-46,1.000000000000000000e+00
1.729472159156367546e-86,1.000000000000000000e+00,1.729472159156367546e-86,1.000000000000000000e+00
4.109082433261002825e-50,1.000000000000000000e+00,4.109082433261003300e-50,1.000000000000000000e+00
6.877579828310444650e-27,1.000000000000000000e+00,6.877579828310446085e-27,1.000000000000000000e+00
9.525930785982880849e-64,1.000000000000000000e+00,9.525930785982880849e-64,1.000000000000000000e+00
6.508554717770752254e-69,1.000000000000000000e+00,6.508554717770752254e-69,1.000000000000000000e+00
1.024093259736573601e-07,9.999998975906739807e-01,1.024093259736573601e-07,9.999998975906739807e-01
2.660874160976113805e-54,1.000000000000000000e+00,2.660874160976113805e-54,1.000000000000000000e+00
1.729472159156367546e-86,1.000000000000000000e+00,1.729472159156367546e-86,1.000000000000000000e+00
5.646231525212654172e-22,1.000000000000000000e+00,5.646231525212654172e-22,1.000000000000000000e+00
6.877579828310446085e-27,1.000000000000000000e+00,6.877579828310446085e-27,1.000000000000000000e+00
4.701494535626959959e-02,9.529850546437302894e-01,4.701494535626960652e-02,9.529850546437305114e-01
2.647869429135044998e-203,1.000000000000000000e+00,2.647869429135044998e-203,1.000000000000000000e+00
1.000000000000000000e+00,2.647869429135045063e-193,8.800956425886403647e-125,1.000000000000000000e+00
4.237959541171851382e-04,9.995762040458827657e-01,4.237959541171850298e-04,9.995762040458827657e-01
1.280513414466977399e-29,1.000000000000000000e+00,1.280513414466977399e-29,1.000000000000000000e+00
8.800956425886404697e-125,1.000000000000000000e+00,8.800956425886403647e-125,1.000000000000000000e+00
3.307133096660502924e-177,1.000000000000000000e+00,3.307133096660502924e-177,1.000000000000000000e+00
4.500959010898308652e-134,1.000000000000000000e+00,4.500959010898248043e-134,1.000000000000000000e+00
3.397932514560492212e-80,1.000000000000000000e+00,3.397932514560491463e-80,1.000000000000000000e+00
6.045497240068946441e-108,1.000000000000000000e+00,6.045497240068946441e-108,1.000000000000000000e+00
9.352388814067828455e-59,1.000000000000000000e+00,9.352388814067828455e-59,1.000000000000000000e+00
7.552308208795004252e-14,9.999999999999245048e-01,7.552308208795004252e-14,9.999999999999245048e-01
5.075134280289633759e-03,9.949248657197103940e-01,5.075134280289634627e-03,9.949248657197103940e-01
2.900305680487601590e-42,1.000000000000000000e+00,2.900305680487601590e-42,1.000000000000000000e+00
6.508554717770752254e-69,1.000000000000000000e+00,6.508554717770752254e-69,1.000000000000000000e+00
6.508554717770752254e-69,1.000000000000000000e+00,6.508554717770752254e-69,1.000000000000000000e+00
4.600492363018045496e-46,1.000000000000000000e+00,4.600492363018045496e-46,1.000000000000000000e+00
4.600492363018045496e-46,1.000000000000000000e+00,4.600492363018045496e-46,1.000000000000000000e+00
8.282882430991952112e-39,1.000000000000000000e+00,8.282882430991952112e-39,1.000000000000000000e+00
3.307133096660503362e-177,1.000000000000000000e+00,3.307133096660502924e-177,1.000000000000000000e+00
8.800956425886403647e-125,1.000000000000000000e+00,8.800956425886403647e-125,1.000000000000000000e+00
2.660874160976113805e-54,1.000000000000000000e+00,2.660874160976113805e-54,1.000000000000000000e+00
2.411949648358555911e-24,1.000000000000000000e+00,2.411949648358555544e-24,1.000000000000000000e+00
9.999999960903752649e-01,3.909624719461174470e-09,9.999999960903752649e-01,3.909624719461174470e-09
9.978702591859638371e-01,2.129740814036121255e-03,9.978702591859638371e-01,2.129740814036121255e-03
8.282882430991952112e-39,1.000000000000000000e+00,8.282882430991952112e-39,1.000000000000000000e+00
9.887602347579522721e-01,1.123976524204770185e-02,9.887602347579522721e-01,1.123976524204770358e-02
4.701494535626959959e-02,9.529850546437304004e-01,4.701494535626959959e-02,9.529850546437304004e-01
8.282882430991952112e-39,1.000000000000000000e+00,8.282882430991953417e-39,1.000000000000000000e+00
4.109082433261003300e-50,1.000000000000000000e+00,4.109082433261003300e-50,1.000000000000000000e+00
9.999999999908945059e-01,9.105508767062051060e-12,9.999999999908945059e-01,9.105508767062051060e-12
9.999999999899356062e-01,1.006436526557536659e-11,9.999999999899356062e-01,1.006436526557536659e-11
9.999999999899356062e-01,1.006436526557536659e-11,9.999999999899357173e-01,1.006436526557536821e-11
9.999999999899356062e-01,1.006436526557536659e-11,9.999999999899357173e-01,1.006436526557536659e-11
9.999999999899356062e-01,1.006436526557536659e-11,9.999999999899357173e-01,1.006436526557536659e-11
9.999999999899356062e-01,1.006436526557536659e-11,9.999999999899357173e-01,1.006436526557536821e-11
9.999999999899356062e-01,1.006436526557536659e-11,9.999999999899357173e-01,1.006436526557536821e-11
9.999999999899356062e-01,1.006436526557536659e-11,9.999999999899357173e-01,1.006436526557536659e-11
9.999999999899356062e-01,1.006436526557536659e-11,9.999999999899357173e-01,1.006436526557536659e-11
9.999999999899356062e-01,1.006436526557536659e-11,9.999999999899357173e-01,1.006436526557536821e-11
9.999999999899356062e-01,1.006436526557536659e-11,9.999999999899357173e-01,1.006436526557536821e-11
9.999999999899356062e-01,1.006436526557536659e-11,9.999999999899357173e-01,1.006436526557536659e-11
9.999999999899356062e-01,1.006436526557536659e-11,9.999999999899357173e-01,1.006436526557536659e-11
9.999999999899356062e-01,1.006436526557536659e-11,9.999999999899357173e-01,1.006436526557536821e-11
9.999999999899356062e-01,1.006436526557536659e-11,9.999999999899357173e-01,1.006436526557536821e-11
9.999999999899356062e-01,1.006436526557536659e-11,9.999999999899357173e-01,1.006436526557536659e-11
9.999999999899356062e-01,1.006436526557536659e-11,9.999999999899357173e-01,1.006436526557536659e-11
9.999999999899356062e-01,1.006436526557536659e-11,9.999999999899357173e-01,1.006436526557536821e-11
9.999999999899356062e-01,1.006436526557536659e-11,9.999999999899357173e-01,1.006436526557536821e-11
9.999999999899356062e-01,1.006436526557536659e-11,9.999999999899357173e-01,1.006436526557536659e-11
9.999999999899356062e-01,1.006436526557536659e-11,9.999999999899357173e-01,1.006436526557536659e-11
9.999999999899356062e-01,1.006436526557536659e-11,9.999999999899357173e-01,1.006436526557536821e-11
9.999999999899356062e-01,1.006436526557536659e-11,9.999999999899357173e-01,1.006436526557536821e-11
9.999999999899356062e-01,1.006436526557536659e-11,9.999999999899357173e-01,1.006436526557536659e-11
9.999999999899356062e-01,1.006436526557536659e-11,9.999999999899357173e-01,1.006436526557536659e-11
1.807249099364167857e-03,9.981927509006357502e-01,1.807249099364168074e-03,9.981927509006358612e-01
1.807249099364167857e-03,9.981927509006358612e-01,1.807249099364167857e-03,9.981927509006357502e-01
1.807249099364167857e-03,9.981927509006358612e-01,1.807249099364167857e-03,9.981927509006357502e-01
1.807249099364167857e-03,9.981927509006358612e-01,1.807249099364167857e-03,9.981927509006357502e-01
1.807249099364167857e-03,9.981927509006358612e-01,1.807249099364167857e-03,9.981927509006357502e-01
1.807249099364167857e-03,9.981927509006358612e-01,1.807249099364167857e-03,9.981927509006357502e-01
1.807249099364167857e-03,9.981927509006358612e-01,1.807249099364167857e-03,9.981927509006357502e-01
1.807249099364167857e-03,9.981927509006358612e-01,1.807249099364167857e-03,9.981927509006357502e-01
1.807249099364167857e-03,9.981927509006358612e-01,1.807249099364167857e-03,9.981927509006357502e-01
1.807249099364167857e-03,9.981927509006358612e-01,1.807249099364167857e-03,9.981927509006357502e-01
1.807249099364167857e-03,9.981927509006358612e-01,1.807249099364167857e-03,9.981927509006357502e-01
1.807249099364167857e-03,9.981927509006358612e-01,1.807249099364167857e-03,9.981927509006357502e-01
1.807249099364167857e-03,9.981927509006358612e-01,1.807249099364167857e-03,9.981927509006357502e-01
1.807249099364167857e-03,9.981927509006358612e-01,1.807249099364167857e-03,9.981927509006357502e-01
1.807249099364167857e-03,9.981927509006358612e-01,1.807249099364167857e-03,9.981927509006357502e-01
1.807249099364167857e-03,9.981927509006358612e-01,1.807249099364167857e-03,9.981927509006357502e-01
1.807249099364167857e-03,9.981927509006358612e-01,1.807249099364167857e-03,9.981927509006357502e-01
1.807249099364167857e-03,9.981927509006358612e-01,1.807249099364167857e-03,9.981927509006357502e-01
1.807249099364167857e-03,9.981927509006358612e-01,1.807249099364167857e-03,9.981927509006357502e-01
1.807249099364167857e-03,9.981927509006358612e-01,1.807249099364167857e-03,9.981927509006357502e-01
1.807249099364167857e-03,9.981927509006358612e-01,1.807249099364167857e-03,9.981927509006357502e-01
1.807249099364167857e-03,9.981927509006358612e-01,1.807249099364167857e-03,9.981927509006357502e-01
1.807249099364167857e-03,9.981927509006358612e-01,1.807249099364167857e-03,9.981927509006357502e-01
1.807249099364167857e-03,9.981927509006358612e-01,1.807249099364167857e-03,9.981927509006357502e-01
1.807249099364167857e-03,9.981927509006358612e-01,1.807249099364167857e-03,9.981927509006357502e-01
1.807249099364167857e-03,9.981927509006358612e-01,1.807249099364167857e-03,9.981927509006357502e-01
1.807249099364167857e-03,9.981927509006358612e-01,1.807249099364167857e-03,9.981927509006357502e-01
1.807249099364167857e-03,9.981927509006358612e-01,1.807249099364167857e-03,9.981927509006357502e-01
1.807249099364167857e-03,9.981927509006358612e-01,1.807249099364167857e-03,9.981927509006357502e-01
1.807249099364167857e-03,9.981927509006358612e-01,1.807249099364167857e-03,9.981927509006357502e-01
1.807249099364167857e-03,9.981927509006358612e-01,1.807249099364167857e-03,9.981927509006357502e-01
1.807249099364167857e-03,9.981927509006358612e-01,1.807249099364167857e-03,9.981927509006357502e-01
1.807249099364167857e-03,9.981927509006358612e-01,1.807249099364167857e-03,9.981927509006357502e-01
1.807249099364167857e-03,9.981927509006358612e-01,1.807249099364167857e-03,9.981927509006357502e-01
1.807249099364167857e-03,9.981927509006358612e-01,1.807249099364167857e-03,9.981927509006357502e-01
1.807249099364167857e-03,9.981927509006358612e-01,1.807249099364167857e-03,9.981927509006357502e-01
1.807249099364167857e-03,9.981927509006358612e-01,1.807249099364167857e-03,9.981927509006357502e-01
1.807249099364167857e-03,9.981927509006358612e-01,1.807249099364167857e-03,9.981927509006357502e-01
1.807249099364167857e-03,9.981927509006358612e-01,1.807249099364167857e-03,9.981927509006357502e-01
1.807249099364167857e-03,9.981927509006358612e-01,1.807249099364167857e-03,9.981927509006357502e-01
1.807249099364167857e-03,9.981927509006358612e-01,1.807249099364167857e-03,9.981927509006357502e-01
1.807249099364167857e-03,9.981927509006358612e-01,1.807249099364167857e-03,9.981927509006357502e-01
1.807249099364167857e-03,9.981927509006358612e-01,1.807249099364167857e-03,9.981927509006357502e-01
1.807249099364167857e-03,9.981927509006358612e-01,1.807249099364167857e-03,9.981927509006357502e-01
1.807249099364167857e-03,9.981927509006358612e-01,1.807249099364167857e-03,9.981927509006357502e-01
1.807249099364167857e-03,9.981927509006358612e-01,1.807249099364167857e-03,9.981927509006357502e-01
1.807249099364167857e-03,9.981927509006358612e-01,1.807249099364167857e-03,9.981927509006357502e-01
1.807249099364167857e-03,9.981927509006358612e-01,1.807249099364167857e-03,9.981927509006357502e-01
1.807249099364167857e-03,9.981927509006358612e-01,1.807249099364167857e-03,9.981927509006357502e-01
1.807249099364167857e-03,9.981927509006358612e-01,1.807249099364167857e-03,9.981927509006357502e-01
1.807249099364167857e-03,9.981927509006358612e-01,1.807249099364167857e-03,9.981927509006357502e-01
1.807249099364167857e-03,9.981927509006358612e-01,1.807249099364167857e-03,9.981927509006357502e-01
1.807249099364167857e-03,9.981927509006358612e-01,1.807249099364167857e-03,9.981927509006357502e-01
1.807249099364167857e-03,9.981927509006358612e-01,1.807249099364167857e-03,9.981927509006357502e-01
1.807249099364167857e-03,9.981927509006358612e-01,1.807249099364167857e-03,9.981927509006357502e-01
1.807249099364167857e-03,9.981927509006358612e-01,1.807249099364167857e-03,9.981927509006357502e-01
1.807249099364167857e-03,9.981927509006358612e-01,1.807249099364167857e-03,9.981927509006357502e-01
1.807249099364167857e-03,9.981927509006358612e-01,1.807249099364167857e-03,9.981927509006357502e-01
1.807249099364167857e-03,9.981927509006358612e-01,1.807249099364167857e-03,9.981927509006357502e-01
1.807249099364167857e-03,9.981927509006358612e-01,1.807249099364167857e-03,9.981927509006357502e-01
1.807249099364167857e-03,9.981927509006358612e-01,1.807249099364167857e-03,9.981927509006357502e-01
1.807249099364167857e-03,9.981927509006358612e-01,1.807249099364167857e-03,9.981927509006357502e-01
1.807249099364167857e-03,9.981927509006358612e-01,1.807249099364167857e-03,9.981927509006357502e-01
1.807249099364167857e-03,9.981927509006358612e-01,1.807249099364167857e-03,9.981927509006357502e-01
1.807249099364167857e-03,9.981927509006358612e-01,1.807249099364167857e-03,9.981927509006357502e-01
1.807249099364167857e-03,9.981927509006358612e-01,1.807249099364167857e-03,9.981927509006357502e-01
1.807249099364167857e-03,9.981927509006358612e-01,1.807249099364167857e-03,9.981927509006357502e-01
1.807249099364167857e-03,9.981927509006358612e-01,1.807249099364167857e-03,9.981927509006357502e-01
1.807249099364167857e-03,9.981927509006358612e-01,1.807249099364167857e-03,9.981927509006357502e-01
1.807249099364167857e-03,9.981927509006358612e-01,1.807249099364167857e-03,9.981927509006357502e-01
1.807249099364167857e-03,9.981927509006358612e-01,1.807249099364167857e-03,9.981927509006357502e-01
1.807249099364167857e-03,9.981927509006358612e-01,1.807249099364167857e-03,9.981927509006357502e-01
1.807249099364167857e-03,9.981927509006358612e-01,1.807249099364167857e-03,9.981927509006357502e-01
1.807249099364167857e-03,9.981927509006358612e-01,1.807249099364167857e-03,9.981927509006357502e-01
1.807249099364167857e-03,9.981927509006358612e-01,1.807249099364167857e-03,9.981927509006357502e-01
1.807249099364167857e-03,9.981927509006358612e-01,1.807249099364167857e-03,9.981927509006357502e-01
1.807249099364167857e-03,9.981927509006358612e-01,1.807249099364167857e-03,9.981927509006357502e-01
1.807249099364167857e-03,9.981927509006358612e-01,1.807249099364167857e-03,9.981927509006357502e-01
1.807249099364167857e-03,9.981927509006358612e-01,1.807249099364167857e-03,9.981927509006357502e-01
1.807249087236018027e-03,9.981927509127640485e-01,1.807249087236018027e-03,9.981927509127640485e-01
1.081483845831198129e-46,1.000000000000000000e+00,1.608574176366794319e-48,1.000000000000000000e+00
1.438796991150499039e-64,1.000000000000000000e+00,1.438796991164049439e-74,1.000000000000000000e+00
8.484596938570373307e-66,1.000000000000000000e+00,1.766548070250821153e-205,1.000000000000000000e+00
1.000000000000000000e+00,2.524947343419153784e-90,1.373808131947802180e-266,1.000000000000000000e+00
9.999998453444800539e-01,1.546555199387388561e-07,9.999998453444800539e-01,1.546555199387388826e-07
4.701494535626959959e-02,9.529850546437304004e-01,4.701494535626959265e-02,9.529850546437302894e-01
1.950271996563565605e-120,1.000000000000000000e+00,1.950271996563565949e-120,1.000000000000000000e+00
9.999993502818158575e-01,6.497181842349105066e-07,9.007706051790230535e-57,1.000000000000000000e+00
3.194553408074163544e-145,1.000000000000000000e+00,9.999999998999999750e-11,9.999999998999999917e-01
2.877559806709549233e-191,1.000000000000000000e+00,1.614069609113949759e-229,1.000000000000000000e+00
1.000000000000000000e+00,6.140909087136276958e-95,4.144426515444390215e-113,1.000000000000000000e+00
1.000000000000000000e+00,4.144426515444390272e-103,4.550328376464385807e-280,1.000000000000000000e+00
1.000000000000000000e+00,4.550328376530601743e-270,1.004941833773519033e-297,1.000000000000000000e+00
1.000000000000000000e+00,1.004941833773518999e-287,3.585681560199852842e-224,1.000000000000000000e+00
3.585681560199852715e-214,1.000000000000000000e+00,1.066090575418624089e-296,1.000000000000000000e+00
1.024178616465046696e-54,1.000000000000000000e+00,8.800956425886403647e-125,1.000000000000000000e+00
8.282882430991952112e-39,1.000000000000000000e+00,8.282882430991952112e-39,1.000000000000000000e+00
9.999999999809391360e-01,1.906088483044513875e-11,9.999999999809390250e-01,1.906088483044513552e-11
9.999999352164864463e-01,6.478351360295755789e-08,9.999999352164863353e-01,6.478351360295753142e-08
9.999999960903752649e-01,3.909624719461174470e-09,9.999999960903753760e-01,3.909624719461175298e-09
1.204632648621563767e-17,1.000000000000000000e+00,1.204632648621563767e-17,1.000000000000000000e+00
9.999999999953218532e-01,4.678158430719900854e-12,9.999999999953217422e-01,4.678158430719900854e-12
9.999999998902970866e-01,1.097029182933491070e-10,9.999999998902970866e-01,1.097029182933491070e-10
9.999999999932954742e-01,6.704528808002745055e-12,9.999999999932954742e-01,6.704528808002745863e-12
9.999999999879028989e-01,1.209708840225712385e-11,9.999999999879030099e-01,1.209708840225712385e-11
9.999999999936636241e-01,6.336410936240908115e-12,9.999999999936636241e-01,6.336410936240908115e-12
9.999999999910679227e-01,8.932022517283187218e-12,9.999999999910679227e-01,8.932022517283187218e-12
9.999999999942685847e-01,5.731468574391404690e-12,9.999999999942685847e-01,5.731468574391404690e-12
9.999999999928261829e-01,7.173779663402244790e-12,9.999999999928261829e-01,7.173779663402243982e-12
9.999999999942685847e-01,5.731468574391404690e-12,9.999999999942684736e-01,5.731468574391403882e-12
9.999999999950521801e-01,4.947834189859316537e-12,9.999999999950521801e-01,4.947834189859315730e-12
9.999999999952835505e-01,4.716556624748107670e-12,9.999999999952835505e-01,4.716556624748107670e-12
9.999999999899356062e-01,1.006436526557536659e-11,9.999999999899356062e-01,1.006436526557536659e-11
9.999999999943958162e-01,5.604174516224690214e-12,9.999999999943959272e-01,5.604174516224690214e-12
9.999696545150295046e-01,3.034548497055941671e-05,9.999696545150295046e-01,3.034548497055941671e-05
4.237959541171850840e-04,9.995762040458828768e-01,4.237959541171850840e-04,9.995762040458827657e-01
9.999999999954980456e-01,4.502010443801015973e-12,9.999999999954980456e-01,4.502010443801015165e-12
9.998888664507017410e-01,1.111335492982467075e-04,9.998888664507016300e-01,1.111335492982466939e-04
9.999999999913983251e-01,8.601674835606660325e-12,9.999999999913982140e-01,8.601674835606657093e-12
9.999999999899356062e-01,1.006436526557536659e-11,9.999999999899357173e-01,1.006436526557536821e-11
9.999999999949931162e-01,5.006829722137265452e-12,9.999999999949932272e-01,5.006829722137265452e-12
9.999999999899356062e-01,1.006436526557536659e-11,9.999999999899357173e-01,1.006436526557536821e-11
9.999999999650964755e-01,3.490349648693226779e-11,9.999999999650964755e-01,3.490349648693227425e-11
9.999999999773966364e-01,2.260333082440867012e-11,9.999999999773966364e-01,2.260333082440867012e-11
9.999999999941007189e-01,5.899290110926179492e-12,9.999999999941007189e-01,5.899290110926179492e-12
9.999999999906338255e-01,9.366147881026150527e-12,9.999999999906338255e-01,9.366147881026150527e-12
9.999999999411371965e-01,5.886277232111930896e-11,9.999999999411371965e-01,5.886277232111930896e-11
9.999999999899356062e-01,1.006436526557536659e-11,9.999999999899356062e-01,1.006436526557536821e-11
9.999996165722054853e-01,3.834277945064683469e-07,9.999996165722055963e-01,3.834277945064683999e-07
9.999912770566484754e-01,8.722943351540689269e-06,9.999912770566484754e-01,8.722943351540689269e-06
9.999999999923417926e-01,7.658139894305021288e-12,9.999999999923417926e-01,7.658139894305021288e-12
9.999999999949931162e-01,5.006829722137265452e-12,9.999999999949932272e-01,5.006829722137266260e-12
9.999999999953217422e-01,4.678158430719900854e-12,9.999999999953218532e-01,4.678158430719900854e-12
1.024093259736573601e-07,9.999998975906739807e-01,1.024093259736573601e-07,9.999998975906739807e-01
3.205186936486595985e-05,9.999679481306351647e-01,3.205186936486595307e-05,9.999679481306351647e-01
3.397932514560492212e-80,1.000000000000000000e+00,3.397932514560491463e-80,1.000000000000000000e+00
9.999999999945707874e-01,5.429193516044923127e-12,9.999999999945707874e-01,5.429193516044923935e-12
9.999912770566484754e-01,8.722943351540687575e-06,9.999912770566484754e-01,8.722943351540689269e-06
9.999999998528751322e-01,1.471248556222005485e-10,9.999999998528751322e-01,1.471248556222005226e-10
9.999999992258554737e-01,7.741444924958626303e-10,9.999999992258554737e-01,7.741444924958626303e-10
9.999999999955387908e-01,4.461220696038503050e-12,9.999999999955387908e-01,4.461220696038503050e-12
9.999999999949116258e-01,5.088395614210015273e-12,9.999999999949115148e-01,5.088395614210014465e-12
9.999999999927624561e-01,7.237517422417695376e-12,9.999999999927624561e-01,7.237517422417696184e-12
9.999999698367983969e-01,3.016320162128398077e-08,9.999999698367983969e-01,3.016320162128398077e-08
9.999999999953218532e-01,4.678158430719900854e-12,9.999999999953217422e-01,4.678158430719900046e-12
9.999999999954136687e-01,4.586312181167410297e-12,9.999999999954136687e-01,4.586312181167410297e-12
9.999999999937110307e-01,6.288878759535914042e-12,9.999999999937110307e-01,6.288878759535914042e-12
9.999999999944297890e-01,5.570273398680857956e-12,9.999999999944296780e-01,5.570273398680856340e-12
9.999999999955371255e-01,4.462777587683135197e-12,9.999999999955372365e-01,4.462777587683135197e-12
9.999999999894058078e-01,1.059421469870005238e-11,9.999999999894058078e-01,1.059421469870005238e-11
9.999999999952163821e-01,4.783576317964525966e-12,9.999999999952164931e-01,4.783576317964526774e-12
9.999999999837736464e-01,1.622624383836942693e-11,9.999999999837737574e-01,1.622624383836943016e-11
9.999999999899356062e-01,1.006436526557536659e-11,9.999999999899356062e-01,1.006436526557536659e-11
9.999999698367983969e-01,3.016320162128397415e-08,9.999999698367983969e-01,3.016320162128397415e-08
9.999999999650964755e-01,3.490349648693227425e-11,9.999999999650964755e-01,3.490349648693227425e-11
9.999999999916409088e-01,8.359062569314931437e-12,9.999999999916409088e-01,8.359062569314931437e-12
9.999999995101670480e-01,4.898329619689137195e-10,9.999999995101670480e-01,4.898329619689138229e-10
9.999999999906338255e-01,9.366147881026148911e-12,9.999999999906338255e-01,9.366147881026148911e-12
9.999999999927624561e-01,7.237517422417696184e-12,9.999999999927624561e-01,7.237517422417695376e-12
9.999999999899356062e-01,1.006436526557536659e-11,9.999999999899356062e-01,1.006436526557536659e-11
9.999999992258554737e-01,7.741444924958627337e-10,9.999999992258555848e-01,7.741444924958628371e-10
9.999999999899356062e-01,1.006436526557536659e-11,9.999999999899356062e-01,1.006436526557536659e-11
9.999999999899356062e-01,1.006436526557536659e-11,9.999999999899357173e-01,1.006436526557536821e-11
9.999999999919976235e-01,8.002350202515633392e-12,9.999999999919976235e-01,8.002350202515635008e-12
9.999999999905299086e-01,9.470110774942860689e-12,9.999999999905300196e-01,9.470110774942862304e-12
9.999999999899356062e-01,1.006436526557536659e-11,9.999999999899357173e-01,1.006436526557536821e-11
9.999999999899356062e-01,1.006436526557536659e-11,9.999999999899357173e-01,1.006436526557536821e-11
9.999999999879028989e-01,1.209708840225712385e-11,9.999999999879030099e-01,1.209708840225712547e-11
9.999999999939095385e-01,6.090412875585010704e-12,9.999999999939096496e-01,6.090412875585010704e-12
9.999999999899356062e-01,1.006436526557536659e-11,9.999999999899356062e-01,1.006436526557536659e-11
9.999999999937111417e-01,6.288878759535914850e-12,9.999999999937111417e-01,6.288878759535914042e-12
9.999999999929860550e-01,7.013891618672185690e-12,9.999999999929860550e-01,7.013891618672185690e-12
9.999999999899356062e-01,1.006436526557536659e-11,9.999999999899356062e-01,1.006436526557536659e-11
9.999999999542145135e-01,4.578553539551430190e-11,9.999999999542144025e-01,4.578553539551429544e-11
9.012425899552200041e-20,1.000000000000000000e+00,9.012425899552201245e-20,1.000000000000000000e+00
9.999696545150295046e-01,3.034548497055941671e-05,9.999696545150295046e-01,3.034548497055941671e-05
2.165113646084434009e-74,1.000000000000000000e+00,2.165113646084434402e-74,1.000000000000000000e+00
9.999912770566483644e-01,8.722943351540687575e-06,9.999912770566484754e-01,8.722943351540687575e-06
2.411949648358555544e-24,1.000000000000000000e+00,2.411949648358555911e-24,1.000000000000000000e+00
7.552308208795004252e-14,9.999999999999245048e-01,7.552308208795004252e-14,9.999999999999245048e-01
4.238036665501943442e-09,9.999999957619633006e-01,4.238036665501944269e-09,9.999999957619634117e-01
9.525930785982880849e-64,1.000000000000000000e+00,9.525930785982880849e-64,1.000000000000000000e+00
1.204632648621563613e-17,1.000000000000000000e+00,1.204632648621563613e-17,1.000000000000000000e+00
1.807898221838876864e-35,1.000000000000000000e+00,1.807898221838876864e-35,1.000000000000000000e+00
9.999999996834015858e-01,3.165983998486476917e-10,9.999999996834015858e-01,3.165983998486476917e-10
9.999999999837737574e-01,1.622624383836943016e-11,9.999999999837737574e-01,1.622624383836943016e-11
9.999999999879028989e-01,1.209708840225712385e-11,9.999999999879028989e-01,1.209708840225712223e-11
9.999999999906338255e-01,9.366147881026148911e-12,9.999999999906339365e-01,9.366147881026150527e-12
9.999999999918550708e-01,8.144940324079871441e-12,9.999999999918550708e-01,8.144940324079871441e-12
9.999999999899356062e-01,1.006436526557536659e-11,9.999999999899357173e-01,1.006436526557536821e-11
9.999999999899356062e-01,1.006436526557536659e-11,9.999999999899357173e-01,1.006436526557536821e-11
9.999999999899356062e-01,1.006436526557536659e-11,9.999999999899357173e-01,1.006436526557536821e-11
9.999999999942015272e-01,5.798478635555416891e-12,9.999999999942015272e-01,5.798478635555416083e-12
9.999999999954980456e-01,4.502010443801015973e-12,9.999999999954980456e-01,4.502010443801015973e-12
9.999999999951034724e-01,4.896557034086601837e-12,9.999999999951033613e-01,4.896557034086601837e-12
9.999999999913983251e-01,8.601674835606658709e-12,9.999999999913983251e-01,8.601674835606660325e-12
9.999999999935760275e-01,6.423970721660730185e-12,9.999999999935761386e-01,6.423970721660731800e-12
9.999999999950521801e-01,4.947834189859316537e-12,9.999999999950520690e-01,4.947834189859316537e-12
9.999999999944562123e-01,5.543774189712087661e-12,9.999999999944563234e-01,5.543774189712087661e-12
9.999999999955371255e-01,4.462777587683135197e-12,9.999999999955372365e-01,4.462777587683136005e-12
9.999999999952164931e-01,4.783576317964526774e-12,9.999999999952163821e-01,4.783576317964525966e-12
9.999999999944297890e-01,5.570273398680857956e-12,9.999999999944296780e-01,5.570273398680857956e-12
9.999999999952164931e-01,4.783576317964526774e-12,9.999999999952163821e-01,4.783576317964525966e-12
9.999999999930926364e-01,6.907402739801234838e-12,9.999999999930926364e-01,6.907402739801234838e-12
9.999999999913983251e-01,8.601674835606658709e-12,9.999999999913984361e-01,8.601674835606660325e-12
9.999999999948683271e-01,5.131695836195937299e-12,9.999999999948683271e-01,5.131695836195938107e-12
9.999999999954980456e-01,4.502010443801015973e-12,9.999999999954980456e-01,4.502010443801015973e-12
9.999999999906338255e-01,9.366147881026150527e-12,9.999999999906338255e-01,9.366147881026150527e-12
9.999999999933496531e-01,6.650344746761938110e-12,9.999999999933497641e-01,6.650344746761939726e-12
9.999999999947764007e-01,5.223516961439366849e-12,9.999999999947765117e-01,5.223516961439367657e-12
9.999999999932953632e-01,6.704528808002745055e-12,9.999999999932954742e-01,6.704528808002745055e-12
9.999999999954614083e-01,4.538601109276523504e-12,9.999999999954612973e-01,4.538601109276522696e-12
9.999999999952164931e-01,4.783576317964526774e-12,9.999999999952163821e-01,4.783576317964525966e-12
9.999999999937110307e-01,6.288878759535914042e-12,9.999999999937111417e-01,6.288878759535914850e-12
9.999999999928261829e-01,7.173779663402244790e-12,9.999999999928261829e-01,7.173779663402244790e-12
9.999999999916409088e-01,8.359062569314933052e-12,9.999999999916410198e-01,8.359062569314933052e-12
9.999999999944296780e-01,5.570273398680856340e-12,9.999999999944296780e-01,5.570273398680856340e-12
4.238036665501944269e-09,9.999999957619634117e-01,4.238036665501943442e-09,9.999999957619633006e-01
9.999999999837736464e-01,1.622624383836942693e-11,9.999999999837737574e-01,1.622624383836943016e-11
9.999999999941007189e-01,5.899290110926180300e-12,9.999999999941007189e-01,5.899290110926179492e-12
9.999999999955371255e-01,4.462777587683135197e-12,9.999999999955371255e-01,4.462777587683135197e-12
9.999999999952000618e-01,4.800040419931763872e-12,9.999999999951998397e-01,4.800040419931763065e-12
9.999999999952835505e-01,4.716556624748107670e-12,9.999999999952833285e-01,4.716556624748106862e-12
9.999999999954614083e-01,4.538601109276523504e-12,9.999999999954614083e-01,4.538601109276523504e-12
9.999999999955238028e-01,4.476278123312818642e-12,9.999999999955236918e-01,4.476278123312817834e-12
9.999999999955433427e-01,4.456731138890892471e-12,9.999999999955433427e-01,4.456731138890891663e-12
9.999999999955238028e-01,4.476278123312818642e-12,9.999999999955238028e-01,4.476278123312817834e-12
9.999999999954980456e-01,4.502010443801015973e-12,9.999999999954980456e-01,4.502010443801015973e-12
9.999999999955238028e-01,4.476278123312818642e-12,9.999999999955238028e-01,4.476278123312818642e-12
9.999999999955238028e-01,4.476278123312818642e-12,9.999999999955236918e-01,4.476278123312817834e-12
9.999999999950521801e-01,4.947834189859316537e-12,9.999999999950520690e-01,4.947834189859316537e-12
9.999999999953546048e-01,4.645487461534250861e-12,9.999999999953544938e-01,4.645487461534250054e-12
9.999999999954614083e-01,4.538601109276523504e-12,9.999999999954614083e-01,4.538601109276522696e-12
9.999999999954056751e-01,4.594320500726418909e-12,9.999999999954056751e-01,4.594320500726418909e-12
9.999999999949116258e-01,5.088395614210015273e-12,9.999999999949116258e-01,5.088395614210015273e-12
9.999999999951034724e-01,4.896557034086601837e-12,9.999999999951034724e-01,4.896557034086601837e-12
9.999999999949931162e-01,5.006829722137265452e-12,9.999999999949931162e-01,5.006829722137264645e-12
9.999999999947764007e-01,5.223516961439366849e-12,9.999999999947765117e-01,5.223516961439367657e-12
9.999999999954136687e-01,4.586312181167410297e-12,9.999999999954136687e-01,4.586312181167410297e-12
9.999999999955238028e-01,4.476278123312818642e-12,9.999999999955238028e-01,4.476278123312818642e-12
9.999999999950521801e-01,4.947834189859316537e-12,9.999999999950520690e-01,4.947834189859315730e-12
9.999999999955371255e-01,4.462777587683135197e-12,9.999999999955372365e-01,4.462777587683136005e-12
9.999999999951034724e-01,4.896557034086601837e-12,9.999999999951033613e-01,4.896557034086601837e-12
9.999999999954980456e-01,4.502010443801015973e-12,9.999999999954979346e-01,4.502010443801015973e-12
9.999999999955433427e-01,4.456731138890892471e-12,9.999999999955433427e-01,4.456731138890892471e-12
9.999999999944562123e-01,5.543774189712087661e-12,9.999999999944562123e-01,5.543774189712087661e-12
9.999999999952164931e-01,4.783576317964526774e-12,9.999999999952163821e-01,4.783576317964526774e-12
9.999999999954980456e-01,4.502010443801015973e-12,9.999999999954979346e-01,4.502010443801015973e-12
9.999999999913983251e-01,8.601674835606658709e-12,9.999999999913983251e-01,8.601674835606660325e-12
9.999999999936636241e-01,6.336410936240908115e-12,9.999999999936636241e-01,6.336410936240908923e-12
9.999999999948925300e-01,5.107369090437680403e-12,9.999999999948926410e-01,5.107369090437681211e-12
9.999999999932953632e-01,6.704528808002745055e-12,9.999999999932954742e-01,6.704528808002745863e-12
9.999999999946544982e-01,5.345521493438271938e-12,9.999999999946544982e-01,5.345521493438271130e-12
9.999999999946251883e-01,5.374910414105837471e-12,9.999999999946250773e-01,5.374910414105836663e-12
9.999999999955206942e-01,4.479402961216933990e-12,9.999999999955205832e-01,4.479402961216933990e-12
9.999999999952164931e-01,4.783576317964526774e-12,9.999999999952163821e-01,4.783576317964526774e-12
9.999999999952164931e-01,4.783576317964526774e-12,9.999999999952164931e-01,4.783576317964525966e-12
9.999999999949931162e-01,5.006829722137265452e-12,9.999999999949932272e-01,5.006829722137266260e-12
9.999999999953546048e-01,4.645487461534250861e-12,9.999999999953546048e-01,4.645487461534250861e-12
9.999999999948683271e-01,5.131695836195938107e-12,9.999999999948682161e-01,5.131695836195937299e-12
9.999999999946544982e-01,5.345521493438271938e-12,9.999999999946543872e-01,5.345521493438271130e-12
9.999999999953546048e-01,4.645487461534250861e-12,9.999999999953544938e-01,4.645487461534250054e-12
9.999999999954056751e-01,4.594320500726418909e-12,9.999999999954056751e-01,4.594320500726418909e-12
9.999999999942685847e-01,5.731468574391404690e-12,9.999999999942684736e-01,5.731468574391404690e-12
9.999999999939095385e-01,6.090412875585010704e-12,9.999999999939095385e-01,6.090412875585009897e-12
9.999999999933497641e-01,6.650344746761938918e-12,9.999999999933496531e-01,6.650344746761938110e-12
9.999999999953217422e-01,4.678158430719900854e-12,9.999999999953218532e-01,4.678158430719900854e-12
9.999999999954549690e-01,4.544940010514135063e-12,9.999999999954550800e-01,4.544940010514135063e-12
9.999999999955386798e-01,4.461220696038502242e-12,9.999999999955389018e-01,4.461220696038503858e-12
9.999999999948925300e-01,5.107369090437680403e-12,9.999999999948925300e-01,5.107369090437681211e-12
9.999999999954614083e-01,4.538601109276523504e-12,9.999999999954614083e-01,4.538601109276522696e-12
9.999999999949931162e-01,5.006829722137265452e-12,9.999999999949931162e-01,5.006829722137265452e-12
9.999999999955433427e-01,4.456731138890892471e-12,9.999999999955432317e-01,4.456731138890890856e-12
9.999999999950521801e-01,4.947834189859316537e-12,9.999999999950521801e-01,4.947834189859316537e-12
9.999999999943958162e-01,5.604174516224689406e-12,9.999999999943958162e-01,5.604174516224690214e-12
9.999999999951034724e-01,4.896557034086601837e-12,9.999999999951033613e-01,4.896557034086601837e-12
9.999696545150295046e-01,3.034548497055941671e-05,9.999696545150295046e-01,3.034548497055942009e-05
9.999999845245973740e-01,1.547540266019399660e-08,9.999999845245973740e-01,1.547540266019399660e-08
9.999999999950521801e-01,4.947834189859316537e-12,9.999999999950520690e-01,4.947834189859315730e-12
9.999999999954933827e-01,4.506725468249469429e-12,9.999999999954932717e-01,4.506725468249469429e-12
9.999999999955371255e-01,4.462777587683135197e-12,9.999999999955372365e-01,4.462777587683136005e-12
9.999999999953546048e-01,4.645487461534250861e-12,9.999999999953544938e-01,4.645487461534250054e-12
9.999999999940605289e-01,5.939534100323805041e-12,9.999999999940605289e-01,5.939534100323805041e-12
9.999999999952835505e-01,4.716556624748107670e-12,9.999999999952834395e-01,4.716556624748106054e-12
9.999999999949116258e-01,5.088395614210015273e-12,9.999999999949116258e-01,5.088395614210015273e-12
9.999999999954549690e-01,4.544940010514135063e-12,9.999999999954550800e-01,4.544940010514135063e-12
9.999999999947277729e-01,5.272117414844184293e-12,9.999999999947278839e-01,5.272117414844185101e-12
9.999999999955386798e-01,4.461220696038502242e-12,9.999999999955389018e-01,4.461220696038503050e-12
9.999999999894058078e-01,1.059421469870005238e-11,9.999999999894058078e-01,1.059421469870005238e-11
9.999996165722054853e-01,3.834277945064683469e-07,9.999996165722055963e-01,3.834277945064683469e-07
9.999999999930926364e-01,6.907402739801234838e-12,9.999999999930925254e-01,6.907402739801234838e-12
9.999999999952835505e-01,4.716556624748107670e-12,9.999999999952834395e-01,4.716556624748106862e-12
9.999999999950521801e-01,4.947834189859316537e-12,9.999999999950522911e-01,4.947834189859317345e-12
9.999999999918550708e-01,8.144940324079871441e-12,9.999999999918550708e-01,8.144940324079871441e-12
9.999999999948683271e-01,5.131695836195937299e-12,9.999999999948683271e-01,5.131695836195938107e-12
9.999999999955386798e-01,4.461220696038502242e-12,9.999999999955387908e-01,4.461220696038503050e-12
9.999999999943958162e-01,5.604174516224689406e-12,9.999999999943959272e-01,5.604174516224690214e-12
9.999999999955206942e-01,4.479402961216933990e-12,9.999999999955206942e-01,4.479402961216933990e-12
9.999999999945707874e-01,5.429193516044923935e-12,9.999999999945707874e-01,5.429193516044923127e-12
9.999999999954136687e-01,4.586312181167410297e-12,9.999999999954136687e-01,4.586312181167410297e-12
9.999999999954980456e-01,4.502010443801015973e-12,9.999999999954979346e-01,4.502010443801015973e-12
9.999999999948683271e-01,5.131695836195938107e-12,9.999999999948683271e-01,5.131695836195938107e-12
9.999999999950521801e-01,4.947834189859316537e-12,9.999999999950521801e-01,4.947834189859316537e-12
9.999999999954933827e-01,4.506725468249469429e-12,9.999999999954932717e-01,4.506725468249469429e-12
9.999999999953217422e-01,4.678158430719900854e-12,9.999999999953217422e-01,4.678158430719900854e-12
9.999999999954549690e-01,4.544940010514135063e-12,9.999999999954550800e-01,4.544940010514135871e-12
9.999999999933919526e-01,6.607938860822675590e-12,9.999999999933919526e-01,6.607938860822675590e-12
9.999999999926451055e-01,7.354885591091463783e-12,9.999999999926451055e-01,7.354885591091463783e-12
9.999999999944562123e-01,5.543774189712087661e-12,9.999999999944562123e-01,5.543774189712086853e-12
9.999999999954549690e-01,4.544940010514135063e-12,9.999999999954550800e-01,4.544940010514135871e-12
9.999999999955433427e-01,4.456731138890892471e-12,9.999999999955433427e-01,4.456731138890891663e-12
9.999999999955386798e-01,4.461220696038502242e-12,9.999999999955387908e-01,4.461220696038503050e-12
9.999999999942015272e-01,5.798478635555417699e-12,9.999999999942016382e-01,5.798478635555416891e-12
9.999999999953546048e-01,4.645487461534250861e-12,9.999999999953544938e-01,4.645487461534250054e-12
9.999999999946544982e-01,5.345521493438271938e-12,9.999999999946544982e-01,5.345521493438271938e-12
9.999999999951034724e-01,4.896557034086601837e-12,9.999999999951033613e-01,4.896557034086601029e-12
9.999999999951034724e-01,4.896557034086601837e-12,9.999999999951034724e-01,4.896557034086601837e-12
9.999999999944297890e-01,5.570273398680857956e-12,9.999999999944296780e-01,5.570273398680857148e-12
9.999999999952835505e-01,4.716556624748107670e-12,9.999999999952834395e-01,4.716556624748106054e-12
9.999999999951034724e-01,4.896557034086601837e-12,9.999999999951034724e-01,4.896557034086601837e-12
9.999999999949116258e-01,5.088395614210015273e-12,9.999999999949116258e-01,5.088395614210015273e-12
9.999999999952164931e-01,4.783576317964526774e-12,9.999999999952164931e-01,4.783576317964526774e-12
9.999999999942015272e-01,5.798478635555417699e-12,9.999999999942015272e-01,5.798478635555418507e-12
9.999999999948683271e-01,5.131695836195938107e-12,9.999999999948683271e-01,5.131695836195937299e-12
9.999999999954980456e-01,4.502010443801015973e-12,9.999999999954980456e-01,4.502010443801015973e-12
9.999999999954980456e-01,4.502010443801015973e-12,9.999999999954979346e-01,4.502010443801015973e-12
9.999999999952835505e-01,4.716556624748107670e-12,9.999999999952835505e-01,4.716556624748107670e-12
9.999999999951034724e-01,4.896557034086601837e-12,9.999999999951034724e-01,4.896557034086601837e-12
9.999999999937110307e-01,6.288878759535914042e-12,9.999999999937111417e-01,6.288878759535914850e-12
9.999999999954549690e-01,4.544940010514135063e-12,9.999999999954549690e-01,4.544940010514135063e-12
9.999999999923419036e-01,7.658139894305021288e-12,9.999999999923419036e-01,7.658139894305021288e-12
9.999999999937111417e-01,6.288878759535914850e-12,9.999999999937111417e-01,6.288878759535914850e-12
9.999999999937110307e-01,6.288878759535914042e-12,9.999999999937110307e-01,6.288878759535914042e-12
9.999999999955371255e-01,4.462777587683135197e-12,9.999999999955372365e-01,4.462777587683136005e-12
9.999999999928261829e-01,7.173779663402244790e-12,9.999999999928261829e-01,7.173779663402244790e-12
9.999999999944297890e-01,5.570273398680857956e-12,9.999999999944296780e-01,5.570273398680857148e-12
9.999999999952000618e-01,4.800040419931763872e-12,9.999999999952000618e-01,4.800040419931763065e-12
9.999999999945707874e-01,5.429193516044923935e-12,9.999999999945707874e-01,5.429193516044924743e-12
9.999999999949931162e-01,5.006829722137265452e-12,9.999999999949931162e-01,5.006829722137264645e-12
9.999999999947764007e-01,5.223516961439366849e-12,9.999999999947765117e-01,5.223516961439367657e-12
9.999999999928261829e-01,7.173779663402244790e-12,9.999999999928261829e-01,7.173779663402243982e-12
9.999999999952164931e-01,4.783576317964526774e-12,9.999999999952163821e-01,4.783576317964525966e-12
9.999999999937110307e-01,6.288878759535914042e-12,9.999999999937111417e-01,6.288878759535914042e-12
9.999999999943958162e-01,5.604174516224689406e-12,9.999999999943958162e-01,5.604174516224689406e-12
9.999999999930926364e-01,6.907402739801234838e-12,9.999999999930926364e-01,6.907402739801235646e-12
9.999999999954614083e-01,4.538601109276523504e-12,9.999999999954614083e-01,4.538601109276522696e-12
9.999999999949931162e-01,5.006829722137265452e-12,9.999999999949931162e-01,5.006829722137265452e-12
9.999999999949931162e-01,5.006829722137265452e-12,9.999999999949932272e-01,5.006829722137265452e-12
9.999999999952164931e-01,4.783576317964526774e-12,9.999999999952164931e-01,4.783576317964526774e-12
9.999999999954614083e-01,4.538601109276523504e-12,9.999999999954612973e-01,4.538601109276522696e-12
9.999999999951034724e-01,4.896557034086601837e-12,9.999999999951034724e-01,4.896557034086601837e-12
9.999999999944297890e-01,5.570273398680857956e-12,9.999999999944296780e-01,5.570273398680857148e-12
9.999999999955433427e-01,4.456731138890892471e-12,9.999999999955432317e-01,4.456731138890891663e-12
9.999999999953217422e-01,4.678158430719900854e-12,9.999999999953218532e-01,4.678158430719900854e-12
9.999999999954549690e-01,4.544940010514135063e-12,9.999999999954550800e-01,4.544940010514135871e-12
9.999999999955206942e-01,4.479402961216933990e-12,9.999999999955205832e-01,4.479402961216933990e-12
9.999999999949931162e-01,5.006829722137265452e-12,9.999999999949932272e-01,5.006829722137266260e-12
4.237959541171850298e-04,9.995762040458827657e-01,4.237959541171851382e-04,9.995762040458828768e-01
1.645146773963836306e-304,1.000000000000000000e+00,1.645146773963836306e-304,1.000000000000000000e+00
1.000000000000000000e+00,1.645146773963836111e-294,2.900305680487600952e-42,1.000000000000000000e+00
2.900305680487601590e-42,1.000000000000000000e+00,2.900305680487600952e-42,1.000000000000000000e+00
3.118280795817128562e-12,9.999999999968818276e-01,3.118280795817128158e-12,9.999999999968818276e-01
4.109082433261002825e-50,1.000000000000000000e+00,4.109082433261003300e-50,1.000000000000000000e+00
9.999999999905299086e-01,9.470110774942860689e-12,9.999999999905299086e-01,9.470110774942860689e-12
9.999999998902970866e-01,1.097029182933490941e-10,9.999999998902970866e-01,1.097029182933491070e-10
9.352388814067828455e-59,1.000000000000000000e+00,9.352388814067828455e-59,1.000000000000000000e+00
3.118280795817127755e-12,9.999999999968817166e-01,3.118280795817128158e-12,9.999999999968818276e-01
4.701494535626959959e-02,9.529850546437304004e-01,4.701494535626960652e-02,9.529850546437305114e-01
9.999999960903752649e-01,3.909624719461175298e-09,9.999999960903753760e-01,3.909624719461174470e-09
9.999999923441931227e-01,7.655806880159439903e-09,9.999999923441931227e-01,7.655806880159439903e-09
9.999999960903752649e-01,3.909624719461174470e-09,9.999999960903752649e-01,3.909624719461174470e-09
9.887602347579522721e-01,1.123976524204770185e-02,9.887602347579522721e-01,1.123976524204770185e-02
9.999999987502280474e-01,1.249771974258892210e-09,9.999999987502280474e-01,1.249771974258892210e-09
9.999999845245973740e-01,1.547540266019399660e-08,9.999999845245973740e-01,1.547540266019399660e-08
9.999999978183631288e-01,2.181636925044639813e-09,9.999999978183630178e-01,2.181636925044639399e-09
9.999999999860557098e-01,1.394431753167856366e-11,9.999999999860555988e-01,1.394431753167856204e-11
9.999999923441931227e-01,7.655806880159441558e-09,9.999999923441931227e-01,7.655806880159441558e-09
9.999999999899356062e-01,1.006436526557536659e-11,9.999999999899357173e-01,1.006436526557536659e-11
9.999999999899356062e-01,1.006436526557536659e-11,9.999999999899357173e-01,1.006436526557536821e-11
9.999999999913983251e-01,8.601674835606658709e-12,9.999999999913984361e-01,8.601674835606660325e-12
9.999999999899356062e-01,1.006436526557536659e-11,9.999999999899357173e-01,1.006436526557536821e-11
9.999999999899356062e-01,1.006436526557536659e-11,9.999999999899357173e-01,1.006436526557536821e-11
9.999999999899356062e-01,1.006436526557536659e-11,9.999999999899357173e-01,1.006436526557536659e-11
9.999999999899356062e-01,1.006436526557536659e-11,9.999999999899357173e-01,1.006436526557536659e-11
9.999999999899356062e-01,1.006436526557536659e-11,9.999999999899357173e-01,1.006436526557536821e-11
9.999999999899356062e-01,1.006436526557536659e-11,9.999999999899357173e-01,1.006436526557536821e-11
9.999999999899356062e-01,1.006436526557536659e-11,9.999999999899357173e-01,1.006436526557536659e-11
9.999999999899356062e-01,1.006436526557536659e-11,9.999999999899357173e-01,1.006436526557536659e-11
9.995273477505109971e-01,4.726522494890490495e-04,9.995273477505108861e-01,4.726522494890490495e-04
9.999999999899356062e-01,1.006436526557536659e-11,9.999999999899356062e-01,1.006436526557536659e-11
9.999999999899356062e-01,1.006436526557536659e-11,9.999999999899357173e-01,1.006436526557536821e-11
9.999999999899356062e-01,1.006436526557536659e-11,9.999999999899357173e-01,1.006436526557536659e-11
9.999999999899356062e-01,1.006436526557536659e-11,9.999999999899357173e-01,1.006436526557536659e-11
9.999999999899356062e-01,1.006436526557536659e-11,9.999999999899357173e-01,1.006436526557536821e-11
9.999999999899356062e-01,1.006436526557536659e-11,9.999999999899357173e-01,1.006436526557536821e-11
9.999999999899356062e-01,1.006436526557536659e-11,9.999999999899357173e-01,1.006436526557536659e-11
9.999999999899356062e-01,1.006436526557536659e-11,9.999999999899357173e-01,1.006436526557536659e-11
9.999999999899356062e-01,1.006436526557536659e-11,9.999999999899357173e-01,1.006436526557536821e-11
9.999999999899356062e-01,1.006436526557536659e-11,9.999999999899357173e-01,1.006436526557536821e-11
9.999999999899356062e-01,1.006436526557536659e-11,9.999999999899357173e-01,1.006436526557536659e-11
9.999999999899356062e-01,1.006436526557536659e-11,9.999999999899357173e-01,1.006436526557536659e-11
9.999999999899356062e-01,1.006436526557536659e-11,9.999999999899357173e-01,1.006436526557536821e-11
9.999999999899356062e-01,1.006436526557536659e-11,9.999999999899357173e-01,1.006436526557536821e-11
9.999999999899356062e-01,1.006436526557536659e-11,9.999999999899357173e-01,1.006436526557536659e-11
9.999999999899356062e-01,1.006436526557536659e-11,9.999999999899357173e-01,1.006436526557536659e-11
9.999999999899356062e-01,1.006436526557536659e-11,9.999999999899357173e-01,1.006436526557536821e-11
9.999999999899356062e-01,1.006436526557536659e-11,9.999999999899357173e-01,1.006436526557536821e-11
9.999999999899356062e-01,1.006436526557536659e-11,9.999999999899357173e-01,1.006436526557536659e-11
9.999999999899356062e-01,1.006436526557536659e-11,9.999999999899357173e-01,1.006436526557536659e-11
9.999999999899356062e-01,1.006436526557536659e-11,9.999999999899357173e-01,1.006436526557536821e-11
9.999999999899356062e-01,1.006436526557536659e-11,9.999999999899357173e-01,1.006436526557536821e-11
9.999999999899356062e-01,1.006436526557536659e-11,9.999999999899357173e-01,1.006436526557536659e-11
9.999999999899356062e-01,1.006436526557536659e-11,9.999999999899357173e-01,1.006436526557536659e-11
9.999999999899356062e-01,1.006436526557536659e-11,9.999999999899357173e-01,1.006436526557536821e-11
9.999999999899356062e-01,1.006436526557536659e-11,9.999999999899357173e-01,1.006436526557536821e-11
9.999999999899356062e-01,1.006436526557536659e-11,9.999999999899357173e-01,1.006436526557536659e-11
9.999999999899356062e-01,1.006436526557536659e-11,9.999999999899357173e-01,1.006436526557536659e-11
9.999999999899356062e-01,1.006436526557536659e-11,9.999999999899357173e-01,1.006436526557536821e-11
9.999999999899356062e-01,1.006436526557536659e-11,9.999999999899357173e-01,1.006436526557536821e-11
9.999999999899356062e-01,1.006436526557536659e-11,9.999999999899357173e-01,1.006436526557536659e-11
9.999999999899356062e-01,1.006436526557536659e-11,9.999999999899357173e-01,1.006436526557536659e-11
9.999999999899356062e-01,1.006436526557536659e-11,9.999999999899357173e-01,1.006436526557536821e-11
9.999999999899356062e-01,1.006436526557536659e-11,9.999999999899357173e-01,1.006436526557536821e-11
9.999999999899356062e-01,1.006436526557536659e-11,9.999999999899357173e-01,1.006436526557536659e-11
9.999999999899356062e-01,1.006436526557536659e-11,9.999999999899357173e-01,1.006436526557536659e-11
9.999999999899356062e-01,1.006436526557536659e-11,9.999999999899357173e-01,1.006436526557536821e-11
9.999999999899356062e-01,1.006436526557536659e-11,9.999999999899357173e-01,1.006436526557536821e-11
9.999999999899356062e-01,1.006436526557536659e-11,9.999999999899357173e-01,1.006436526557536659e-11
9.999999999905299086e-01,9.470110774942860689e-12,9.999999999905299086e-01,9.470110774942862304e-12
9.999999999899356062e-01,1.006436526557536659e-11,9.999999999899357173e-01,1.006436526557536659e-11
9.999999999899356062e-01,1.006436526557536659e-11,9.999999999899357173e-01,1.006436526557536821e-11
9.999999999899356062e-01,1.006436526557536659e-11,9.999999999899357173e-01,1.006436526557536659e-11
9.999999999899356062e-01,1.006436526557536659e-11,9.999999999899357173e-01,1.006436526557536659e-11
9.999999999899356062e-01,1.006436526557536659e-11,9.999999999899357173e-01,1.006436526557536821e-11
9.999999999905299086e-01,9.470110774942860689e-12,9.999999999905299086e-01,9.470110774942862304e-12
9.999999999899356062e-01,1.006436526557536659e-11,9.999999999899357173e-01,1.006436526557536821e-11
9.999999999899356062e-01,1.006436526557536659e-11,9.999999999899357173e-01,1.006436526557536659e-11
9.999999999899356062e-01,1.006436526557536659e-11,9.999999999899357173e-01,1.006436526557536821e-11
9.999999999899356062e-01,1.006436526557536659e-11,9.999999999899357173e-01,1.006436526557536821e-11
9.999999999809391360e-01,1.906088483044513552e-11,9.999999999809390250e-01,1.906088483044513552e-11
9.999999999899356062e-01,1.006436526557536659e-11,9.999999999899357173e-01,1.006436526557536821e-11
9.999999999918550708e-01,8.144940324079871441e-12,9.999999999918550708e-01,8.144940324079871441e-12
9.999999999908945059e-01,9.105508767062051060e-12,9.999999999908945059e-01,9.105508767062052676e-12
9.999999999913983251e-01,8.601674835606658709e-12,9.999999999913984361e-01,8.601674835606660325e-12
9.999999999899356062e-01,1.006436526557536659e-11,9.999999999899357173e-01,1.006436526557536821e-11
9.999999999899356062e-01,1.006436526557536659e-11,9.999999999899357173e-01,1.006436526557536659e-11
9.999999999899356062e-01,1.006436526557536659e-11,9.999999999899357173e-01,1.006436526557536659e-11
9.999999999929860550e-01,7.013891618672186498e-12,9.999999999929861660e-01,7.013891618672187306e-12
9.999999999945707874e-01,5.429193516044923935e-12,9.999999999945708984e-01,5.429193516044924743e-12
9.999999999899356062e-01,1.006436526557536659e-11,9.999999999899356062e-01,1.006436526557536659e-11
9.999999999955372365e-01,4.462777587683136005e-12,9.999999999955372365e-01,4.462777587683136005e-12
9.999999999919976235e-01,8.002350202515633392e-12,9.999999999919977345e-01,8.002350202515633392e-12
9.999999999915555327e-01,8.444435846311211020e-12,9.999999999915555327e-01,8.444435846311212636e-12
9.999999999932954742e-01,6.704528808002745863e-12,9.999999999932953632e-01,6.704528808002745055e-12
9.999999999927624561e-01,7.237517422417695376e-12,9.999999999927624561e-01,7.237517422417696184e-12
9.999999999899356062e-01,1.006436526557536659e-11,9.999999999899356062e-01,1.006436526557536659e-11
9.999999999951999508e-01,4.800040419931763872e-12,9.999999999951999508e-01,4.800040419931763872e-12
9.999999999927624561e-01,7.237517422417695376e-12,9.999999999927623451e-01,7.237517422417696184e-12
9.999999999939095385e-01,6.090412875585010704e-12,9.999999999939095385e-01,6.090412875585009897e-12
9.999999999906338255e-01,9.366147881026150527e-12,9.999999999906338255e-01,9.366147881026148911e-12
9.999999999899356062e-01,1.006436526557536659e-11,9.999999999899356062e-01,1.006436526557536659e-11
9.999999999899356062e-01,1.006436526557536659e-11,9.999999999899357173e-01,1.006436526557536659e-11
9.999999999899356062e-01,1.006436526557536659e-11,9.999999999899357173e-01,1.006436526557536821e-11
9.999999999910679227e-01,8.932022517283187218e-12,9.999999999910680337e-01,8.932022517283188834e-12
9.999999999899356062e-01,1.006436526557536659e-11,9.999999999899357173e-01,1.006436526557536659e-11
9.999999999899356062e-01,1.006436526557536659e-11,9.999999999899357173e-01,1.006436526557536659e-11
9.999999999899356062e-01,1.006436526557536659e-11,9.999999999899357173e-01,1.006436526557536659e-11
9.999999999899356062e-01,1.006436526557536659e-11,9.999999999899357173e-01,1.006436526557536821e-11
9.999999999899356062e-01,1.006436526557536659e-11,9.999999999899357173e-01,1.006436526557536821e-11
9.999999999899356062e-01,1.006436526557536659e-11,9.999999999899357173e-01,1.006436526557536659e-11
9.999999999899356062e-01,1.006436526557536659e-11,9.999999999899357173e-01,1.006436526557536659e-11
9.999999999899356062e-01,1.006436526557536659e-11,9.999999999899357173e-01,1.006436526557536821e-11
9.999999999899356062e-01,1.006436526557536659e-11,9.999999999899357173e-01,1.006436526557536821e-11
9.999999999899356062e-01,1.006436526557536659e-11,9.999999999899357173e-01,1.006436526557536659e-11
9.999999999899356062e-01,1.006436526557536659e-11,9.999999999899357173e-01,1.006436526557536659e-11
9.999999999899356062e-01,1.006436526557536659e-11,9.999999999899357173e-01,1.006436526557536821e-11
9.999999999899356062e-01,1.006436526557536659e-11,9.999999999899357173e-01,1.006436526557536821e-11
9.999999999899356062e-01,1.006436526557536659e-11,9.999999999899357173e-01,1.006436526557536659e-11
9.999999999899356062e-01,1.006436526557536659e-11,9.999999999899357173e-01,1.006436526557536659e-11
9.999999999947765117e-01,5.223516961439367657e-12,9.999999999947765117e-01,5.223516961439367657e-12
9.999999999899356062e-01,1.006436526557536659e-11,9.999999999899357173e-01,1.006436526557536659e-11
9.999999999899356062e-01,1.006436526557536659e-11,9.999999999899357173e-01,1.006436526557536821e-11
9.999999999899356062e-01,1.006436526557536659e-11,9.999999999899357173e-01,1.006436526557536659e-11
9.999999999899356062e-01,1.006436526557536659e-11,9.999999999899357173e-01,1.006436526557536659e-11
9.999999999899356062e-01,1.006436526557536659e-11,9.999999999899357173e-01,1.006436526557536821e-11
9.999999999899356062e-01,1.006436526557536659e-11,9.999999999899357173e-01,1.006436526557536821e-11
9.999999999899356062e-01,1.006436526557536659e-11,9.999999999899357173e-01,1.006436526557536659e-11
9.999999999899356062e-01,1.006436526557536659e-11,9.999999999899357173e-01,1.006436526557536659e-11
9.999999999899356062e-01,1.006436526557536659e-11,9.999999999899357173e-01,1.006436526557536821e-11
9.999999999899356062e-01,1.006436526557536659e-11,9.999999999899357173e-01,1.006436526557536821e-11
9.999999999899356062e-01,1.006436526557536659e-11,9.999999999899357173e-01,1.006436526557536659e-11
9.999999999899356062e-01,1.006436526557536659e-11,9.999999999899357173e-01,1.006436526557536659e-11
9.999999999899356062e-01,1.006436526557536659e-11,9.999999999899357173e-01,1.006436526557536821e-11
9.999999999899356062e-01,1.006436526557536659e-11,9.999999999899357173e-01,1.006436526557536821e-11
9.999999999899356062e-01,1.006436526557536659e-11,9.999999999899357173e-01,1.006436526557536659e-11
9.999999999899356062e-01,1.006436526557536659e-11,9.999999999899357173e-01,1.006436526557536659e-11
9.999999999948683271e-01,5.131695836195937299e-12,9.999999999948683271e-01,5.131695836195937299e-12
9.999999999899356062e-01,1.006436526557536659e-11,9.999999999899357173e-01,1.006436526557536821e-11
9.999999999899356062e-01,1.006436526557536659e-11,9.999999999899357173e-01,1.006436526557536821e-11
9.999999999899356062e-01,1.006436526557536659e-11,9.999999999899357173e-01,1.006436526557536821e-11
9.999999999899356062e-01,1.006436526557536659e-11,9.999999999899357173e-01,1.006436526557536659e-11
9.999999999899356062e-01,1.006436526557536659e-11,9.999999999899357173e-01,1.006436526557536659e-11
9.999999999899356062e-01,1.006436526557536659e-11,9.999999999899357173e-01,1.006436526557536821e-11
9.999999999899356062e-01,1.006436526557536659e-11,9.999999999899357173e-01,1.006436526557536821e-11
9.999999999899356062e-01,1.006436526557536659e-11,9.999999999899357173e-01,1.006436526557536659e-11
9.999999999899356062e-01,1.006436526557536659e-11,9.999999999899357173e-01,1.006436526557536659e-11
9.999999999899356062e-01,1.006436526557536659e-11,9.999999999899357173e-01,1.006436526557536821e-11
9.999999999899356062e-01,1.006436526557536659e-11,9.999999999899357173e-01,1.006436526557536821e-11
9.999999999899356062e-01,1.006436526557536659e-11,9.999999999899357173e-01,1.006436526557536659e-11
9.999999999955387908e-01,4.461220696038503050e-12,9.999999999955387908e-01,4.461220696038503050e-12
9.999999999899356062e-01,1.006436526557536659e-11,9.999999999899356062e-01,1.006436526557536659e-11
9.999999999899356062e-01,1.006436526557536659e-11,9.999999999899357173e-01,1.006436526557536821e-11
9.999999999899356062e-01,1.006436526557536659e-11,9.999999999899357173e-01,1.006436526557536821e-11
9.999999999899356062e-01,1.006436526557536659e-11,9.999999999899357173e-01,1.006436526557536659e-11
9.999999999899356062e-01,1.006436526557536659e-11,9.999999999899357173e-01,1.006436526557536659e-11
9.999999999899356062e-01,1.006436526557536659e-11,9.999999999899357173e-01,1.006436526557536821e-11
9.999999999899356062e-01,1.006436526557536659e-11,9.999999999899357173e-01,1.006436526557536821e-11
9.999999999899356062e-01,1.006436526557536659e-11,9.999999999899357173e-01,1.006436526557536659e-11
9.999999999899356062e-01,1.006436526557536659e-11,9.999999999899357173e-01,1.006436526557536659e-11
9.999999999899356062e-01,1.006436526557536659e-11,9.999999999899357173e-01,1.006436526557536821e-11
9.999999999899356062e-01,1.006436526557536659e-11,9.999999999899357173e-01,1.006436526557536821e-11
9.999999999899356062e-01,1.006436526557536659e-11,9.999999999899357173e-01,1.006436526557536659e-11
9.999999999899356062e-01,1.006436526557536659e-11,9.999999999899357173e-01,1.006436526557536659e-11
9.999999999899356062e-01,1.006436526557536659e-11,9.999999999899357173e-01,1.006436526557536821e-11
9.999999999899356062e-01,1.006436526557536659e-11,9.999999999899357173e-01,1.006436526557536821e-11
9.999999999899356062e-01,1.006436526557536659e-11,9.999999999899357173e-01,1.006436526557536659e-11
9.999999999899356062e-01,1.006436526557536659e-11,9.999999999899357173e-01,1.006436526557536659e-11
9.999999999899356062e-01,1.006436526557536659e-11,9.999999999899357173e-01,1.006436526557536821e-11
9.999999999955432317e-01,4.456731138890891663e-12,9.999999999955433427e-01,4.456731138890892471e-12
9.999999999899356062e-01,1.006436526557536659e-11,9.999999999899356062e-01,1.006436526557536659e-11
9.999999999899356062e-01,1.006436526557536659e-11,9.999999999899357173e-01,1.006436526557536821e-11
9.999999999899356062e-01,1.006436526557536659e-11,9.999999999899357173e-01,1.006436526557536659e-11
9.999999999899356062e-01,1.006436526557536659e-11,9.999999999899357173e-01,1.006436526557536659e-11
9.999999999899356062e-01,1.006436526557536659e-11,9.999999999899357173e-01,1.006436526557536821e-11
9.999999999899356062e-01,1.006436526557536659e-11,9.999999999899357173e-01,1.006436526557536821e-11
9.999999999899356062e-01,1.006436526557536659e-11,9.999999999899357173e-01,1.006436526557536659e-11
9.999999999899356062e-01,1.006436526557536659e-11,9.999999999899357173e-01,1.006436526557536659e-11
9.999999999899356062e-01,1.006436526557536659e-11,9.999999999899357173e-01,1.006436526557536821e-11
9.999999999899356062e-01,1.006436526557536659e-11,9.999999999899357173e-01,1.006436526557536821e-11
9.999999999899356062e-01,1.006436526557536659e-11,9.999999999899357173e-01,1.006436526557536659e-11
9.999999999899356062e-01,1.006436526557536659e-11,9.999999999899357173e-01,1.006436526557536659e-11
9.999999999899356062e-01,1.006436526557536659e-11,9.999999999899357173e-01,1.006436526557536821e-11
9.999999999944296780e-01,5.570273398680856340e-12,9.999999999944297890e-01,5.570273398680857148e-12
9.999999999899356062e-01,1.006436526557536659e-11,9.999999999899357173e-01,1.006436526557536659e-11
9.999999999899356062e-01,1.006436526557536659e-11,9.999999999899357173e-01,1.006436526557536659e-11
9.999999999899356062e-01,1.006436526557536659e-11,9.999999999899357173e-01,1.006436526557536659e-11
9.999999999899356062e-01,1.006436526557536659e-11,9.999999999899357173e-01,1.006436526557536821e-11
9.999999999879028989e-01,1.209708840225712385e-11,9.999999999879030099e-01,1.209708840225712547e-11
9.999999999899356062e-01,1.006436526557536659e-11,9.999999999899357173e-01,1.006436526557536659e-11
9.999999999899356062e-01,1.006436526557536659e-11,9.999999999899357173e-01,1.006436526557536659e-11
9.999999999899356062e-01,1.006436526557536659e-11,9.999999999899357173e-01,1.006436526557536821e-11
9.999999999899356062e-01,1.006436526557536659e-11,9.999999999899357173e-01,1.006436526557536821e-11
9.999999999899356062e-01,1.006436526557536659e-11,9.999999999899357173e-01,1.006436526557536659e-11
9.999999999899356062e-01,1.006436526557536659e-11,9.999999999899357173e-01,1.006436526557536659e-11
9.999999999899356062e-01,1.006436526557536659e-11,9.999999999899357173e-01,1.006436526557536821e-11
9.999999999899356062e-01,1.006436526557536659e-11,9.999999999899357173e-01,1.006436526557536821e-11
9.999999999899356062e-01,1.006436526557536659e-11,9.999999999899357173e-01,1.006436526557536659e-11
9.999999999899356062e-01,1.006436526557536659e-11,9.999999999899357173e-01,1.006436526557536659e-11
9.999999999899356062e-01,1.006436526557536659e-11,9.999999999899357173e-01,1.006436526557536821e-11
9.999999999899356062e-01,1.006436526557536659e-11,9.999999999899357173e-01,1.006436526557536821e-11
9.999999999899356062e-01,1.006436526557536659e-11,9.999999999899357173e-01,1.006436526557536659e-11
9.999999999899356062e-01,1.006436526557536659e-11,9.999999999899357173e-01,1.006436526557536659e-11
9.999999999899356062e-01,1.006436526557536659e-11,9.999999999899357173e-01,1.006436526557536821e-11
9.999999999894058078e-01,1.059421469870005238e-11,9.999999999894058078e-01,1.059421469870005238e-11
9.999999999905299086e-01,9.470110774942860689e-12,9.999999999905299086e-01,9.470110774942860689e-12
9.999999999899356062e-01,1.006436526557536659e-11,9.999999999899357173e-01,1.006436526557536821e-11
9.999999999899356062e-01,1.006436526557536659e-11,9.999999999899357173e-01,1.006436526557536659e-11
9.999999999899356062e-01,1.006436526557536659e-11,9.999999999899357173e-01,1.006436526557536821e-11
9.999999999899356062e-01,1.006436526557536659e-11,9.999999999899357173e-01,1.006436526557536821e-11
9.999999999899356062e-01,1.006436526557536659e-11,9.999999999899357173e-01,1.006436526557536659e-11
9.999999999899356062e-01,1.006436526557536659e-11,9.999999999899357173e-01,1.006436526557536659e-11
9.999999999899356062e-01,1.006436526557536659e-11,9.999999999899357173e-01,1.006436526557536821e-11
9.999999999899356062e-01,1.006436526557536659e-11,9.999999999899357173e-01,1.006436526557536821e-11
9.999999999899356062e-01,1.006436526557536659e-11,9.999999999899357173e-01,1.006436526557536659e-11
9.999999999899356062e-01,1.006436526557536659e-11,9.999999999899357173e-01,1.006436526557536659e-11
9.999999999899356062e-01,1.006436526557536659e-11,9.999999999899357173e-01,1.006436526557536821e-11
9.999999999899356062e-01,1.006436526557536659e-11,9.999999999899357173e-01,1.006436526557536821e-11
9.999999999899356062e-01,1.006436526557536659e-11,9.999999999899357173e-01,1.006436526557536659e-11
9.999999999899356062e-01,1.006436526557536659e-11,9.999999999899357173e-01,1.006436526557536659e-11
9.999999999899356062e-01,1.006436526557536659e-11,9.999999999899357173e-01,1.006436526557536821e-11
9.999999999899356062e-01,1.006436526557536659e-11,9.999999999899357173e-01,1.006436526557536821e-11
9.999999999899356062e-01,1.006436526557536659e-11,9.999999999899357173e-01,1.006436526557536659e-11
9.999999999899356062e-01,1.006436526557536659e-11,9.999999999899357173e-01,1.006436526557536659e-11
9.999999999899356062e-01,1.006436526557536659e-11,9.999999999899357173e-01,1.006436526557536821e-11
9.999999999899356062e-01,1.006436526557536659e-11,9.999999999899357173e-01,1.006436526557536821e-11
9.999999999899356062e-01,1.006436526557536659e-11,9.999999999899357173e-01,1.006436526557536659e-11
9.999999999899356062e-01,1.006436526557536659e-11,9.999999999899357173e-01,1.006436526557536659e-11
9.999999999899356062e-01,1.006436526557536659e-11,9.999999999899357173e-01,1.006436526557536821e-11
9.999999999899356062e-01,1.006436526557536659e-11,9.999999999899357173e-01,1.006436526557536821e-11
9.999999999949931162e-01,5.006829722137265452e-12,9.999999999949932272e-01,5.006829722137265452e-12
9.999999999929860550e-01,7.013891618672185690e-12,9.999999999929861660e-01,7.013891618672187306e-12
9.999999999899356062e-01,1.006436526557536659e-11,9.999999999899356062e-01,1.006436526557536659e-11
9.999999999899356062e-01,1.006436526557536659e-11,9.999999999899357173e-01,1.006436526557536821e-11
9.999999999899356062e-01,1.006436526557536659e-11,9.999999999899357173e-01,1.006436526557536659e-11
9.999999999899356062e-01,1.006436526557536659e-11,9.999999999899357173e-01,1.006436526557536659e-11
9.999999999899356062e-01,1.006436526557536659e-11,9.999999999899357173e-01,1.006436526557536821e-11
9.999999999899356062e-01,1.006436526557536659e-11,9.999999999899357173e-01,1.006436526557536821e-11
9.999999999899356062e-01,1.006436526557536659e-11,9.999999999899357173e-01,1.006436526557536659e-11
9.999999999952163821e-01,4.783576317964525966e-12,9.999999999952164931e-01,4.783576317964526774e-12
9.999999999899356062e-01,1.006436526557536659e-11,9.999999999899356062e-01,1.006436526557536659e-11
9.999999999899356062e-01,1.006436526557536659e-11,9.999999999899357173e-01,1.006436526557536659e-11
9.999999999899356062e-01,1.006436526557536659e-11,9.999999999899357173e-01,1.006436526557536821e-11
9.999999999899356062e-01,1.006436526557536659e-11,9.999999999899357173e-01,1.006436526557536821e-11
9.999999999899356062e-01,1.006436526557536659e-11,9.999999999899357173e-01,1.006436526557536659e-11
9.999999999899356062e-01,1.006436526557536659e-11,9.999999999899357173e-01,1.006436526557536659e-11
9.999999999899356062e-01,1.006436526557536659e-11,9.999999999899357173e-01,1.006436526557536821e-11
9.999999999899356062e-01,1.006436526557536659e-11,9.999999999899357173e-01,1.006436526557536821e-11
9.999999999899356062e-01,1.006436526557536659e-11,9.999999999899357173e-01,1.006436526557536659e-11
9.999999999899356062e-01,1.006436526557536659e-11,9.999999999899357173e-01,1.006436526557536659e-11
9.999999999899356062e-01,1.006436526557536659e-11,9.999999999899357173e-01,1.006436526557536821e-11
9.999999999944296780e-01,5.570273398680856340e-12,9.999999999944297890e-01,5.570273398680857148e-12
9.999999999899356062e-01,1.006436526557536659e-11,9.999999999899357173e-01,1.006436526557536659e-11
9.999999999899356062e-01,1.006436526557536659e-11,9.999999999899357173e-01,1.006436526557536659e-11
9.999999999899356062e-01,1.006436526557536659e-11,9.999999999899357173e-01,1.006436526557536659e-11
9.999999999899356062e-01,1.006436526557536659e-11,9.999999999899357173e-01,1.006436526557536821e-11
9.999999999899356062e-01,1.006436526557536659e-11,9.999999999899357173e-01,1.006436526557536821e-11
9.999999999899356062e-01,1.006436526557536659e-11,9.999999999899357173e-01,1.006436526557536659e-11
9.999999999899356062e-01,1.006436526557536659e-11,9.999999999899357173e-01,1.006436526557536659e-11
9.999999999899356062e-01,1.006436526557536659e-11,9.999999999899357173e-01,1.006436526557536821e-11
9.999999999899356062e-01,1.006436526557536659e-11,9.999999999899357173e-01,1.006436526557536821e-11
9.999999999899356062e-01,1.006436526557536659e-11,9.999999999899357173e-01,1.006436526557536659e-11
9.999999999899356062e-01,1.006436526557536659e-11,9.999999999899357173e-01,1.006436526557536659e-11
9.999999999899356062e-01,1.006436526557536659e-11,9.999999999899357173e-01,1.006436526557536821e-11
9.999999999899356062e-01,1.006436526557536659e-11,9.999999999899357173e-01,1.006436526557536821e-11
9.999999999899356062e-01,1.006436526557536659e-11,9.999999999899357173e-01,1.006436526557536659e-11
9.999999999899356062e-01,1.006436526557536659e-11,9.999999999899357173e-01,1.006436526557536659e-11
9.999999999952163821e-01,4.783576317964525966e-12,9.999999999952164931e-01,4.783576317964526774e-12
9.999999999899356062e-01,1.006436526557536659e-11,9.999999999899356062e-01,1.006436526557536659e-11
9.999999999899356062e-01,1.006436526557536659e-11,9.999999999899357173e-01,1.006436526557536821e-11
9.999999999899356062e-01,1.006436526557536659e-11,9.999999999899357173e-01,1.006436526557536821e-11
9.999999999899356062e-01,1.006436526557536659e-11,9.999999999899357173e-01,1.006436526557536659e-11
9.999999999899356062e-01,1.006436526557536659e-11,9.999999999899357173e-01,1.006436526557536659e-11
9.999999999899356062e-01,1.006436526557536659e-11,9.999999999899357173e-01,1.006436526557536821e-11
9.999999999922692950e-01,7.730700947381286242e-12,9.999999999922692950e-01,7.730700947381286242e-12
9.999999999923986360e-01,7.601346801630824027e-12,9.999999999923986360e-01,7.601346801630824027e-12
9.999999999899356062e-01,1.006436526557536659e-11,9.999999999899356062e-01,1.006436526557536659e-11
9.999999999899356062e-01,1.006436526557536659e-11,9.999999999899357173e-01,1.006436526557536821e-11
9.999999999899356062e-01,1.006436526557536659e-11,9.999999999899357173e-01,1.006436526557536821e-11
9.999999999899356062e-01,1.006436526557536659e-11,9.999999999899357173e-01,1.006436526557536659e-11
9.999999999899356062e-01,1.006436526557536659e-11,9.999999999899357173e-01,1.006436526557536659e-11
9.999999999899356062e-01,1.006436526557536659e-11,9.999999999899357173e-01,1.006436526557536821e-11
9.999999999899356062e-01,1.006436526557536659e-11,9.999999999899357173e-01,1.006436526557536821e-11
9.999999999954056751e-01,4.594320500726418909e-12,9.999999999954055641e-01,4.594320500726418101e-12
9.999999999899356062e-01,1.006436526557536659e-11,9.999999999899356062e-01,1.006436526557536659e-11
9.999999999899356062e-01,1.006436526557536659e-11,9.999999999899357173e-01,1.006436526557536821e-11
9.999999999899356062e-01,1.006436526557536659e-11,9.999999999899357173e-01,1.006436526557536659e-11
9.999999999899356062e-01,1.006436526557536659e-11,9.999999999899357173e-01,1.006436526557536659e-11
9.999999999899356062e-01,1.006436526557536659e-11,9.999999999899357173e-01,1.006436526557536821e-11
9.999999999899356062e-01,1.006436526557536659e-11,9.999999999899357173e-01,1.006436526557536821e-11
9.999999999899356062e-01,1.006436526557536659e-11,9.999999999899357173e-01,1.006436526557536659e-11
9.999999999899356062e-01,1.006436526557536659e-11,9.999999999899357173e-01,1.006436526557536659e-11
9.999999999899356062e-01,1.006436526557536659e-11,9.999999999899357173e-01,1.006436526557536821e-11
9.999999999899356062e-01,1.006436526557536659e-11,9.999999999899357173e-01,1.006436526557536821e-11
9.999999999899356062e-01,1.006436526557536659e-11,9.999999999899357173e-01,1.006436526557536659e-11
9.999999999899356062e-01,1.006436526557536659e-11,9.999999999899357173e-01,1.006436526557536659e-11
9.999999999899356062e-01,1.006436526557536659e-11,9.999999999899357173e-01,1.006436526557536821e-11
9.999999999899356062e-01,1.006436526557536659e-11,9.999999999899357173e-01,1.006436526557536821e-11
9.999999999899356062e-01,1.006436526557536659e-11,9.999999999899357173e-01,1.006436526557536659e-11
9.999999999899356062e-01,1.006436526557536659e-11,9.999999999899357173e-01,1.006436526557536659e-11
9.999999999899356062e-01,1.006436526557536659e-11,9.999999999899357173e-01,1.006436526557536821e-11
9.999999999922692950e-01,7.730700947381286242e-12,9.999999999922692950e-01,7.730700947381286242e-12
9.999999999916409088e-01,8.359062569314931437e-12,9.999999999916409088e-01,8.359062569314931437e-12
9.999999999899356062e-01,1.006436526557536659e-11,9.999999999899356062e-01,1.006436526557536659e-11
9.999999999899356062e-01,1.006436526557536659e-11,9.999999999899357173e-01,1.006436526557536659e-11
9.999999999899356062e-01,1.006436526557536659e-11,9.999999999899357173e-01,1.006436526557536659e-11
9.999999999899356062e-01,1.006436526557536659e-11,9.999999999899357173e-01,1.006436526557536821e-11
9.999999999899356062e-01,1.006436526557536659e-11,9.999999999899357173e-01,1.006436526557536821e-11
9.999999999948683271e-01,5.131695836195937299e-12,9.999999999948683271e-01,5.131695836195937299e-12
9.999999999899356062e-01,1.006436526557536659e-11,9.999999999899357173e-01,1.006436526557536821e-11
9.999999999899356062e-01,1.006436526557536659e-11,9.999999999899357173e-01,1.006436526557536659e-11
9.999999999899356062e-01,1.006436526557536659e-11,9.999999999899357173e-01,1.006436526557536659e-11
9.999999999899356062e-01,1.006436526557536659e-11,9.999999999899357173e-01,1.006436526557536821e-11
9.999999999899356062e-01,1.006436526557536659e-11,9.999999999899357173e-01,1.006436526557536821e-11
9.999999999946544982e-01,5.345521493438271938e-12,9.999999999946544982e-01,5.345521493438271130e-12
9.999999999899356062e-01,1.006436526557536659e-11,9.999999999899357173e-01,1.006436526557536659e-11
9.999999999899356062e-01,1.006436526557536659e-11,9.999999999899357173e-01,1.006436526557536659e-11
9.999999999899356062e-01,1.006436526557536659e-11,9.999999999899357173e-01,1.006436526557536659e-11
9.999999999899356062e-01,1.006436526557536659e-11,9.999999999899357173e-01,1.006436526557536821e-11
9.999999999899356062e-01,1.006436526557536659e-11,9.999999999899357173e-01,1.006436526557536821e-11
9.999999999899356062e-01,1.006436526557536659e-11,9.999999999899357173e-01,1.006436526557536659e-11
9.999999999899356062e-01,1.006436526557536659e-11,9.999999999899357173e-01,1.006436526557536659e-11
9.999999999899356062e-01,1.006436526557536659e-11,9.999999999899357173e-01,1.006436526557536821e-11
9.999999999899356062e-01,1.006436526557536659e-11,9.999999999899357173e-01,1.006436526557536821e-11
9.999999999899356062e-01,1.006436526557536659e-11,9.999999999899357173e-01,1.006436526557536659e-11
9.999999999899356062e-01,1.006436526557536659e-11,9.999999999899357173e-01,1.006436526557536659e-11
9.999999999899356062e-01,1.006436526557536659e-11,9.999999999899357173e-01,1.006436526557536821e-11
9.999999999899356062e-01,1.006436526557536659e-11,9.999999999899357173e-01,1.006436526557536821e-11
9.999999999899356062e-01,1.006436526557536659e-11,9.999999999899357173e-01,1.006436526557536659e-11
9.999999999899356062e-01,1.006436526557536659e-11,9.999999999899357173e-01,1.006436526557536659e-11
9.999999999899356062e-01,1.006436526557536659e-11,9.999999999899357173e-01,1.006436526557536821e-11
9.999999999899356062e-01,1.006436526557536659e-11,9.999999999899357173e-01,1.006436526557536821e-11
9.999999999899356062e-01,1.006436526557536659e-11,9.999999999899357173e-01,1.006436526557536659e-11
9.999999999899356062e-01,1.006436526557536659e-11,9.999999999899357173e-01,1.006436526557536659e-11
9.999999999916409088e-01,8.359062569314931437e-12,9.999999999916409088e-01,8.359062569314933052e-12
9.999999999899356062e-01,1.006436526557536659e-11,9.999999999899356062e-01,1.006436526557536659e-11
9.999999999899356062e-01,1.006436526557536659e-11,9.999999999899357173e-01,1.006436526557536659e-11
9.999999999899356062e-01,1.006436526557536659e-11,9.999999999899357173e-01,1.006436526557536821e-11
9.999999999899356062e-01,1.006436526557536659e-11,9.999999999899357173e-01,1.006436526557536821e-11
9.999999999899356062e-01,1.006436526557536659e-11,9.999999999899357173e-01,1.006436526557536659e-11
9.999999999899356062e-01,1.006436526557536659e-11,9.999999999899357173e-01,1.006436526557536659e-11
9.999999999899356062e-01,1.006436526557536659e-11,9.999999999899357173e-01,1.006436526557536821e-11
9.999999999899356062e-01,1.006436526557536659e-11,9.999999999899357173e-01,1.006436526557536821e-11
9.999999999899356062e-01,1.006436526557536659e-11,9.999999999899357173e-01,1.006436526557536659e-11
9.999999999899356062e-01,1.006436526557536659e-11,9.999999999899357173e-01,1.006436526557536659e-11
9.999999999899356062e-01,1.006436526557536659e-11,9.999999999899357173e-01,1.006436526557536821e-11
9.999999999899356062e-01,1.006436526557536659e-11,9.999999999899357173e-01,1.006436526557536821e-11
9.999999999899356062e-01,1.006436526557536659e-11,9.999999999899357173e-01,1.006436526557536659e-11
9.999999999899356062e-01,1.006436526557536659e-11,9.999999999899357173e-01,1.006436526557536659e-11
9.999999999899356062e-01,1.006436526557536659e-11,9.999999999899357173e-01,1.006436526557536821e-11
9.999999999899356062e-01,1.006436526557536659e-11,9.999999999899357173e-01,1.006436526557536821e-11
9.999999999899356062e-01,1.006436526557536659e-11,9.999999999899357173e-01,1.006436526557536659e-11
9.999999999899356062e-01,1.006436526557536659e-11,9.999999999899357173e-01,1.006436526557536659e-11
9.999999999899356062e-01,1.006436526557536659e-11,9.999999999899357173e-01,1.006436526557536821e-11
9.999999999899356062e-01,1.006436526557536659e-11,9.999999999899357173e-01,1.006436526557536821e-11
9.999999999899356062e-01,1.006436526557536659e-11,9.999999999899357173e-01,1.006436526557536659e-11
9.999999999899356062e-01,1.006436526557536659e-11,9.999999999899357173e-01,1.006436526557536659e-11
9.999999999899356062e-01,1.006436526557536659e-11,9.999999999899357173e-01,1.006436526557536821e-11
9.999999999899356062e-01,1.006436526557536659e-11,9.999999999899357173e-01,1.006436526557536821e-11
9.999999999899356062e-01,1.006436526557536659e-11,9.999999999899357173e-01,1.006436526557536659e-11
9.999999999899356062e-01,1.006436526557536659e-11,9.999999999899357173e-01,1.006436526557536659e-11
9.999999999899356062e-01,1.006436526557536659e-11,9.999999999899357173e-01,1.006436526557536821e-11
9.999999999899356062e-01,1.006436526557536659e-11,9.999999999899357173e-01,1.006436526557536821e-11
9.999999999899356062e-01,1.006436526557536659e-11,9.999999999899357173e-01,1.006436526557536659e-11
9.999999999899356062e-01,1.006436526557536659e-11,9.999999999899357173e-01,1.006436526557536659e-11
9.999999999899356062e-01,1.006436526557536659e-11,9.999999999899357173e-01,1.006436526557536821e-11
9.999999999809391360e-01,1.906088483044513552e-11,9.999999999809390250e-01,1.906088483044513552e-11
9.999999999899356062e-01,1.006436526557536659e-11,9.999999999899357173e-01,1.006436526557536821e-11
9.999999999899356062e-01,1.006436526557536659e-11,9.999999999899357173e-01,1.006436526557536821e-11
9.999999999899356062e-01,1.006436526557536659e-11,9.999999999899357173e-01,1.006436526557536659e-11
9.999999999899356062e-01,1.006436526557536659e-11,9.999999999899357173e-01,1.006436526557536659e-11
9.999999999899356062e-01,1.006436526557536659e-11,9.999999999899357173e-01,1.006436526557536821e-11
9.999999999899356062e-01,1.006436526557536659e-11,9.999999999899357173e-01,1.006436526557536821e-11
9.999999999899356062e-01,1.006436526557536659e-11,9.999999999899357173e-01,1.006436526557536659e-11
9.999999999899356062e-01,1.006436526557536659e-11,9.999999999899357173e-01,1.006436526557536659e-11
9.999999999899356062e-01,1.006436526557536659e-11,9.999999999899357173e-01,1.006436526557536821e-11
9.999999999948926410e-01,5.107369090437681211e-12,9.999999999948925300e-01,5.107369090437681211e-12
9.999999999899356062e-01,1.006436526557536659e-11,9.999999999899356062e-01,1.006436526557536821e-11
9.999999999899356062e-01,1.006436526557536659e-11,9.999999999899357173e-01,1.006436526557536659e-11
9.999999999899356062e-01,1.006436526557536659e-11,9.999999999899357173e-01,1.006436526557536659e-11
9.999999999899356062e-01,1.006436526557536659e-11,9.999999999899357173e-01,1.006436526557536821e-11
9.999999999899356062e-01,1.006436526557536659e-11,9.999999999899357173e-01,1.006436526557536821e-11
9.999999999899356062e-01,1.006436526557536659e-11,9.999999999899357173e-01,1.006436526557536659e-11
9.999999999899356062e-01,1.006436526557536659e-11,9.999999999899357173e-01,1.006436526557536659e-11
9.999999999899356062e-01,1.006436526557536659e-11,9.999999999899357173e-01,1.006436526557536821e-11
9.999999999943958162e-01,5.604174516224690214e-12,9.999999999943959272e-01,5.604174516224690214e-12
9.999999999899356062e-01,1.006436526557536659e-11,9.999999999899356062e-01,1.006436526557536497e-11
9.999999999899356062e-01,1.006436526557536659e-11,9.999999999899357173e-01,1.006436526557536821e-11
9.999999999899356062e-01,1.006436526557536659e-11,9.999999999899357173e-01,1.006436526557536659e-11
9.999999999899356062e-01,1.006436526557536659e-11,9.999999999899357173e-01,1.006436526557536659e-11
9.999999997909720939e-01,2.090278510371158602e-10,9.999999997909722049e-01,2.090278510371158860e-10
9.999999999899356062e-01,1.006436526557536659e-11,9.999999999899356062e-01,1.006436526557536821e-11
9.999999999932954742e-01,6.704528808002745863e-12,9.999999999932954742e-01,6.704528808002745055e-12
9.999999999899356062e-01,1.006436526557536659e-11,9.999999999899357173e-01,1.006436526557536821e-11
9.999999999899356062e-01,1.006436526557536659e-11,9.999999999899357173e-01,1.006436526557536821e-11
9.999999999899356062e-01,1.006436526557536659e-11,9.999999999899357173e-01,1.006436526557536821e-11
9.999999999899356062e-01,1.006436526557536659e-11,9.999999999899357173e-01,1.006436526557536659e-11
9.999999999899356062e-01,1.006436526557536659e-11,9.999999999899357173e-01,1.006436526557536659e-11
9.999999999899356062e-01,1.006436526557536659e-11,9.999999999899357173e-01,1.006436526557536821e-11
9.999999999899356062e-01,1.006436526557536659e-11,9.999999999899357173e-01,1.006436526557536821e-11
9.999999999929860550e-01,7.013891618672186498e-12,9.999999999929861660e-01,7.013891618672186498e-12
9.999999999899356062e-01,1.006436526557536659e-11,9.999999999899356062e-01,1.006436526557536659e-11
9.999999999899356062e-01,1.006436526557536659e-11,9.999999999899357173e-01,1.006436526557536659e-11
9.999999999899356062e-01,1.006436526557536659e-11,9.999999999899357173e-01,1.006436526557536659e-11
9.999999999899356062e-01,1.006436526557536659e-11,9.999999999899357173e-01,1.006436526557536821e-11
9.999999999955205832e-01,4.479402961216933990e-12,9.999999999955205832e-01,4.479402961216933990e-12
9.999999999899356062e-01,1.006436526557536659e-11,9.999999999899357173e-01,1.006436526557536821e-11
9.999999999899356062e-01,1.006436526557536659e-11,9.999999999899357173e-01,1.006436526557536821e-11
9.999999999899356062e-01,1.006436526557536659e-11,9.999999999899357173e-01,1.006436526557536659e-11
9.999999999899356062e-01,1.006436526557536659e-11,9.999999999899357173e-01,1.006436526557536659e-11
9.999999999899356062e-01,1.006436526557536659e-11,9.999999999899357173e-01,1.006436526557536821e-11
9.999999999899356062e-01,1.006436526557536659e-11,9.999999999899357173e-01,1.006436526557536821e-11
9.999999999899356062e-01,1.006436526557536659e-11,9.999999999899357173e-01,1.006436526557536659e-11
9.999999999899356062e-01,1.006436526557536659e-11,9.999999999899357173e-01,1.006436526557536659e-11
9.999999999899356062e-01,1.006436526557536659e-11,9.999999999899357173e-01,1.006436526557536821e-11
9.999999999899356062e-01,1.006436526557536659e-11,9.999999999899357173e-01,1.006436526557536821e-11
9.999999999899356062e-01,1.006436526557536659e-11,9.999999999899357173e-01,1.006436526557536659e-11
9.999999999899356062e-01,1.006436526557536659e-11,9.999999999899357173e-01,1.006436526557536659e-11
9.999999999899356062e-01,1.006436526557536659e-11,9.999999999899357173e-01,1.006436526557536821e-11
9.999999999899356062e-01,1.006436526557536659e-11,9.999999999899357173e-01,1.006436526557536821e-11
9.999999999899356062e-01,1.006436526557536659e-11,9.999999999899357173e-01,1.006436526557536659e-11
9.999999999899356062e-01,1.006436526557536659e-11,9.999999999899357173e-01,1.006436526557536659e-11
9.999999999899356062e-01,1.006436526557536659e-11,9.999999999899357173e-01,1.006436526557536821e-11
9.999999999899356062e-01,1.006436526557536659e-11,9.999999999899357173e-01,1.006436526557536821e-11
9.999999999899356062e-01,1.006436526557536659e-11,9.999999999899357173e-01,1.006436526557536659e-11
9.999999999899356062e-01,1.006436526557536659e-11,9.999999999899357173e-01,1.006436526557536659e-11
9.999999999899356062e-01,1.006436526557536659e-11,9.999999999899357173e-01,1.006436526557536821e-11
9.999999999899356062e-01,1.006436526557536659e-11,9.999999999899357173e-01,1.006436526557536821e-11
9.999999999899356062e-01,1.006436526557536659e-11,9.999999999899357173e-01,1.006436526557536659e-11
9.999999999943958162e-01,5.604174516224690214e-12,9.999999999943959272e-01,5.604174516224689406e-12
9.999999999899356062e-01,1.006436526557536659e-11,9.999999999899356062e-01,1.006436526557536497e-11
9.999999999899356062e-01,1.006436526557536659e-11,9.999999999899357173e-01,1.006436526557536659e-11
9.999999999899356062e-01,1.006436526557536659e-11,9.999999999899357173e-01,1.006436526557536821e-11
9.999999999899356062e-01,1.006436526557536659e-11,9.999999999899357173e-01,1.006436526557536821e-11
9.999999999899356062e-01,1.006436526557536659e-11,9.999999999899357173e-01,1.006436526557536659e-11
9.999999999899356062e-01,1.006436526557536659e-11,9.999999999899357173e-01,1.006436526557536659e-11
9.999999999899356062e-01,1.006436526557536659e-11,9.999999999899357173e-01,1.006436526557536821e-11
9.999999999899356062e-01,1.006436526557536659e-11,9.999999999899357173e-01,1.006436526557536821e-11
9.999999999950521801e-01,4.947834189859316537e-12,9.999999999950520690e-01,4.947834189859316537e-12
9.999999999899356062e-01,1.006436526557536659e-11,9.999999999899357173e-01,1.006436526557536821e-11
9.999999999899356062e-01,1.006436526557536659e-11,9.999999999899357173e-01,1.006436526557536659e-11
9.999999999899356062e-01,1.006436526557536659e-11,9.999999999899357173e-01,1.006436526557536659e-11
9.999999999899356062e-01,1.006436526557536659e-11,9.999999999899357173e-01,1.006436526557536821e-11
9.999999999899356062e-01,1.006436526557536659e-11,9.999999999899357173e-01,1.006436526557536821e-11
9.999999999899356062e-01,1.006436526557536659e-11,9.999999999899357173e-01,1.006436526557536659e-11
9.999999999899356062e-01,1.006436526557536659e-11,9.999999999899357173e-01,1.006436526557536659e-11
9.999999999899356062e-01,1.006436526557536659e-11,9.999999999899357173e-01,1.006436526557536821e-11
9.999999999899356062e-01,1.006436526557536659e-11,9.999999999899357173e-01,1.006436526557536821e-11
9.999999999899356062e-01,1.006436526557536659e-11,9.999999999899357173e-01,1.006436526557536659e-11
9.999999999899356062e-01,1.006436526557536659e-11,9.999999999899357173e-01,1.006436526557536659e-11
9.999999999899356062e-01,1.006436526557536659e-11,9.999999999899357173e-01,1.006436526557536821e-11
9.999999999650964755e-01,3.490349648693226779e-11,9.999999999650964755e-01,3.490349648693227425e-11
9.999999999899356062e-01,1.006436526557536659e-11,9.999999999899357173e-01,1.006436526557536659e-11
9.999999999899356062e-01,1.006436526557536659e-11,9.999999999899357173e-01,1.006436526557536821e-11
9.999999999899356062e-01,1.006436526557536659e-11,9.999999999899357173e-01,1.006436526557536659e-11
9.999999999899356062e-01,1.006436526557536659e-11,9.999999999899357173e-01,1.006436526557536659e-11
9.999999999899356062e-01,1.006436526557536659e-11,9.999999999899357173e-01,1.006436526557536821e-11
9.999999999899356062e-01,1.006436526557536659e-11,9.999999999899357173e-01,1.006436526557536821e-11
9.999999999899356062e-01,1.006436526557536659e-11,9.999999999899357173e-01,1.006436526557536659e-11
9.999999999899356062e-01,1.006436526557536659e-11,9.999999999899357173e-01,1.006436526557536659e-11
9.999999999899356062e-01,1.006436526557536659e-11,9.999999999899357173e-01,1.006436526557536821e-11
9.999999999899356062e-01,1.006436526557536659e-11,9.999999999899357173e-01,1.006436526557536821e-11
9.999999999899356062e-01,1.006436526557536659e-11,9.999999999899357173e-01,1.006436526557536659e-11
9.999999999899356062e-01,1.006436526557536659e-11,9.999999999899357173e-01,1.006436526557536659e-11
9.999999999899356062e-01,1.006436526557536659e-11,9.999999999899357173e-01,1.006436526557536821e-11
9.999999999899356062e-01,1.006436526557536659e-11,9.999999999899357173e-01,1.006436526557536821e-11
9.999999999542145135e-01,4.578553539551430190e-11,9.999999999542144025e-01,4.578553539551429544e-11
9.999999999899356062e-01,1.006436526557536497e-11,9.999999999899356062e-01,1.006436526557536821e-11
9.999999999899356062e-01,1.006436526557536659e-11,9.999999999899357173e-01,1.006436526557536659e-11
9.999999999899356062e-01,1.006436526557536659e-11,9.999999999899357173e-01,1.006436526557536659e-11
9.999999999899356062e-01,1.006436526557536659e-11,9.999999999899357173e-01,1.006436526557536821e-11
9.999999999899356062e-01,1.006436526557536659e-11,9.999999999899357173e-01,1.006436526557536821e-11
9.999999999899356062e-01,1.006436526557536659e-11,9.999999999899357173e-01,1.006436526557536659e-11
9.999999999899356062e-01,1.006436526557536659e-11,9.999999999899357173e-01,1.006436526557536659e-11
9.999999999899356062e-01,1.006436526557536659e-11,9.999999999899357173e-01,1.006436526557536821e-11
9.999999999899356062e-01,1.006436526557536659e-11,9.999999999899357173e-01,1.006436526557536821e-11
9.999999999899356062e-01,1.006436526557536659e-11,9.999999999899357173e-01,1.006436526557536659e-11
9.999999999899356062e-01,1.006436526557536659e-11,9.999999999899357173e-01,1.006436526557536659e-11
9.999999999899356062e-01,1.006436526557536659e-11,9.999999999899357173e-01,1.006436526557536821e-11
9.999999997909720939e-01,2.090278510371158602e-10,9.999999997909722049e-01,2.090278510371158860e-10
9.999999999899356062e-01,1.006436526557536659e-11,9.999999999899356062e-01,1.006436526557536821e-11
9.999999999899356062e-01,1.006436526557536659e-11,9.999999999899357173e-01,1.006436526557536821e-11
9.999999999899356062e-01,1.006436526557536659e-11,9.999999999899357173e-01,1.006436526557536659e-11
9.999999999899356062e-01,1.006436526557536659e-11,9.999999999899357173e-01,1.006436526557536659e-11
9.999999999899356062e-01,1.006436526557536659e-11,9.999999999899357173e-01,1.006436526557536821e-11
9.999999999899356062e-01,1.006436526557536659e-11,9.999999999899357173e-01,1.006436526557536821e-11
9.999999999899356062e-01,1.006436526557536659e-11,9.999999999899357173e-01,1.006436526557536659e-11
9.999999997909720939e-01,2.090278510371158602e-10,9.999999997909722049e-01,2.090278510371158860e-10
9.999999999899356062e-01,1.006436526557536659e-11,9.999999999899356062e-01,1.006436526557536821e-11
9.999999999894058078e-01,1.059421469870005238e-11,9.999999999894058078e-01,1.059421469870005238e-11
9.999999999899356062e-01,1.006436526557536659e-11,9.999999999899356062e-01,1.006436526557536659e-11
9.999999999899356062e-01,1.006436526557536659e-11,9.999999999899357173e-01,1.006436526557536821e-11
9.999999999899356062e-01,1.006436526557536659e-11,9.999999999899357173e-01,1.006436526557536821e-11
9.999999999951999508e-01,4.800040419931763872e-12,9.999999999951999508e-01,4.800040419931763872e-12
9.999999999899356062e-01,1.006436526557536659e-11,9.999999999899356062e-01,1.006436526557536821e-11
9.999999999899356062e-01,1.006436526557536659e-11,9.999999999899357173e-01,1.006436526557536659e-11
9.999999999918550708e-01,8.144940324079871441e-12,9.999999999918550708e-01,8.144940324079873057e-12
9.999999999899356062e-01,1.006436526557536659e-11,9.999999999899357173e-01,1.006436526557536821e-11
9.999999999899356062e-01,1.006436526557536659e-11,9.999999999899357173e-01,1.006436526557536659e-11
9.999999999946544982e-01,5.345521493438271938e-12,9.999999999946544982e-01,5.345521493438271130e-12
9.999999999952000618e-01,4.800040419931763872e-12,9.999999999951999508e-01,4.800040419931763065e-12
9.999999999899356062e-01,1.006436526557536659e-11,9.999999999899356062e-01,1.006436526557536821e-11
9.999999999899356062e-01,1.006436526557536659e-11,9.999999999899357173e-01,1.006436526557536659e-11
9.999999999899356062e-01,1.006436526557536659e-11,9.999999999899357173e-01,1.006436526557536821e-11
9.999999999899356062e-01,1.006436526557536659e-11,9.999999999899357173e-01,1.006436526557536821e-11
9.999999999899356062e-01,1.006436526557536659e-11,9.999999999899357173e-01,1.006436526557536659e-11
9.999999999899356062e-01,1.006436526557536659e-11,9.999999999899357173e-01,1.006436526557536659e-11
9.999999999899356062e-01,1.006436526557536659e-11,9.999999999899357173e-01,1.006436526557536821e-11
9.999999999899356062e-01,1.006436526557536659e-11,9.999999999899357173e-01,1.006436526557536821e-11
9.999999999955205832e-01,4.479402961216933990e-12,9.999999999955205832e-01,4.479402961216933990e-12
9.999999999899356062e-01,1.006436526557536659e-11,9.999999999899357173e-01,1.006436526557536659e-11
9.999999999941007189e-01,5.899290110926180300e-12,9.999999999941007189e-01,5.899290110926179492e-12
9.999999999203141865e-01,7.968584050879436248e-11,9.999999999203141865e-01,7.968584050879436248e-11
9.999999999899356062e-01,1.006436526557536659e-11,9.999999999899356062e-01,1.006436526557536659e-11
9.999999995101670480e-01,4.898329619689137195e-10,9.999999995101670480e-01,4.898329619689137195e-10
9.999971298270134978e-01,2.870172986448141955e-06,9.999971298270136089e-01,2.870172986448141955e-06
9.999999999542145135e-01,4.578553539551430190e-11,9.999999999542144025e-01,4.578553539551429544e-11
9.999998453444800539e-01,1.546555199387388826e-07,9.999998453444800539e-01,1.546555199387389090e-07
9.438928158119734709e-16,9.999999999999990008e-01,9.438928158119734709e-16,9.999999999999990008e-01
9.999999999941006079e-01,5.899290110926179492e-12,9.999999999941007189e-01,5.899290110926180300e-12
3.118280795817128158e-12,9.999999999968818276e-01,3.118280795817127351e-12,9.999999999968817166e-01
9.999996165722054853e-01,3.834277945064682940e-07,9.999996165722054853e-01,3.834277945064683469e-07
9.998888664507017410e-01,1.111335492982466939e-04,9.998888664507017410e-01,1.111335492982467075e-04
9.999999999542144025e-01,4.578553539551429544e-11,9.999999999542144025e-01,4.578553539551429544e-11
9.999999978183631288e-01,2.181636925044639813e-09,9.999999978183630178e-01,2.181636925044639813e-09
9.999999698367982859e-01,3.016320162128397415e-08,9.999999698367982859e-01,3.016320162128397415e-08
2.800694639660818996e-01,7.199305360339181004e-01,2.800694639660818996e-01,7.199305360339181004e-01
9.999998453444801649e-01,1.546555199387388826e-07,9.999998453444800539e-01,1.546555199387389090e-07
9.999999999411371965e-01,5.886277232111930896e-11,9.999999999411371965e-01,5.886277232111929603e-11
9.999999999951034724e-01,4.896557034086601837e-12,9.999999999951034724e-01,4.896557034086601837e-12
9.999999997909720939e-01,2.090278510371158343e-10,9.999999997909722049e-01,2.090278510371158860e-10
9.998888664507017410e-01,1.111335492982466939e-04,9.998888664507017410e-01,1.111335492982466939e-04
9.999999999913983251e-01,8.601674835606660325e-12,9.999999999913982140e-01,8.601674835606658709e-12
9.999999999899356062e-01,1.006436526557536659e-11,9.999999999899357173e-01,1.006436526557536821e-11
9.999999999939095385e-01,6.090412875585010704e-12,9.999999999939096496e-01,6.090412875585011512e-12
9.999999999899356062e-01,1.006436526557536659e-11,9.999999999899356062e-01,1.006436526557536659e-11
9.999999999950521801e-01,4.947834189859316537e-12,9.999999999950520690e-01,4.947834189859316537e-12
9.999999352164864463e-01,6.478351360295754466e-08,9.999999352164863353e-01,6.478351360295754466e-08
9.999999999954979346e-01,4.502010443801015973e-12,9.999999999954979346e-01,4.502010443801015973e-12
9.999999999933497641e-01,6.650344746761938918e-12,9.999999999933496531e-01,6.650344746761938918e-12
9.999999999952164931e-01,4.783576317964526774e-12,9.999999999952163821e-01,4.783576317964526774e-12
9.999999999929860550e-01,7.013891618672185690e-12,9.999999999929860550e-01,7.013891618672185690e-12
9.999999999922692950e-01,7.730700947381286242e-12,9.999999999922692950e-01,7.730700947381286242e-12
9.999999999203141865e-01,7.968584050879436248e-11,9.999999999203142975e-01,7.968584050879436248e-11
9.999999999916409088e-01,8.359062569314931437e-12,9.999999999916409088e-01,8.359062569314933052e-12
9.999999999937111417e-01,6.288878759535914850e-12,9.999999999937110307e-01,6.288878759535914042e-12
9.999999352164864463e-01,6.478351360295754466e-08,9.999999352164864463e-01,6.478351360295755789e-08
9.999999352164863353e-01,6.478351360295754466e-08,9.999999352164863353e-01,6.478351360295754466e-08
9.998888664507017410e-01,1.111335492982467075e-04,9.998888664507018520e-01,1.111335492982466939e-04
9.999999999203141865e-01,7.968584050879436248e-11,9.999999999203140755e-01,7.968584050879436248e-11
9.999999352164864463e-01,6.478351360295754466e-08,9.999999352164863353e-01,6.478351360295754466e-08
9.999998665735748693e-01,1.334264250857902758e-07,9.999998665735747583e-01,1.334264250857902758e-07
9.999998665735749803e-01,1.334264250857903023e-07,9.999998665735748693e-01,1.334264250857902758e-07
9.999998665735749803e-01,1.334264250857903023e-07,9.999998665735748693e-01,1.334264250857902758e-07
9.999998665735749803e-01,1.334264250857903023e-07,9.999998665735748693e-01,1.334264250857902758e-07
9.999998665735749803e-01,1.334264250857903023e-07,9.999998665735748693e-01,1.334264250857902758e-07
9.999998665735749803e-01,1.334264250857903023e-07,9.999998665735748693e-01,1.334264250857902758e-07
9.999998665735749803e-01,1.334264250857903023e-07,9.999998665735748693e-01,1.334264250857902758e-07
9.999998665735749803e-01,1.334264250857903023e-07,9.999998665735748693e-01,1.334264250857902758e-07
9.999998665735749803e-01,1.334264250857903023e-07,9.999998665735748693e-01,1.334264250857902758e-07
9.999998665735749803e-01,1.334264250857903023e-07,9.999998665735748693e-01,1.334264250857902758e-07
9.999998665735749803e-01,1.334264250857903023e-07,9.999998665735748693e-01,1.334264250857902758e-07
9.999998665735749803e-01,1.334264250857903023e-07,9.999998665735748693e-01,1.334264250857902758e-07
9.999998665735749803e-01,1.334264250857903023e-07,9.999998665735748693e-01,1.334264250857902758e-07
9.999998665735749803e-01,1.334264250857903023e-07,9.999998665735748693e-01,1.334264250857902758e-07
9.999998665735749803e-01,1.334264250857903023e-07,9.999998665735748693e-01,1.334264250857902758e-07
9.999998665735749803e-01,1.334264250857903023e-07,9.999998665735748693e-01,1.334264250857902758e-07
9.999998665735749803e-01,1.334264250857903023e-07,9.999998665735748693e-01,1.334264250857902758e-07
9.999998665735749803e-01,1.334264250857903023e-07,9.999998665735748693e-01,1.334264250857902758e-07
9.999998665735749803e-01,1.334264250857903023e-07,9.999998665735748693e-01,1.334264250857902758e-07
9.999998665735749803e-01,1.334264250857903023e-07,9.999998665735748693e-01,1.334264250857902758e-07
9.999998665735749803e-01,1.334264250857903023e-07,9.999998665735748693e-01,1.334264250857902758e-07
9.999998665735749803e-01,1.334264250857903023e-07,9.999998665735748693e-01,1.334264250857902758e-07
9.999998665735749803e-01,1.334264250857903023e-07,9.999998665735748693e-01,1.334264250857902758e-07
9.999998665735749803e-01,1.334264250857903023e-07,9.999998665735748693e-01,1.334264250857902758e-07
9.999998665735749803e-01,1.334264250857903023e-07,9.999998665735748693e-01,1.334264250857902758e-07
9.999998665735749803e-01,1.334264250857903023e-07,9.999998665735748693e-01,1.334264250857902758e-07
9.999998665735749803e-01,1.334264250857903023e-07,9.999998665735748693e-01,1.334264250857902758e-07
9.999998665735749803e-01,1.334264250857903023e-07,9.999998665735748693e-01,1.334264250857902758e-07
9.999998665735749803e-01,1.334264250857903023e-07,9.999998665735748693e-01,1.334264250857902758e-07
9.999998665735749803e-01,1.334264250857903023e-07,9.999998665735748693e-01,1.334264250857902758e-07
9.999998665735749803e-01,1.334264250857903023e-07,9.999998665735748693e-01,1.334264250857902758e-07
9.999998665735749803e-01,1.334264250857903023e-07,9.999998665735748693e-01,1.334264250857902758e-07
9.999998665735749803e-01,1.334264250857903023e-07,9.999998665735748693e-01,1.334264250857902758e-07
9.999998665735749803e-01,1.334264250857903023e-07,9.999998665735748693e-01,1.334264250857902758e-07
9.999998665735749803e-01,1.334264250857903023e-07,9.999998665735748693e-01,1.334264250857902758e-07
9.999998665735749803e-01,1.334264250857903023e-07,9.999998665735748693e-01,1.334264250857902758e-07
9.999998665735749803e-01,1.334264250857903023e-07,9.999998665735748693e-01,1.334264250857902758e-07
9.999998665735749803e-01,1.334264250857903023e-07,9.999998665735748693e-01,1.334264250857902758e-07
9.999998665735749803e-01,1.334264250857903023e-07,9.999998665735748693e-01,1.334264250857902758e-07
9.999998665735749803e-01,1.334264250857903023e-07,9.999998665735748693e-01,1.334264250857902758e-07
9.999998665735749803e-01,1.334264250857903023e-07,9.999998665735748693e-01,1.334264250857902758e-07
9.999998665735749803e-01,1.334264250857903023e-07,9.999998665735748693e-01,1.334264250857902758e-07
9.999998665735749803e-01,1.334264250857903023e-07,9.999998665735748693e-01,1.334264250857902758e-07
9.999998665735749803e-01,1.334264250857903023e-07,9.999998665735748693e-01,1.334264250857902758e-07
9.999998665735749803e-01,1.334264250857903023e-07,9.999998665735748693e-01,1.334264250857902758e-07
9.999998665735749803e-01,1.334264250857903023e-07,9.999998665735748693e-01,1.334264250857902758e-07
9.999998665735749803e-01,1.334264250857903023e-07,9.999998665735748693e-01,1.334264250857902758e-07
9.999998665735749803e-01,1.334264250857903023e-07,9.999998665735748693e-01,1.334264250857902758e-07
9.999998665735749803e-01,1.334264250857903023e-07,9.999998665735748693e-01,1.334264250857902758e-07
9.999998665735749803e-01,1.334264250857903023e-07,9.999998665735748693e-01,1.334264250857902758e-07
9.999999999899356062e-01,1.006436526557536659e-11,9.999999999899354952e-01,1.006436526557536497e-11
9.012425899552200041e-20,1.000000000000000000e+00,9.012425899552198837e-20,1.000000000000000000e+00
9.438928158119736681e-16,9.999999999999991118e-01,9.438928158119736681e-16,9.999999999999991118e-01
9.995273477505109971e-01,4.726522494890491037e-04,9.995273477505109971e-01,4.726522494890490495e-04
9.999999352164864463e-01,6.478351360295755789e-08,9.999999352164864463e-01,6.478351360295754466e-08
9.887602347579522721e-01,1.123976524204770358e-02,9.887602347579523832e-01,1.123976524204770185e-02
9.999999999906338255e-01,9.366147881026150527e-12,9.999999999906338255e-01,9.366147881026148911e-12
9.999999352164864463e-01,6.478351360295755789e-08,9.999999352164864463e-01,6.478351360295754466e-08
9.999696545150293936e-01,3.034548497055941671e-05,9.999696545150293936e-01,3.034548497055941332e-05
9.999999999947278839e-01,5.272117414844184293e-12,9.999999999947278839e-01,5.272117414844185909e-12
9.999999999411373075e-01,5.886277232111932188e-11,9.999999999411371965e-01,5.886277232111930896e-11
9.999999978183631288e-01,2.181636925044639399e-09,9.999999978183631288e-01,2.181636925044639813e-09
9.999999999952163821e-01,4.783576317964525966e-12,9.999999999952163821e-01,4.783576317964525966e-12
9.999999999954980456e-01,4.502010443801015973e-12,9.999999999954979346e-01,4.502010443801015973e-12
9.999999999411373075e-01,5.886277232111932188e-11,9.999999999411371965e-01,5.886277232111932188e-11
9.999999996834015858e-01,3.165983998486477434e-10,9.999999996834015858e-01,3.165983998486476917e-10
9.999999998902970866e-01,1.097029182933491070e-10,9.999999998902970866e-01,1.097029182933491070e-10
9.999971298270134978e-01,2.870172986448141955e-06,9.999971298270136089e-01,2.870172986448142379e-06
9.999912770566484754e-01,8.722943351540687575e-06,9.999912770566484754e-01,8.722943351540689269e-06
9.999999999906338255e-01,9.366147881026150527e-12,9.999999999906339365e-01,9.366147881026152142e-12
9.999999999952163821e-01,4.783576317964525966e-12,9.999999999952164931e-01,4.783576317964526774e-12
9.999999998902970866e-01,1.097029182933491070e-10,9.999999998902969756e-01,1.097029182933491070e-10
9.999999995101670480e-01,4.898329619689137195e-10,9.999999995101670480e-01,4.898329619689137195e-10
1.204632648621563613e-17,1.000000000000000000e+00,1.204632648621563459e-17,1.000000000000000000e+00
2.660874160976113805e-54,1.000000000000000000e+00,2.660874160976113805e-54,1.000000000000000000e+00
1.729472159156367546e-86,1.000000000000000000e+00,1.729472159156367546e-86,1.000000000000000000e+00
4.600492363018046273e-46,1.000000000000000000e+00,4.600492363018045496e-46,1.000000000000000000e+00
1.000000000000000000e+00,4.600492363084991827e-36,1.267032375591914270e-302,1.000000000000000000e+00
1.267032375573476172e-292,1.000000000000000000e+00,1.023414841560551958e-316,1.000000000000000000e+00
1.267032375591914247e-292,1.000000000000000000e+00,4.500959010898248043e-134,1.000000000000000000e+00
9.999999978183631288e-01,2.181636925044639399e-09,9.999999978183631288e-01,2.181636925044639399e-09
8.800956425886403647e-125,1.000000000000000000e+00,8.800956425886404697e-125,1.000000000000000000e+00
2.350216348675133254e-154,1.000000000000000000e+00,2.350216348675133254e-154,1.000000000000000000e+00
1.000000000000000000e+00,2.350216348675133227e-144,2.647869429135044998e-203,1.000000000000000000e+00
2.418487454746348596e-100,1.000000000000000000e+00,2.418487454746348596e-100,1.000000000000000000e+00
6.877579828310444650e-27,1.000000000000000000e+00,6.877579828310446085e-27,1.000000000000000000e+00
6.045497240068945684e-108,1.000000000000000000e+00,6.045497240068946441e-108,1.000000000000000000e+00
1.729472159156367546e-86,1.000000000000000000e+00,1.729472159156367546e-86,1.000000000000000000e+00
3.869696153037837773e-116,1.000000000000000000e+00,3.869696153037837773e-116,1.000000000000000000e+00
2.165113646084434009e-74,1.000000000000000000e+00,2.165113646084434402e-74,1.000000000000000000e+00
9.999999999954550800e-01,4.544940010514135063e-12,9.999999999954549690e-01,4.544940010514135063e-12
9.999999999203141865e-01,7.968584050879436248e-11,9.999999999203142975e-01,7.968584050879437540e-11
9.452084402548475150e-01,5.479155974515254740e-02,9.452084402548475150e-01,5.479155974515255434e-02
9.999999999809391360e-01,1.906088483044513875e-11,9.999999999809391360e-01,1.906088483044513552e-11
9.999999999954979346e-01,4.502010443801015165e-12,9.999999999954979346e-01,4.502010443801015973e-12
9.999999999955433427e-01,4.456731138890892471e-12,9.999999999955433427e-01,4.456731138890892471e-12
9.999999999916409088e-01,8.359062569314933052e-12,9.999999999916410198e-01,8.359062569314933052e-12
9.999999999946250773e-01,5.374910414105836663e-12,9.999999999946250773e-01,5.374910414105836663e-12
9.999696545150295046e-01,3.034548497055941671e-05,9.999696545150293936e-01,3.034548497055941332e-05
9.999999995101670480e-01,4.898329619689137195e-10,9.999999995101670480e-01,4.898329619689137195e-10
3.802272892227976599e-93,1.000000000000000000e+00,3.802272892227976173e-93,1.000000000000000000e+00
8.282882430991953417e-39,1.000000000000000000e+00,8.282882430991952112e-39,1.000000000000000000e+00
1.909432868908196025e-06,9.999980905671310705e-01,1.909432868908195602e-06,9.999980905671310705e-01
3.397932514560491463e-80,1.000000000000000000e+00,3.397932514560491463e-80,1.000000000000000000e+00
3.869696153037837209e-116,1.000000000000000000e+00,3.869696153037837773e-116,1.000000000000000000e+00
9.525930785982880849e-64,1.000000000000000000e+00,9.525930785982880849e-64,1.000000000000000000e+00
1.000000000000000000e+00,9.525930785982880872e-54,1.641146420539719381e-307,1.000000000000000000e+00
1.000000000000000000e+00,1.641146420539719205e-297,5.502033506899062883e-285,1.000000000000000000e+00
1.000000000000000000e+00,5.502033506899062394e-275,4.109082433261003300e-50,1.000000000000000000e+00
4.238036665501943442e-09,9.999999957619633006e-01,4.238036665501944269e-09,9.999999957619634117e-01
8.282882430991952112e-39,1.000000000000000000e+00,8.282882430991953417e-39,1.000000000000000000e+00
9.999999960903753760e-01,3.909624719461175298e-09,9.999999960903752649e-01,3.909624719461174470e-09
7.171004187937926044e-01,2.828995812062073956e-01,7.171004187937924934e-01,2.828995812062073956e-01
1.525635718492546968e-141,1.000000000000000000e+00,1.525635718492546968e-141,1.000000000000000000e+00
1.000000000000000000e+00,1.525635718492546888e-131,1.004941833656528312e-297,1.000000000000000000e+00
1.000000000000000000e+00,1.004941833641904476e-287,3.836517063288619153e-262,1.000000000000000000e+00
3.358978021319412427e-21,1.000000000000000000e+00,4.600492363018045496e-46,1.000000000000000000e+00
6.045497240068945684e-108,1.000000000000000000e+00,6.045497240068946441e-108,1.000000000000000000e+00
4.109082433261002825e-50,1.000000000000000000e+00,4.109082433261003300e-50,1.000000000000000000e+00
2.900305680487600952e-42,1.000000000000000000e+00,2.900305680487600952e-42,1.000000000000000000e+00
9.978702591859639481e-01,2.129740814036121255e-03,9.978702591859638371e-01,2.129740814036121255e-03
2.165113646084434009e-74,1.000000000000000000e+00,2.165113646084434402e-74,1.000000000000000000e+00
1.729472159156367189e-86,1.000000000000000000e+00,1.729472159156367546e-86,1.000000000000000000e+00
9.438928158119734709e-16,9.999999999999990008e-01,9.438928158119736681e-16,9.999999999999991118e-01
1.280513414466977399e-29,1.000000000000000000e+00,1.280513414466977118e-29,1.000000000000000000e+00
1.928928561663759752e-234,1.000000000000000000e+00,1.928928561663759752e-234,1.000000000000000000e+00
7.417958617585485203e-27,1.000000000000000000e+00,1.947277389226822831e-127,1.000000000000000000e+00
1.565077059888962194e-144,1.000000000000000000e+00,9.999999998999999750e-11,9.999999998999999917e-01
1.000000000000000000e+00,8.667284153311535087e-31,9.999999998999999750e-11,9.999999998999999917e-01
3.047639171208067749e-261,1.000000000000000000e+00,1.729472159156367546e-86,1.000000000000000000e+00
5.219525085100499642e-207,1.000000000000000000e+00,5.219525085100499642e-207,1.000000000000000000e+00
1.000000000000000000e+00,6.195282191727197798e-49,2.640893262214784501e-305,1.000000000000000000e+00
5.219525085024545305e-197,1.000000000000000000e+00,4.500959010898248043e-134,1.000000000000000000e+00
1.807898221838876864e-35,1.000000000000000000e+00,1.807898221838876864e-35,1.000000000000000000e+00
3.307133096660503362e-177,1.000000000000000000e+00,3.307133096660502924e-177,1.000000000000000000e+00
1.000000000000000000e+00,3.307133096708628020e-167,2.647869429135044998e-203,1.000000000000000000e+00
1.024093259736573469e-07,9.999998975906739807e-01,1.024093259736573601e-07,9.999998975906739807e-01
1.909432868908195602e-06,9.999980905671310705e-01,1.909432868908196025e-06,9.999980905671311815e-01
6.508554717770751224e-69,1.000000000000000000e+00,6.508554717770751224e-69,1.000000000000000000e+00
2.350216348675133254e-154,1.000000000000000000e+00,2.350216348675133254e-154,1.000000000000000000e+00
9.525930785982880849e-64,1.000000000000000000e+00,9.525930785982880849e-64,1.000000000000000000e+00
4.109082433261002825e-50,1.000000000000000000e+00,4.109082433261003300e-50,1.000000000000000000e+00
1.909432868908195602e-06,9.999980905671310705e-01,1.909432868908195602e-06,9.999980905671310705e-01
7.171004187937927155e-01,2.828995812062073956e-01,7.171004187937926044e-01,2.828995812062073956e-01
7.552308208795004252e-14,9.999999999999243938e-01,7.552308208795004252e-14,9.999999999999245048e-01
1.280513414466977118e-29,1.000000000000000000e+00,1.280513414466977118e-29,1.000000000000000000e+00
2.660874160976113805e-54,1.000000000000000000e+00,2.660874160976113805e-54,1.000000000000000000e+00
7.891091843080293205e-190,1.000000000000000000e+00,7.891091843080292208e-190,1.000000000000000000e+00
2.165113646084434402e-74,1.000000000000000000e+00,2.165113646084434402e-74,1.000000000000000000e+00
2.281938625876542839e-250,1.000000000000000000e+00,1.861781224370963109e-250,1.000000000000000000e+00
1.861781224370962971e-240,1.000000000000000000e+00,1.133231708843610959e-217,1.000000000000000000e+00
1.729472159156367546e-86,1.000000000000000000e+00,1.729472159156367546e-86,1.000000000000000000e+00
2.660874160976113805e-54,1.000000000000000000e+00,2.660874160976113805e-54,1.000000000000000000e+00
2.411949648358555911e-24,1.000000000000000000e+00,2.411949648358555544e-24,1.000000000000000000e+00
3.802272892227976599e-93,1.000000000000000000e+00,3.802272892227976599e-93,1.000000000000000000e+00
9.999989299898902617e-01,1.070010109734934763e-06,9.999989299898902617e-01,1.070010109734934763e-06
5.646231525212654172e-22,1.000000000000000000e+00,5.646231525212654172e-22,1.000000000000000000e+00
3.579105347297008361e-143,1.000000000000000000e+00,3.579105347297008361e-143,1.000000000000000000e+00
1.000000000000000000e+00,3.218366506451137373e-32,5.502033506899062883e-285,1.000000000000000000e+00
2.660874161014834440e-54,1.000000000000000000e+00,2.660874160976113805e-54,1.000000000000000000e+00
9.525930785982880849e-64,1.000000000000000000e+00,9.525930785982880849e-64,1.000000000000000000e+00
2.418487454746348596e-100,1.000000000000000000e+00,2.418487454746348596e-100,1.000000000000000000e+00
7.891091843080292208e-190,1.000000000000000000e+00,7.891091843080292208e-190,1.000000000000000000e+00
2.165113646084434402e-74,1.000000000000000000e+00,2.165113646084434402e-74,1.000000000000000000e+00
4.701494535626959265e-02,9.529850546437304004e-01,4.701494535626960652e-02,9.529850546437305114e-01
9.999999999773967474e-01,2.260333082440867012e-11,9.999999999773966364e-01,2.260333082440867012e-11
9.999999999954932717e-01,4.506725468249470237e-12,9.999999999954932717e-01,4.506725468249469429e-12
9.999999999951034724e-01,4.896557034086601837e-12,9.999999999951034724e-01,4.896557034086601029e-12
9.999912770566484754e-01,8.722943351540687575e-06,9.999912770566483644e-01,8.722943351540687575e-06
9.012425899552198837e-20,1.000000000000000000e+00,9.012425899552200041e-20,1.000000000000000000e+00
7.552308208795005515e-14,9.999999999999245048e-01,7.552308208795004252e-14,9.999999999999245048e-01
4.109082433261003300e-50,1.000000000000000000e+00,4.109082433261003300e-50,1.000000000000000000e+00
9.999998453444800539e-01,1.546555199387388826e-07,9.999998453444800539e-01,1.546555199387388826e-07
1.909432868908196025e-06,9.999980905671310705e-01,1.909432868908195602e-06,9.999980905671311815e-01
9.438928158119738653e-16,9.999999999999991118e-01,9.438928158119736681e-16,9.999999999999990008e-01
3.205186936486595985e-05,9.999679481306350537e-01,3.205186936486595985e-05,9.999679481306351647e-01
9.012425899552200041e-20,1.000000000000000000e+00,9.012425899552200041e-20,1.000000000000000000e+00
9.999996165722054853e-01,3.834277945064683469e-07,9.999996165722054853e-01,3.834277945064683469e-07
7.348060591952459586e-144,1.000000000000000000e+00,7.348060591952458448e-144,1.000000000000000000e+00
2.350216348675133254e-154,1.000000000000000000e+00,2.350216348675133254e-154,1.000000000000000000e+00
9.352388814067828455e-59,1.000000000000000000e+00,9.352388814067828455e-59,1.000000000000000000e+00
1.280513414466977118e-29,1.000000000000000000e+00,1.280513414466977118e-29,1.000000000000000000e+00
4.600492363018046273e-46,1.000000000000000000e+00,4.600492363018045496e-46,1.000000000000000000e+00
2.165113646084434402e-74,1.000000000000000000e+00,2.165113646084434402e-74,1.000000000000000000e+00
4.600492363018045496e-46,1.000000000000000000e+00,4.600492363018045496e-46,1.000000000000000000e+00
3.802272892227977025e-93,1.000000000000000000e+00,3.802272892227976599e-93,1.000000000000000000e+00
9.995273477505109971e-01,4.726522494890491037e-04,9.995273477505109971e-01,4.726522494890490495e-04
9.999999999203141865e-01,7.968584050879436248e-11,9.999999999203141865e-01,7.968584050879437540e-11
2.800694639660819552e-01,7.199305360339181004e-01,2.800694639660818996e-01,7.199305360339181004e-01
9.999989299898902617e-01,1.070010109734934763e-06,9.999989299898902617e-01,1.070010109734934551e-06
9.452084402548475150e-01,5.479155974515255434e-02,9.452084402548474040e-01,5.479155974515256128e-02
9.999999999542145135e-01,4.578553539551429544e-11,9.999999999542145135e-01,4.578553539551428898e-11
9.999999999809391360e-01,1.906088483044513552e-11,9.999999999809391360e-01,1.906088483044513552e-11
9.999999999941007189e-01,5.899290110926180300e-12,9.999999999941007189e-01,5.899290110926180300e-12
9.999999999954933827e-01,4.506725468249469429e-12,9.999999999954933827e-01,4.506725468249469429e-12
1.280513414466977118e-29,1.000000000000000000e+00,1.280513414466977399e-29,1.000000000000000000e+00
2.418487454746348596e-100,1.000000000000000000e+00,2.418487454746348596e-100,1.000000000000000000e+00
9.452084402548474040e-01,5.479155974515254740e-02,9.452084402548475150e-01,5.479155974515254740e-02
8.282882430991952112e-39,1.000000000000000000e+00,8.282882430991952112e-39,1.000000000000000000e+00
9.995273477505109971e-01,4.726522494890491579e-04,9.995273477505109971e-01,4.726522494890490495e-04
9.999999999954980456e-01,4.502010443801015973e-12,9.999999999954979346e-01,4.502010443801015973e-12
9.999999997909720939e-01,2.090278510371158343e-10,9.999999997909720939e-01,2.090278510371158860e-10
9.995273477505108861e-01,4.726522494890490495e-04,9.995273477505109971e-01,4.726522494890491037e-04
4.701494535626959959e-02,9.529850546437304004e-01,4.701494535626959959e-02,9.529850546437304004e-01
5.646231525212653232e-22,1.000000000000000000e+00,5.646231525212654172e-22,1.000000000000000000e+00
1.331061532870315324e-10,9.999999998668938073e-01,1.331061532870315065e-10,9.999999998668938073e-01
5.075134280289634627e-03,9.949248657197103940e-01,5.075134280289634627e-03,9.949248657197103940e-01
7.171004187937926044e-01,2.828995812062073401e-01,7.171004187937926044e-01,2.828995812062073956e-01
5.075134280289634627e-03,9.949248657197103940e-01,5.075134280289634627e-03,9.949248657197105050e-01
7.552308208795004252e-14,9.999999999999245048e-01,7.552308208795005515e-14,9.999999999999245048e-01
4.701494535626959959e-02,9.529850546437302894e-01,4.701494535626960652e-02,9.529850546437305114e-01
4.701494535626960652e-02,9.529850546437304004e-01,4.701494535626959959e-02,9.529850546437304004e-01
1.204632648621563613e-17,1.000000000000000000e+00,1.204632648621563767e-17,1.000000000000000000e+00
5.646231525212654172e-22,1.000000000000000000e+00,5.646231525212654172e-22,1.000000000000000000e+00
9.999999998902969756e-01,1.097029182933490812e-10,9.999999998902970866e-01,1.097029182933491070e-10
9.995273477505109971e-01,4.726522494890491037e-04,9.995273477505108861e-01,4.726522494890490495e-04
1.204632648621563459e-17,1.000000000000000000e+00,1.204632648621563767e-17,1.000000000000000000e+00
9.525930785982880849e-64,1.000000000000000000e+00,9.525930785982880849e-64,1.000000000000000000e+00
1.807898221838877131e-35,1.000000000000000000e+00,1.807898221838876864e-35,1.000000000000000000e+00
1.911837754375326853e-32,1.000000000000000000e+00,1.911837754375327127e-32,1.000000000000000000e+00
2.165113646084434009e-74,1.000000000000000000e+00,2.165113646084434402e-74,1.000000000000000000e+00
2.900305680487601590e-42,1.000000000000000000e+00,2.900305680487600952e-42,1.000000000000000000e+00
1.331061532870315324e-10,9.999999998668939183e-01,1.331061532870315065e-10,9.999999998668938073e-01
1.024093259736573733e-07,9.999998975906740917e-01,1.024093259736573733e-07,9.999998975906740917e-01
9.995273477505109971e-01,4.726522494890491579e-04,9.995273477505109971e-01,4.726522494890491037e-04
9.012425899552200041e-20,1.000000000000000000e+00,9.012425899552200041e-20,1.000000000000000000e+00
1.807898221838876864e-35,1.000000000000000000e+00,1.807898221838876864e-35,1.000000000000000000e+00
2.900305680487600952e-42,1.000000000000000000e+00,2.900305680487600952e-42,1.000000000000000000e+00
2.900305680487601590e-42,1.000000000000000000e+00,2.900305680487600952e-42,1.000000000000000000e+00
6.877579828310446085e-27,1.000000000000000000e+00,6.877579828310446085e-27,1.000000000000000000e+00
7.552308208795004252e-14,9.999999999999245048e-01,7.552308208795004252e-14,9.999999999999245048e-01
6.877579828310446085e-27,1.000000000000000000e+00,6.877579828310446085e-27,1.000000000000000000e+00
2.900305680487601590e-42,1.000000000000000000e+00,2.900305680487600952e-42,1.000000000000000000e+00
5.646231525212654172e-22,1.000000000000000000e+00,5.646231525212654172e-22,1.000000000000000000e+00
1.280513414466977118e-29,1.000000000000000000e+00,1.280513414466977118e-29,1.000000000000000000e+00
2.418487454746348596e-100,1.000000000000000000e+00,2.418487454746348596e-100,1.000000000000000000e+00
8.282882430991952112e-39,1.000000000000000000e+00,8.282882430991952112e-39,1.000000000000000000e+00
1.204632648621563613e-17,1.000000000000000000e+00,1.204632648621563613e-17,1.000000000000000000e+00
1.204632648621563613e-17,1.000000000000000000e+00,1.204632648621563613e-17,1.000000000000000000e+00
4.109082433261003300e-50,1.000000000000000000e+00,4.109082433261003300e-50,1.000000000000000000e+00
8.282882430991952112e-39,1.000000000000000000e+00,8.282882430991952112e-39,1.000000000000000000e+00
7.552308208795005515e-14,9.999999999999245048e-01,7.552308208795004252e-14,9.999999999999245048e-01
2.165113646084434009e-74,1.000000000000000000e+00,2.165113646084434402e-74,1.000000000000000000e+00
8.282882430991952112e-39,1.000000000000000000e+00,8.282882430991952112e-39,1.000000000000000000e+00
1.331061532870315324e-10,9.999999998668939183e-01,1.331061532870315065e-10,9.999999998668938073e-01
1.280513414466977118e-29,1.000000000000000000e+00,1.280513414466977399e-29,1.000000000000000000e+00
4.238036665501943442e-09,9.999999957619631896e-01,4.238036665501944269e-09,9.999999957619634117e-01
9.012425899552198837e-20,1.000000000000000000e+00,9.012425899552200041e-20,1.000000000000000000e+00
7.171004187937926044e-01,2.828995812062073956e-01,7.171004187937926044e-01,2.828995812062073956e-01
1.909432868908195602e-06,9.999980905671310705e-01,1.909432868908195602e-06,9.999980905671310705e-01
1.280513414466977118e-29,1.000000000000000000e+00,1.280513414466977118e-29,1.000000000000000000e+00
7.552308208795004252e-14,9.999999999999245048e-01,7.552308208795004252e-14,9.999999999999245048e-01
9.999989299898902617e-01,1.070010109734934551e-06,9.999989299898902617e-01,1.070010109734934763e-06
5.646231525212654172e-22,1.000000000000000000e+00,5.646231525212654172e-22,1.000000000000000000e+00
5.646231525212654172e-22,1.000000000000000000e+00,5.646231525212654172e-22,1.000000000000000000e+00
2.660874160976113805e-54,1.000000000000000000e+00,2.660874160976113805e-54,1.000000000000000000e+00
5.646231525212655112e-22,1.000000000000000000e+00,5.646231525212654172e-22,1.000000000000000000e+00
2.411949648358555544e-24,1.000000000000000000e+00,2.411949648358555544e-24,1.000000000000000000e+00
4.238036665501944269e-09,9.999999957619633006e-01,4.238036665501944269e-09,9.999999957619634117e-01
9.999696545150295046e-01,3.034548497055941332e-05,9.999696545150295046e-01,3.034548497055941671e-05
3.205186936486595985e-05,9.999679481306351647e-01,3.205186936486595307e-05,9.999679481306351647e-01
9.438928158119736681e-16,9.999999999999991118e-01,9.438928158119736681e-16,9.999999999999990008e-01
9.352388814067828455e-59,1.000000000000000000e+00,9.352388814067828455e-59,1.000000000000000000e+00
6.877579828310444650e-27,1.000000000000000000e+00,6.877579828310446085e-27,1.000000000000000000e+00
9.978702591859638371e-01,2.129740814036121255e-03,9.978702591859638371e-01,2.129740814036121255e-03
1.024093259736573733e-07,9.999998975906740917e-01,1.024093259736573733e-07,9.999998975906740917e-01
9.438928158119736681e-16,9.999999999999991118e-01,9.438928158119736681e-16,9.999999999999990008e-01
4.109082433261003775e-50,1.000000000000000000e+00,4.109082433261003300e-50,1.000000000000000000e+00
2.660874160976113805e-54,1.000000000000000000e+00,2.660874160976113805e-54,1.000000000000000000e+00
5.075134280289634627e-03,9.949248657197103940e-01,5.075134280289634627e-03,9.949248657197103940e-01
6.877579828310446085e-27,1.000000000000000000e+00,6.877579828310446085e-27,1.000000000000000000e+00
9.352388814067826687e-59,1.000000000000000000e+00,9.352388814067828455e-59,1.000000000000000000e+00
3.397932514560491463e-80,1.000000000000000000e+00,3.397932514560491463e-80,1.000000000000000000e+00
2.350216348675132923e-154,1.000000000000000000e+00,2.350216348675133254e-154,1.000000000000000000e+00
2.900305680487601590e-42,1.000000000000000000e+00,2.900305680487600952e-42,1.000000000000000000e+00
3.869696153037838336e-116,1.000000000000000000e+00,3.869696153037837773e-116,1.000000000000000000e+00
4.600492363018045496e-46,1.000000000000000000e+00,4.600492363018045496e-46,1.000000000000000000e+00
1.909432868908195602e-06,9.999980905671309594e-01,1.909432868908195602e-06,9.999980905671310705e-01
6.877579828310446085e-27,1.000000000000000000e+00,6.877579828310446085e-27,1.000000000000000000e+00
4.237959541171851382e-04,9.995762040458828768e-01,4.237959541171850298e-04,9.995762040458827657e-01
9.999999996834015858e-01,3.165983998486477434e-10,9.999999996834015858e-01,3.165983998486477434e-10
9.999999999542145135e-01,4.578553539551430190e-11,9.999999999542145135e-01,4.578553539551429544e-11
1.911837754375326853e-32,1.000000000000000000e+00,1.911837754375327127e-32,1.000000000000000000e+00
9.887602347579523832e-01,1.123976524204770358e-02,9.887602347579522721e-01,1.123976524204770358e-02
4.237959541171850840e-04,9.995762040458828768e-01,4.237959541171850840e-04,9.995762040458827657e-01
3.118280795817127351e-12,9.999999999968817166e-01,3.118280795817127755e-12,9.999999999968817166e-01
9.999989299898902617e-01,1.070010109734934551e-06,9.999989299898902617e-01,1.070010109734934763e-06
1.911837754375327127e-32,1.000000000000000000e+00,1.911837754375327127e-32,1.000000000000000000e+00
1.840518343432306574e-116,1.000000000000000000e+00,1.840518343432306574e-116,1.000000000000000000e+00
4.700189953721747166e-02,9.529981004627825492e-01,9.999999998999999750e-11,9.999999998999999917e-01
1.000000000000000000e+00,8.650785827627207232e-108,2.350216348675133254e-154,1.000000000000000000e+00
2.350216348675133254e-154,1.000000000000000000e+00,2.350216348675133254e-154,1.000000000000000000e+00
1.000000000000000000e+00,2.350216348675133227e-144,7.891091843080292208e-190,1.000000000000000000e+00
1.280513414466977399e-29,1.000000000000000000e+00,1.280513414466977118e-29,1.000000000000000000e+00
1.909432868908196025e-06,9.999980905671310705e-01,1.909432868908195602e-06,9.999980905671310705e-01
2.165113646084434009e-74,1.000000000000000000e+00,2.165113646084434402e-74,1.000000000000000000e+00
9.999989299898901507e-01,1.070010109734934551e-06,9.999989299898902617e-01,1.070010109734934763e-06
9.999999999952834395e-01,4.716556624748107670e-12,9.999999999952833285e-01,4.716556624748106862e-12
9.999999987502280474e-01,1.249771974258892210e-09,9.999999987502281584e-01,1.249771974258892417e-09
9.999999999860557098e-01,1.394431753167856527e-11,9.999999999860557098e-01,1.394431753167856527e-11
1.204632648621563613e-17,1.000000000000000000e+00,1.204632648621563613e-17,1.000000000000000000e+00
9.452084402548474040e-01,5.479155974515255434e-02,9.452084402548475150e-01,5.479155974515254740e-02
1.807898221838876864e-35,1.000000000000000000e+00,1.807898221838877131e-35,1.000000000000000000e+00
9.995273477505108861e-01,4.726522494890489953e-04,9.995273477505109971e-01,4.726522494890490495e-04
2.418487454746348596e-100,1.000000000000000000e+00,2.418487454746348596e-100,1.000000000000000000e+00
9.525930785982880849e-64,1.000000000000000000e+00,9.525930785982880849e-64,1.000000000000000000e+00
1.331061532870315065e-10,9.999999998668939183e-01,1.331061532870315065e-10,9.999999998668938073e-01
4.701494535626959959e-02,9.529850546437304004e-01,4.701494535626960652e-02,9.529850546437304004e-01
4.237959541171851924e-04,9.995762040458828768e-01,4.237959541171850840e-04,9.995762040458827657e-01
2.142316050022731146e-165,1.000000000000000000e+00,2.142316050022730905e-165,1.000000000000000000e+00
4.600492363018045496e-46,1.000000000000000000e+00,4.600492363018045496e-46,1.000000000000000000e+00
4.701494535626959959e-02,9.529850546437305114e-01,4.701494535626960652e-02,9.529850546437305114e-01
1.909432868908196025e-06,9.999980905671311815e-01,1.909432868908195602e-06,9.999980905671311815e-01
1.280513414466977399e-29,1.000000000000000000e+00,1.280513414466977118e-29,1.000000000000000000e+00
9.999912770566484754e-01,8.722943351540689269e-06,9.999912770566484754e-01,8.722943351540687575e-06
4.238036665501943442e-09,9.999999957619633006e-01,4.238036665501943442e-09,9.999999957619634117e-01
4.701494535626959959e-02,9.529850546437304004e-01,4.701494535626959959e-02,9.529850546437304004e-01
9.999999999773967474e-01,2.260333082440867012e-11,9.999999999773966364e-01,2.260333082440867012e-11
9.999999999916409088e-01,8.359062569314931437e-12,9.999999999916409088e-01,8.359062569314933052e-12
9.999999996834015858e-01,3.165983998486477434e-10,9.999999996834015858e-01,3.165983998486477951e-10
9.999999999905299086e-01,9.470110774942860689e-12,9.999999999905299086e-01,9.470110774942860689e-12
9.999999999935760275e-01,6.423970721660730185e-12,9.999999999935761386e-01,6.423970721660731800e-12
9.999999999899356062e-01,1.006436526557536659e-11,9.999999999899356062e-01,1.006436526557536659e-11
9.999999999908945059e-01,9.105508767062051060e-12,9.999999999908945059e-01,9.105508767062052676e-12
9.999999999899356062e-01,1.006436526557536659e-11,9.999999999899356062e-01,1.006436526557536659e-11
9.999999999899356062e-01,1.006436526557536659e-11,9.999999999899357173e-01,1.006436526557536821e-11
9.999999999932954742e-01,6.704528808002745863e-12,9.999999999932954742e-01,6.704528808002745055e-12
9.999999999899356062e-01,1.006436526557536659e-11,9.999999999899357173e-01,1.006436526557536659e-11
9.999999999933920636e-01,6.607938860822676397e-12,9.999999999933921746e-01,6.607938860822676397e-12
9.999999999949931162e-01,5.006829722137265452e-12,9.999999999949932272e-01,5.006829722137265452e-12
9.999999999899356062e-01,1.006436526557536659e-11,9.999999999899357173e-01,1.006436526557536821e-11
9.999999999949931162e-01,5.006829722137265452e-12,9.999999999949932272e-01,5.006829722137265452e-12
9.999999999899356062e-01,1.006436526557536659e-11,9.999999999899357173e-01,1.006436526557536821e-11
9.999999999938302686e-01,6.169712484015444108e-12,9.999999999938303796e-01,6.169712484015444915e-12
9.999999999955386798e-01,4.461220696038502242e-12,9.999999999955386798e-01,4.461220696038503050e-12
9.999999999949116258e-01,5.088395614210015273e-12,9.999999999949115148e-01,5.088395614210015273e-12
9.999999999946544982e-01,5.345521493438271938e-12,9.999999999946544982e-01,5.345521493438271938e-12
9.999999999948683271e-01,5.131695836195938107e-12,9.999999999948682161e-01,5.131695836195937299e-12
9.999999999908945059e-01,9.105508767062051060e-12,9.999999999908945059e-01,9.105508767062051060e-12
7.171004187937926044e-01,2.828995812062073956e-01,7.171004187937926044e-01,2.828995812062073401e-01
9.999999999951034724e-01,4.896557034086601029e-12,9.999999999951034724e-01,4.896557034086601029e-12
9.999999999411373075e-01,5.886277232111932188e-11,9.999999999411373075e-01,5.886277232111930896e-11
9.999989299898902617e-01,1.070010109734934763e-06,9.999989299898903727e-01,1.070010109734934763e-06
2.660874160976113805e-54,1.000000000000000000e+00,2.660874160976113805e-54,1.000000000000000000e+00
9.999999999916409088e-01,8.359062569314931437e-12,9.999999999916409088e-01,8.359062569314933052e-12
9.999912770566484754e-01,8.722943351540687575e-06,9.999912770566484754e-01,8.722943351540689269e-06
9.978702591859638371e-01,2.129740814036121255e-03,9.978702591859639481e-01,2.129740814036121688e-03
9.999999978183631288e-01,2.181636925044639813e-09,9.999999978183631288e-01,2.181636925044639399e-09
9.999999960903752649e-01,3.909624719461175298e-09,9.999999960903753760e-01,3.909624719461175298e-09
9.999999999916409088e-01,8.359062569314931437e-12,9.999999999916409088e-01,8.359062569314931437e-12
9.999999352164864463e-01,6.478351360295755789e-08,9.999999352164864463e-01,6.478351360295755789e-08
9.999999999906338255e-01,9.366147881026150527e-12,9.999999999906339365e-01,9.366147881026148911e-12
9.999999998902970866e-01,1.097029182933490941e-10,9.999999998902970866e-01,1.097029182933490941e-10
9.999999997909720939e-01,2.090278510371158602e-10,9.999999997909720939e-01,2.090278510371158602e-10
9.999999999923419036e-01,7.658139894305021288e-12,9.999999999923417926e-01,7.658139894305021288e-12
9.999999999953218532e-01,4.678158430719900854e-12,9.999999999953218532e-01,4.678158430719901662e-12
9.999999999899356062e-01,1.006436526557536659e-11,9.999999999899356062e-01,1.006436526557536659e-11
9.999999996834015858e-01,3.165983998486477434e-10,9.999999996834014748e-01,3.165983998486476917e-10
2.411949648358555911e-24,1.000000000000000000e+00,2.411949648358555544e-24,1.000000000000000000e+00
9.999999999954056751e-01,4.594320500659563490e-12,9.999999999954056751e-01,4.594320500726418909e-12
9.999999999899356062e-01,1.006436526557536659e-11,9.999999999899356062e-01,1.006436526557536659e-11
9.999999999899356062e-01,1.006436526557536659e-11,9.999999999899357173e-01,1.006436526557536659e-11
9.999999999919976235e-01,8.002350202515633392e-12,9.999999999919976235e-01,8.002350202515633392e-12
9.999999999953544938e-01,4.645487461534250054e-12,9.999999999953544938e-01,4.645487461534250861e-12
9.999999999894058078e-01,1.059421469870005238e-11,9.999999999894056968e-01,1.059421469870005077e-11
9.999999999953544938e-01,4.645487461534250054e-12,9.999999999953544938e-01,4.645487461534250054e-12
4.237959541171850298e-04,9.995762040458827657e-01,4.237959541171849756e-04,9.995762040458827657e-01
9.999999999918550708e-01,8.144940324079871441e-12,9.999999999918550708e-01,8.144940324079873057e-12
9.999999999943958162e-01,5.604174516224690214e-12,9.999999999943959272e-01,5.604174516224691022e-12
9.999999999953546048e-01,4.645487461534250861e-12,9.999999999953544938e-01,4.645487461534250861e-12
9.999999999947764007e-01,5.223516961439366849e-12,9.999999999947764007e-01,5.223516961439366849e-12
9.999999997909720939e-01,2.090278510371158343e-10,9.999999997909720939e-01,2.090278510371158602e-10
9.999999999879028989e-01,1.209708840225712385e-11,9.999999999879028989e-01,1.209708840225712385e-11
9.999999999953218532e-01,4.678158430719900854e-12,9.999999999953218532e-01,4.678158430719900854e-12
9.999999999954136687e-01,4.586312181167410297e-12,9.999999999954136687e-01,4.586312181167410297e-12
9.999999999955238028e-01,4.476278123312818642e-12,9.999999999955238028e-01,4.476278123312818642e-12
9.999999999915555327e-01,8.444435846311212636e-12,9.999999999915555327e-01,8.444435846311212636e-12
9.999996165722054853e-01,3.834277945064683469e-07,9.999996165722054853e-01,3.834277945064682940e-07
9.999999999650964755e-01,3.490349648693226779e-11,9.999999999650964755e-01,3.490349648693227425e-11
9.999999999910679227e-01,8.932022517283187218e-12,9.999999999910680337e-01,8.932022517283188834e-12
9.999999999929860550e-01,7.013891618672186498e-12,9.999999999929861660e-01,7.013891618672187306e-12
9.999998453444800539e-01,1.546555199387388826e-07,9.999998453444800539e-01,1.546555199387388826e-07
9.999999978183631288e-01,2.181636925044639399e-09,9.999999978183631288e-01,2.181636925044639813e-09
9.999999999905299086e-01,9.470110774942860689e-12,9.999999999905297976e-01,9.470110774942860689e-12
9.999999999944562123e-01,5.543774189712087661e-12,9.999999999944562123e-01,5.543774189712087661e-12
9.999999999542144025e-01,4.578553539551428898e-11,9.999999999542144025e-01,4.578553539551429544e-11
9.999999999929860550e-01,7.013891618672186498e-12,9.999999999929861660e-01,7.013891618672186498e-12
9.999999999899356062e-01,1.006436526557536659e-11,9.999999999899356062e-01,1.006436526557536659e-11
9.999999999955387908e-01,4.461220696038503050e-12,9.999999999955387908e-01,4.461220696038503858e-12
9.887602347579522721e-01,1.123976524204770358e-02,9.887602347579522721e-01,1.123976524204770358e-02
9.999999999923986360e-01,7.601346801630825643e-12,9.999999999923987470e-01,7.601346801630824027e-12
9.999999999948683271e-01,5.131695836195937299e-12,9.999999999948682161e-01,5.131695836195937299e-12
9.999999845245973740e-01,1.547540266019399660e-08,9.999999845245972629e-01,1.547540266019399660e-08
9.452084402548474040e-01,5.479155974515255434e-02,9.452084402548475150e-01,5.479155974515255434e-02
9.999999999946250773e-01,5.374910414105836663e-12,9.999999999946250773e-01,5.374910414105837471e-12
9.999999999918550708e-01,8.144940324079871441e-12,9.999999999918550708e-01,8.144940324079871441e-12
9.999999999954614083e-01,4.538601109276523504e-12,9.999999999954614083e-01,4.538601109276523504e-12
9.999999999949931162e-01,5.006829722137265452e-12,9.999999999949931162e-01,5.006829722137265452e-12
9.999999999937110307e-01,6.288878759535914042e-12,9.999999999937111417e-01,6.288878759535914850e-12
9.999998453444800539e-01,1.546555199387388826e-07,9.999998453444800539e-01,1.546555199387388826e-07
9.999999999935760275e-01,6.423970721660730185e-12,9.999999999935761386e-01,6.423970721660730185e-12
9.999912770566484754e-01,8.722943351540687575e-06,9.999912770566484754e-01,8.722943351540689269e-06
9.978702591859638371e-01,2.129740814036121255e-03,9.978702591859639481e-01,2.129740814036121688e-03
9.999999995101670480e-01,4.898329619689137195e-10,9.999999995101670480e-01,4.898329619689137195e-10
9.999999999955205832e-01,4.479402961216933990e-12,9.999999999955204721e-01,4.479402961216933183e-12
1.909432868908195602e-06,9.999980905671310705e-01,1.909432868908195602e-06,9.999980905671310705e-01
9.999999999650965865e-01,3.490349648693227425e-11,9.999999999650964755e-01,3.490349648693227425e-11
9.999999996834015858e-01,3.165983998486476917e-10,9.999999996834015858e-01,3.165983998486477434e-10
9.999999999773966364e-01,2.260333082440867012e-11,9.999999999773966364e-01,2.260333082440867012e-11
9.999999998902970866e-01,1.097029182933491070e-10,9.999999998902970866e-01,1.097029182933490941e-10
9.999999999952834395e-01,4.716556624748106862e-12,9.999999999952834395e-01,4.716556624748106862e-12
9.887602347579522721e-01,1.123976524204770358e-02,9.887602347579522721e-01,1.123976524204770358e-02
9.999912770566484754e-01,8.722943351540687575e-06,9.999912770566484754e-01,8.722943351540689269e-06
3.205186936486595985e-05,9.999679481306351647e-01,3.205186936486595985e-05,9.999679481306351647e-01
6.877579828310446085e-27,1.000000000000000000e+00,6.877579828310446085e-27,1.000000000000000000e+00
9.999999999955432317e-01,4.456731138890890856e-12,9.999999999955433427e-01,4.456731138890892471e-12
9.999999999953546048e-01,4.645487461534250861e-12,9.999999999953544938e-01,4.645487461534250054e-12
9.999971298270136089e-01,2.870172986448141955e-06,9.999971298270136089e-01,2.870172986448142379e-06
9.999999996834015858e-01,3.165983998486477434e-10,9.999999996834015858e-01,3.165983998486477434e-10
9.999999999542145135e-01,4.578553539551430190e-11,9.999999999542145135e-01,4.578553539551429544e-11
9.999999987502280474e-01,1.249771974258892417e-09,9.999999987502280474e-01,1.249771974258892210e-09
9.999999999936636241e-01,6.336410936240908115e-12,9.999999999936636241e-01,6.336410936240908923e-12
9.999999999939095385e-01,6.090412875585010704e-12,9.999999999939095385e-01,6.090412875585010704e-12
9.999999999936635131e-01,6.336410936240907307e-12,9.999999999936635131e-01,6.336410936240908115e-12
9.999999999930926364e-01,6.907402739801234838e-12,9.999999999930926364e-01,6.907402739801235646e-12
9.999999999954549690e-01,4.544940010514135063e-12,9.999999999954549690e-01,4.544940010514135063e-12
9.999999999203141865e-01,7.968584050879436248e-11,9.999999999203142975e-01,7.968584050879437540e-11
9.999999998902970866e-01,1.097029182933490941e-10,9.999999998902969756e-01,1.097029182933491070e-10
9.999999999913983251e-01,8.601674835606658709e-12,9.999999999913983251e-01,8.601674835606658709e-12
9.999999999951999508e-01,4.800040419931763872e-12,9.999999999952000618e-01,4.800040419931763872e-12
9.999999999952164931e-01,4.783576317964526774e-12,9.999999999952163821e-01,4.783576317964525966e-12
9.999999999542144025e-01,4.578553539551428898e-11,9.999999999542144025e-01,4.578553539551429544e-11
9.999999999860557098e-01,1.394431753167856366e-11,9.999999999860557098e-01,1.394431753167856204e-11
9.999999999948926410e-01,5.107369090437681211e-12,9.999999999948926410e-01,5.107369090437682018e-12
9.999999999941007189e-01,5.899290110926180300e-12,9.999999999941007189e-01,5.899290110926179492e-12
9.999999999954933827e-01,4.506725468249469429e-12,9.999999999954933827e-01,4.506725468249469429e-12
5.075134280289634627e-03,9.949248657197103940e-01,5.075134280289633759e-03,9.949248657197102830e-01
6.877579828310446085e-27,1.000000000000000000e+00,6.877579828310446085e-27,1.000000000000000000e+00
9.998888664507018520e-01,1.111335492982466939e-04,9.998888664507017410e-01,1.111335492982467075e-04
1.204632648621563459e-17,1.000000000000000000e+00,1.204632648621563613e-17,1.000000000000000000e+00
9.999999999949115148e-01,5.088395614210014465e-12,9.999999999949116258e-01,5.088395614210015273e-12
9.999999999899356062e-01,1.006436526557536659e-11,9.999999999899356062e-01,1.006436526557536659e-11
9.999999999916409088e-01,8.359062569314931437e-12,9.999999999916409088e-01,8.359062569314933052e-12
9.999999999953218532e-01,4.678158430719900854e-12,9.999999999953218532e-01,4.678158430719900854e-12
9.999999999899356062e-01,1.006436526557536659e-11,9.999999999899356062e-01,1.006436526557536659e-11
9.999999999899356062e-01,1.006436526557536659e-11,9.999999999899357173e-01,1.006436526557536821e-11
9.999999999899356062e-01,1.006436526557536659e-11,9.999999999899357173e-01,1.006436526557536821e-11
9.999999999899356062e-01,1.006436526557536659e-11,9.999999999899357173e-01,1.006436526557536659e-11
9.999999999899356062e-01,1.006436526557536659e-11,9.999999999899357173e-01,1.006436526557536659e-11
9.999999999899356062e-01,1.006436526557536659e-11,9.999999999899357173e-01,1.006436526557536821e-11
9.999999999899356062e-01,1.006436526557536659e-11,9.999999999899357173e-01,1.006436526557536821e-11
9.999999999899356062e-01,1.006436526557536659e-11,9.999999999899357173e-01,1.006436526557536659e-11
9.999999999899356062e-01,1.006436526557536659e-11,9.999999999899357173e-01,1.006436526557536659e-11
9.999999999899356062e-01,1.006436526557536659e-11,9.999999999899357173e-01,1.006436526557536821e-11
9.999999999899356062e-01,1.006436526557536659e-11,9.999999999899357173e-01,1.006436526557536821e-11
9.999999999899356062e-01,1.006436526557536659e-11,9.999999999899357173e-01,1.006436526557536659e-11
9.999999999899356062e-01,1.006436526557536659e-11,9.999999999899357173e-01,1.006436526557536659e-11
9.999999999899356062e-01,1.006436526557536659e-11,9.999999999899357173e-01,1.006436526557536821e-11
9.999999999899356062e-01,1.006436526557536659e-11,9.999999999899357173e-01,1.006436526557536821e-11
9.999999999899356062e-01,1.006436526557536659e-11,9.999999999899357173e-01,1.006436526557536659e-11
9.999999999899356062e-01,1.006436526557536659e-11,9.999999999899357173e-01,1.006436526557536659e-11
9.999999999899356062e-01,1.006436526557536659e-11,9.999999999899357173e-01,1.006436526557536821e-11
9.999999999899356062e-01,1.006436526557536659e-11,9.999999999899357173e-01,1.006436526557536821e-11
9.999999999899356062e-01,1.006436526557536659e-11,9.999999999899357173e-01,1.006436526557536659e-11
9.999999999899356062e-01,1.006436526557536659e-11,9.999999999899357173e-01,1.006436526557536659e-11
9.999999999899356062e-01,1.006436526557536659e-11,9.999999999899357173e-01,1.006436526557536821e-11
9.999999999899356062e-01,1.006436526557536659e-11,9.999999999899357173e-01,1.006436526557536821e-11
9.999999999899356062e-01,1.006436526557536659e-11,9.999999999899357173e-01,1.006436526557536659e-11
9.999999999899356062e-01,1.006436526557536659e-11,9.999999999899357173e-01,1.006436526557536659e-11
9.999999999899356062e-01,1.006436526557536659e-11,9.999999999899357173e-01,1.006436526557536821e-11
9.999999999899356062e-01,1.006436526557536659e-11,9.999999999899357173e-01,1.006436526557536821e-11
9.999999999899356062e-01,1.006436526557536659e-11,9.999999999899357173e-01,1.006436526557536659e-11
9.999999999899356062e-01,1.006436526557536659e-11,9.999999999899357173e-01,1.006436526557536659e-11
9.999999999899356062e-01,1.006436526557536659e-11,9.999999999899357173e-01,1.006436526557536821e-11
9.999999999899356062e-01,1.006436526557536659e-11,9.999999999899357173e-01,1.006436526557536821e-11
9.999999999899356062e-01,1.006436526557536659e-11,9.999999999899357173e-01,1.006436526557536659e-11
9.999999999899356062e-01,1.006436526557536659e-11,9.999999999899357173e-01,1.006436526557536659e-11
9.999999999899356062e-01,1.006436526557536659e-11,9.999999999899357173e-01,1.006436526557536821e-11
9.999999999899356062e-01,1.006436526557536659e-11,9.999999999899357173e-01,1.006436526557536821e-11
9.999999999899356062e-01,1.006436526557536659e-11,9.999999999899357173e-01,1.006436526557536659e-11
9.999999999899356062e-01,1.006436526557536659e-11,9.999999999899357173e-01,1.006436526557536659e-11
9.999999999899356062e-01,1.006436526557536659e-11,9.999999999899357173e-01,1.006436526557536821e-11
9.999999999899356062e-01,1.006436526557536659e-11,9.999999999899357173e-01,1.006436526557536821e-11
9.999999999809391360e-01,1.906088483044513552e-11,9.999999999809390250e-01,1.906088483044513552e-11
9.999999999411371965e-01,5.886277232111930896e-11,9.999999999411371965e-01,5.886277232111930896e-11
9.999999999899356062e-01,1.006436526557536659e-11,9.999999999899356062e-01,1.006436526557536821e-11
9.999999999899356062e-01,1.006436526557536659e-11,9.999999999899357173e-01,1.006436526557536821e-11
9.999999999948683271e-01,5.131695836195937299e-12,9.999999999948683271e-01,5.131695836195937299e-12
9.999999999899356062e-01,1.006436526557536659e-11,9.999999999899357173e-01,1.006436526557536821e-11
9.999999999899356062e-01,1.006436526557536659e-11,9.999999999899357173e-01,1.006436526557536659e-11
9.999999999899356062e-01,1.006436526557536659e-11,9.999999999899357173e-01,1.006436526557536659e-11
9.999999999899356062e-01,1.006436526557536659e-11,9.999999999899357173e-01,1.006436526557536821e-11
9.999999999899356062e-01,1.006436526557536659e-11,9.999999999899357173e-01,1.006436526557536821e-11
9.999999698367983969e-01,3.016320162128397415e-08,9.999999698367983969e-01,3.016320162128397415e-08
9.999696545150295046e-01,3.034548497055941671e-05,9.999696545150295046e-01,3.034548497055941671e-05
4.701494535626959959e-02,9.529850546437304004e-01,4.701494535626959959e-02,9.529850546437304004e-01
2.800694639660818996e-01,7.199305360339181004e-01,2.800694639660818996e-01,7.199305360339181004e-01
9.995273477505109971e-01,4.726522494890491579e-04,9.995273477505109971e-01,4.726522494890491037e-04
9.012425899552200041e-20,1.000000000000000000e+00,9.012425899552200041e-20,1.000000000000000000e+00
9.999696545150295046e-01,3.034548497055941671e-05,9.999696545150295046e-01,3.034548497055941671e-05
9.978702591859638371e-01,2.129740814036121688e-03,9.978702591859639481e-01,2.129740814036121255e-03
9.999999999905297976e-01,9.470110774942860689e-12,9.999999999905299086e-01,9.470110774942862304e-12
9.999999923441931227e-01,7.655806880159441558e-09,9.999999923441932337e-01,7.655806880159441558e-09
9.999999999950521801e-01,4.947834189859316537e-12,9.999999999950521801e-01,4.947834189859315730e-12
9.999999999955386798e-01,4.461220696038502242e-12,9.999999999955386798e-01,4.461220696038502242e-12
2.900305680487600952e-42,1.000000000000000000e+00,2.900305680487600952e-42,1.000000000000000000e+00
9.452084402548474040e-01,5.479155974515254740e-02,9.452084402548475150e-01,5.479155974515254740e-02
3.118280795817127755e-12,9.999999999968817166e-01,3.118280795817128158e-12,9.999999999968817166e-01
9.438928158119736681e-16,9.999999999999991118e-01,9.438928158119736681e-16,9.999999999999991118e-01
9.438928158119736681e-16,9.999999999999990008e-01,9.438928158119736681e-16,9.999999999999991118e-01
1.807898221838877131e-35,1.000000000000000000e+00,1.807898221838876864e-35,1.000000000000000000e+00
9.452084402548474040e-01,5.479155974515254046e-02,9.452084402548475150e-01,5.479155974515254740e-02
6.877579828310446085e-27,1.000000000000000000e+00,6.877579828310446085e-27,1.000000000000000000e+00
5.075134280289634627e-03,9.949248657197103940e-01,5.075134280289634627e-03,9.949248657197103940e-01
1.807898221838876864e-35,1.000000000000000000e+00,1.807898221838876864e-35,1.000000000000000000e+00
5.646231525212653232e-22,1.000000000000000000e+00,5.646231525212654172e-22,1.000000000000000000e+00
1.280513414466977399e-29,1.000000000000000000e+00,1.280513414466977118e-29,1.000000000000000000e+00
9.999696545150293936e-01,3.034548497055941332e-05,9.999696545150295046e-01,3.034548497055941671e-05
1.331061532870315065e-10,9.999999998668939183e-01,1.331061532870315065e-10,9.999999998668938073e-01
3.397932514560491463e-80,1.000000000000000000e+00,3.397932514560491463e-80,1.000000000000000000e+00
1.280513414466977118e-29,1.000000000000000000e+00,1.280513414466977118e-29,1.000000000000000000e+00
6.045497240068947197e-108,1.000000000000000000e+00,6.045497240068946441e-108,1.000000000000000000e+00
2.418487454746348596e-100,1.000000000000000000e+00,2.418487454746348596e-100,1.000000000000000000e+00
3.118280795817127351e-12,9.999999999968816056e-01,3.118280795817128158e-12,9.999999999968818276e-01
4.500959010898248043e-134,1.000000000000000000e+00,4.500959010898248043e-134,1.000000000000000000e+00
3.397932514560491463e-80,1.000000000000000000e+00,3.397932514560491463e-80,1.000000000000000000e+00
1.911837754375327127e-32,1.000000000000000000e+00,1.911837754375327127e-32,1.000000000000000000e+00
9.438928158119734709e-16,9.999999999999990008e-01,9.438928158119736681e-16,9.999999999999991118e-01
3.205186936486595985e-05,9.999679481306350537e-01,3.205186936486595985e-05,9.999679481306351647e-01
3.118280795817127755e-12,9.999999999968816056e-01,3.118280795817128158e-12,9.999999999968817166e-01
9.525930785982879500e-64,1.000000000000000000e+00,9.525930785982880849e-64,1.000000000000000000e+00
8.282882430991953417e-39,1.000000000000000000e+00,8.282882430991952112e-39,1.000000000000000000e+00
4.600492363018046273e-46,1.000000000000000000e+00,4.600492363018045496e-46,1.000000000000000000e+00
6.877579828310446085e-27,1.000000000000000000e+00,6.877579828310446085e-27,1.000000000000000000e+00
1.331061532870315324e-10,9.999999998668939183e-01,1.331061532870315065e-10,9.999999998668938073e-01
9.012425899552200041e-20,1.000000000000000000e+00,9.012425899552200041e-20,1.000000000000000000e+00
6.508554717770752254e-69,1.000000000000000000e+00,6.508554717770752254e-69,1.000000000000000000e+00
3.397932514560491463e-80,1.000000000000000000e+00,3.397932514560491463e-80,1.000000000000000000e+00
5.646231525212655112e-22,1.000000000000000000e+00,5.646231525212654172e-22,1.000000000000000000e+00
4.109082433261002825e-50,1.000000000000000000e+00,4.109082433261003300e-50,1.000000000000000000e+00
4.600492363018045496e-46,1.000000000000000000e+00,4.600492363018045496e-46,1.000000000000000000e+00
6.045497240068946441e-108,1.000000000000000000e+00,6.045497240068946441e-108,1.000000000000000000e+00
1.000000000000000000e+00,6.045497240156919999e-98,1.133231708843610959e-217,1.000000000000000000e+00
2.165113646084434402e-74,1.000000000000000000e+00,2.165113646084434402e-74,1.000000000000000000e+00
7.552308208795004252e-14,9.999999999999245048e-01,7.552308208795004252e-14,9.999999999999245048e-01
2.800694639660818996e-01,7.199305360339181004e-01,2.800694639660818996e-01,7.199305360339181004e-01
6.508554717770752254e-69,1.000000000000000000e+00,6.508554717770752254e-69,1.000000000000000000e+00
3.397932514560491463e-80,1.000000000000000000e+00,3.397932514560491463e-80,1.000000000000000000e+00
4.237959541171850298e-04,9.995762040458827657e-01,4.237959541171850298e-04,9.995762040458827657e-01
4.237959541171851382e-04,9.995762040458828768e-01,4.237959541171850298e-04,9.995762040458827657e-01
3.869696153037838336e-116,1.000000000000000000e+00,3.869696153037837209e-116,1.000000000000000000e+00
8.282882430991952112e-39,1.000000000000000000e+00,8.282882430991952112e-39,1.000000000000000000e+00
1.909432868908196025e-06,9.999980905671310705e-01,1.909432868908195602e-06,9.999980905671310705e-01
2.900305680487600952e-42,1.000000000000000000e+00,2.900305680487601590e-42,1.000000000000000000e+00
8.800956425886403647e-125,1.000000000000000000e+00,8.800956425886403647e-125,1.000000000000000000e+00
3.869696153037837773e-116,1.000000000000000000e+00,3.869696153037837773e-116,1.000000000000000000e+00
3.802272892227976599e-93,1.000000000000000000e+00,3.802272892227976599e-93,1.000000000000000000e+00
1.280513414466977118e-29,1.000000000000000000e+00,1.280513414466977118e-29,1.000000000000000000e+00
2.411949648358555911e-24,1.000000000000000000e+00,2.411949648358555544e-24,1.000000000000000000e+00
3.205186936486595985e-05,9.999679481306350537e-01,3.205186936486595985e-05,9.999679481306351647e-01
6.508554717770752254e-69,1.000000000000000000e+00,6.508554717770752254e-69,1.000000000000000000e+00
9.999999960903751539e-01,3.909624719461174470e-09,9.999999960903752649e-01,3.909624719461174470e-09
9.999999995101670480e-01,4.898329619689137195e-10,9.999999995101670480e-01,4.898329619689138229e-10
9.999999999954932717e-01,4.506725468249469429e-12,9.999999999954932717e-01,4.506725468249468621e-12
9.999999999923419036e-01,7.658139894305021288e-12,9.999999999923419036e-01,7.658139894305021288e-12
9.999999999954932717e-01,4.506725468249470237e-12,9.999999999954931607e-01,4.506725468249469429e-12
9.999999999860557098e-01,1.394431753167856366e-11,9.999999999860557098e-01,1.394431753167856366e-11
9.999912770566484754e-01,8.722943351540687575e-06,9.999912770566484754e-01,8.722943351540689269e-06
9.999999999932953632e-01,6.704528808002745055e-12,9.999999999932955852e-01,6.704528808002746671e-12
3.118280795817128158e-12,9.999999999968818276e-01,3.118280795817127755e-12,9.999999999968817166e-01
3.118280795817127351e-12,9.999999999968817166e-01,3.118280795817128158e-12,9.999999999968818276e-01
4.600492363018045496e-46,1.000000000000000000e+00,4.600492363018045496e-46,1.000000000000000000e+00
1.729472159156367546e-86,1.000000000000000000e+00,1.729472159156367546e-86,1.000000000000000000e+00
3.397932514560491463e-80,1.000000000000000000e+00,3.397932514560491463e-80,1.000000000000000000e+00
7.348060591952458448e-144,1.000000000000000000e+00,7.348060591952458448e-144,1.000000000000000000e+00
9.352388814067830224e-59,1.000000000000000000e+00,9.352388814067828455e-59,1.000000000000000000e+00
9.012425899552200041e-20,1.000000000000000000e+00,9.012425899552200041e-20,1.000000000000000000e+00
1.729472159156367546e-86,1.000000000000000000e+00,1.729472159156367546e-86,1.000000000000000000e+00
2.165113646084434402e-74,1.000000000000000000e+00,2.165113646084434402e-74,1.000000000000000000e+00
2.165113646084434009e-74,1.000000000000000000e+00,2.165113646084434402e-74,1.000000000000000000e+00
8.282882430991952112e-39,1.000000000000000000e+00,8.282882430991952112e-39,1.000000000000000000e+00
3.869696153037837773e-116,1.000000000000000000e+00,3.869696153037837773e-116,1.000000000000000000e+00
1.729472159156367546e-86,1.000000000000000000e+00,1.729472159156367546e-86,1.000000000000000000e+00
7.891091843080293205e-190,1.000000000000000000e+00,7.891091843080292208e-190,1.000000000000000000e+00
9.525930785982880849e-64,1.000000000000000000e+00,9.525930785982880849e-64,1.000000000000000000e+00
9.999999999916409088e-01,8.359062569314931437e-12,9.999999999916409088e-01,8.359062569314933052e-12
9.999999923441931227e-01,7.655806880159441558e-09,9.999999923441930116e-01,7.655806880159441558e-09
9.999999999899356062e-01,1.006436526557536659e-11,9.999999999899357173e-01,1.006436526557536659e-11
7.552308208795004252e-14,9.999999999999245048e-01,7.552308208795005515e-14,9.999999999999245048e-01
9.999696545150293936e-01,3.034548497055941332e-05,9.999696545150295046e-01,3.034548497055941671e-05
9.999999999773966364e-01,2.260333082440867012e-11,9.999999999773966364e-01,2.260333082440867012e-11
1.331061532870315065e-10,9.999999998668938073e-01,1.331061532870315065e-10,9.999999998668938073e-01
9.999999999894056968e-01,1.059421469870005077e-11,9.999999999894058078e-01,1.059421469870005238e-11
4.701494535626959959e-02,9.529850546437304004e-01,4.701494535626960652e-02,9.529850546437305114e-01
9.999999999952834395e-01,4.716556624748106862e-12,9.999999999952834395e-01,4.716556624748106862e-12
9.999999999860557098e-01,1.394431753167856366e-11,9.999999999860557098e-01,1.394431753167856527e-11
1.729472159156367546e-86,1.000000000000000000e+00,1.729472159156367189e-86,1.000000000000000000e+00
1.000000000000000000e+00,1.729472159156367362e-76,1.155612930213116056e-266,1.000000000000000000e+00
1.000000000000000000e+00,1.810461442035525761e-25,1.645146773963836306e-304,1.000000000000000000e+00
1.000000000000000000e+00,1.155612930229932405e-256,6.508554717770752254e-69,1.000000000000000000e+00
4.237959541171850840e-04,9.995762040458828768e-01,4.237959541171850298e-04,9.995762040458827657e-01
5.075134280289633759e-03,9.949248657197103940e-01,5.075134280289634627e-03,9.949248657197103940e-01
9.999999960903752649e-01,3.909624719461174470e-09,9.999999960903752649e-01,3.909624719461174470e-09
9.999999999955236918e-01,4.476278123312817834e-12,9.999999999955236918e-01,4.476278123312817834e-12
9.999999999916409088e-01,8.359062569314933052e-12,9.999999999916409088e-01,8.359062569314933052e-12
9.999999999937111417e-01,6.288878759535914850e-12,9.999999999937110307e-01,6.288878759535914850e-12
9.999999999650965865e-01,3.490349648693227425e-11,9.999999999650964755e-01,3.490349648693227425e-11
9.999999999809391360e-01,1.906088483044513875e-11,9.999999999809391360e-01,1.906088483044513552e-11
9.999999999928261829e-01,7.173779663402245597e-12,9.999999999928261829e-01,7.173779663402243982e-12
9.999999999948925300e-01,5.107369090437680403e-12,9.999999999948926410e-01,5.107369090437682018e-12
9.999999999928261829e-01,7.173779663402244790e-12,9.999999999928261829e-01,7.173779663402246405e-12
9.999999999899356062e-01,1.006436526557536659e-11,9.999999999899356062e-01,1.006436526557536659e-11
9.999999999899356062e-01,1.006436526557536659e-11,9.999999999899357173e-01,1.006436526557536659e-11
9.999999999899356062e-01,1.006436526557536659e-11,9.999999999899357173e-01,1.006436526557536659e-11
9.999999999928261829e-01,7.173779663402245597e-12,9.999999999928262939e-01,7.173779663402246405e-12
9.999999999860557098e-01,1.394431753167856366e-11,9.999999999860557098e-01,1.394431753167856527e-11
9.999999999941007189e-01,5.899290110926180300e-12,9.999999999941007189e-01,5.899290110926180300e-12
9.999999999906338255e-01,9.366147881026150527e-12,9.999999999906338255e-01,9.366147881026148911e-12
3.205186936486595307e-05,9.999679481306351647e-01,3.205186936486595985e-05,9.999679481306350537e-01
4.109082433261003300e-50,1.000000000000000000e+00,4.109082433261003300e-50,1.000000000000000000e+00
1.280513414466977118e-29,1.000000000000000000e+00,1.280513414466977118e-29,1.000000000000000000e+00
1.000000000000000000e+00,1.280513414466977169e-19,3.040430461342954690e-314,1.000000000000000000e+00
1.000000000000000000e+00,3.040430461342954487e-304,2.647869429135044998e-203,1.000000000000000000e+00
3.869687574661800232e-116,1.000000000000000000e+00,3.869696153037837773e-116,1.000000000000000000e+00
7.348060591952459586e-144,1.000000000000000000e+00,7.348060591952458448e-144,1.000000000000000000e+00
1.807898221838876864e-35,1.000000000000000000e+00,1.807898221838876864e-35,1.000000000000000000e+00
1.280513414466977399e-29,1.000000000000000000e+00,1.280513414466977118e-29,1.000000000000000000e+00
4.600492363018046273e-46,1.000000000000000000e+00,4.600492363018045496e-46,1.000000000000000000e+00
9.352388814067828455e-59,1.000000000000000000e+00,9.352388814067828455e-59,1.000000000000000000e+00
3.802272892227976599e-93,1.000000000000000000e+00,3.802272892227976599e-93,1.000000000000000000e+00
1.911837754375326853e-32,1.000000000000000000e+00,1.911837754375327127e-32,1.000000000000000000e+00
2.868567708349345610e-249,1.000000000000000000e+00,2.868567708349345610e-249,1.000000000000000000e+00
1.000000000000000000e+00,2.868567708349345535e-239,6.045497240068946441e-108,1.000000000000000000e+00
3.802272892227977025e-93,1.000000000000000000e+00,3.802272892227976599e-93,1.000000000000000000e+00
3.307133096660503362e-177,1.000000000000000000e+00,3.307133096660502924e-177,1.000000000000000000e+00
8.800956425886403647e-125,1.000000000000000000e+00,8.800956425886403647e-125,1.000000000000000000e+00
9.452084402548474040e-01,5.479155974515254740e-02,9.452084402548475150e-01,5.479155974515254740e-02
9.999999998528751322e-01,1.471248556222005226e-10,9.999999998528752432e-01,1.471248556222005485e-10
3.869696153037837773e-116,1.000000000000000000e+00,3.869696153037837773e-116,1.000000000000000000e+00
7.171004187937926044e-01,2.828995812062073956e-01,7.171004187937926044e-01,2.828995812062073956e-01
9.999999698367983969e-01,3.016320162128398077e-08,9.999999698367982859e-01,3.016320162128397415e-08
4.701494535626959959e-02,9.529850546437304004e-01,4.701494535626959959e-02,9.529850546437304004e-01
9.999999999203140755e-01,7.968584050879436248e-11,9.999999999203141865e-01,7.968584050879437540e-11
9.999999999894058078e-01,1.059421469870005238e-11,9.999999999894056968e-01,1.059421469870005077e-11
9.452084402548474040e-01,5.479155974515255434e-02,9.452084402548475150e-01,5.479155974515255434e-02
9.999999999203141865e-01,7.968584050879436248e-11,9.999999999203141865e-01,7.968584050879436248e-11
1.331061532870315065e-10,9.999999998668938073e-01,1.331061532870315065e-10,9.999999998668938073e-01
9.998888664507016300e-01,1.111335492982467075e-04,9.998888664507017410e-01,1.111335492982466939e-04
4.600492363018045496e-46,1.000000000000000000e+00,4.600492363018045496e-46,1.000000000000000000e+00
3.118280795817127351e-12,9.999999999968817166e-01,3.118280795817128158e-12,9.999999999968818276e-01
9.887602347579523832e-01,1.123976524204770358e-02,9.887602347579522721e-01,1.123976524204770358e-02
4.600492363018046273e-46,1.000000000000000000e+00,4.600492363018045496e-46,1.000000000000000000e+00
9.352388814067828455e-59,1.000000000000000000e+00,9.352388814067828455e-59,1.000000000000000000e+00
9.999998453444800539e-01,1.546555199387388561e-07,9.999998453444800539e-01,1.546555199387388826e-07
5.075134280289634627e-03,9.949248657197103940e-01,5.075134280289634627e-03,9.949248657197103940e-01
9.999696545150295046e-01,3.034548497055941671e-05,9.999696545150293936e-01,3.034548497055941332e-05
9.999989299898902617e-01,1.070010109734934763e-06,9.999989299898902617e-01,1.070010109734934551e-06
9.999999999923419036e-01,7.658139894305022904e-12,9.999999999923419036e-01,7.658139894305022904e-12
3.118280795817127755e-12,9.999999999968817166e-01,3.118280795817127755e-12,9.999999999968817166e-01
9.999999999860557098e-01,1.394431753167856366e-11,9.999999999860557098e-01,1.394431753167856366e-11
1.911837754375327127e-32,1.000000000000000000e+00,1.911837754375326853e-32,1.000000000000000000e+00
5.646231525212653232e-22,1.000000000000000000e+00,5.646231525212654172e-22,1.000000000000000000e+00
9.999999999954550800e-01,4.544940010514135871e-12,9.999999999954549690e-01,4.544940010514135063e-12
9.999998453444800539e-01,1.546555199387388826e-07,9.999998453444801649e-01,1.546555199387389090e-07
1.204632648621563613e-17,1.000000000000000000e+00,1.204632648621563613e-17,1.000000000000000000e+00
6.045497240068946441e-108,1.000000000000000000e+00,6.045497240068946441e-108,1.000000000000000000e+00
2.900305680487600952e-42,1.000000000000000000e+00,2.900305680487600952e-42,1.000000000000000000e+00
9.999999352164864463e-01,6.478351360295755789e-08,9.999999352164864463e-01,6.478351360295754466e-08
9.999912770566484754e-01,8.722943351540689269e-06,9.999912770566483644e-01,8.722943351540689269e-06
9.999999999860557098e-01,1.394431753167856527e-11,9.999999999860557098e-01,1.394431753167856366e-11
9.999999987502280474e-01,1.249771974258892210e-09,9.999999987502280474e-01,1.249771974258892210e-09
9.999998453444800539e-01,1.546555199387389090e-07,9.999998453444800539e-01,1.546555199387388826e-07
9.978702591859639481e-01,2.129740814036121255e-03,9.978702591859638371e-01,2.129740814036121255e-03
9.999999999411371965e-01,5.886277232111930896e-11,9.999999999411373075e-01,5.886277232111930896e-11
4.600492363018046273e-46,1.000000000000000000e+00,4.600492363018044718e-46,1.000000000000000000e+00
9.999999995101670480e-01,4.898329619689137195e-10,9.999999995101670480e-01,4.898329619689138229e-10
9.999971298270134978e-01,2.870172986448141955e-06,9.999971298270136089e-01,2.870172986448141955e-06
9.999971298270136089e-01,2.870172986448141955e-06,9.999971298270134978e-01,2.870172986448141955e-06
9.999989299898902617e-01,1.070010109734934551e-06,9.999989299898902617e-01,1.070010109734934551e-06
9.999989299898902617e-01,1.070010109734934763e-06,9.999989299898903727e-01,1.070010109734934763e-06
4.237959541171851382e-04,9.995762040458828768e-01,4.237959541171851382e-04,9.995762040458828768e-01
9.999999960903752649e-01,3.909624719461175298e-09,9.999999960903752649e-01,3.909624719461174470e-09
5.075134280289633759e-03,9.949248657197103940e-01,5.075134280289634627e-03,9.949248657197103940e-01
9.999999999936635131e-01,6.336410936240906499e-12,9.999999999936635131e-01,6.336410936240908115e-12
9.999999960903752649e-01,3.909624719461174470e-09,9.999999960903752649e-01,3.909624719461174470e-09
9.999999998528751322e-01,1.471248556222005226e-10,9.999999998528751322e-01,1.471248556222004968e-10
3.205186936486595985e-05,9.999679481306351647e-01,3.205186936486595985e-05,9.999679481306351647e-01
9.887602347579522721e-01,1.123976524204770185e-02,9.887602347579522721e-01,1.123976524204770358e-02
9.998888664507017410e-01,1.111335492982466804e-04,9.998888664507016300e-01,1.111335492982466939e-04
9.999999997909722049e-01,2.090278510371158602e-10,9.999999997909720939e-01,2.090278510371158343e-10
1.024093259736573866e-07,9.999998975906740917e-01,1.024093259736573733e-07,9.999998975906739807e-01
9.978702591859639481e-01,2.129740814036121688e-03,9.978702591859638371e-01,2.129740814036121255e-03
9.999999999879028989e-01,1.209708840225712385e-11,9.999999999879028989e-01,1.209708840225712385e-11
9.978702591859638371e-01,2.129740814036121255e-03,9.978702591859638371e-01,2.129740814036121255e-03
9.999999999951999508e-01,4.800040419931763872e-12,9.999999999952000618e-01,4.800040419931763872e-12
9.999999999954614083e-01,4.538601109276523504e-12,9.999999999954614083e-01,4.538601109276523504e-12
1.909432868908195602e-06,9.999980905671310705e-01,1.909432868908195602e-06,9.999980905671310705e-01
9.999999978183630178e-01,2.181636925044638986e-09,9.999999978183630178e-01,2.181636925044639813e-09
9.999999998902970866e-01,1.097029182933491070e-10,9.999999998902970866e-01,1.097029182933491070e-10
6.877579828310446085e-27,1.000000000000000000e+00,6.877579828310446085e-27,1.000000000000000000e+00
9.999912770566483644e-01,8.722943351540685881e-06,9.999912770566484754e-01,8.722943351540687575e-06
9.999999999879028989e-01,1.209708840225712385e-11,9.999999999879030099e-01,1.209708840225712547e-11
9.999999999932954742e-01,6.704528808002745863e-12,9.999999999932954742e-01,6.704528808002745055e-12
9.999999999936635131e-01,6.336410936240907307e-12,9.999999999936636241e-01,6.336410936240908115e-12
9.999999999945707874e-01,5.429193516044923935e-12,9.999999999945707874e-01,5.429193516044924743e-12
9.999999999542144025e-01,4.578553539551428898e-11,9.999999999542145135e-01,4.578553539551430190e-11
9.999998453444800539e-01,1.546555199387388826e-07,9.999998453444800539e-01,1.546555199387389090e-07
9.999696545150295046e-01,3.034548497055941671e-05,9.999696545150293936e-01,3.034548497055940993e-05
9.438928158119734709e-16,9.999999999999990008e-01,9.438928158119736681e-16,9.999999999999991118e-01
9.999912770566483644e-01,8.722943351540687575e-06,9.999912770566484754e-01,8.722943351540687575e-06
9.995273477505109971e-01,4.726522494890490495e-04,9.995273477505109971e-01,4.726522494890490495e-04
2.411949648358555544e-24,1.000000000000000000e+00,2.411949648358555911e-24,1.000000000000000000e+00
9.999999999916410198e-01,8.359062569314933052e-12,9.999999999916409088e-01,8.359062569314933052e-12
9.999999999954979346e-01,4.502010443801015165e-12,9.999999999954980456e-01,4.502010443801016781e-12
9.999999352164864463e-01,6.478351360295754466e-08,9.999999352164864463e-01,6.478351360295754466e-08
9.999912770566484754e-01,8.722943351540689269e-06,9.999912770566483644e-01,8.722943351540689269e-06
9.999996165722054853e-01,3.834277945064683469e-07,9.999996165722054853e-01,3.834277945064683469e-07
9.999999960903752649e-01,3.909624719461175298e-09,9.999999960903752649e-01,3.909624719461175298e-09
9.999999999837737574e-01,1.622624383836943016e-11,9.999999999837738685e-01,1.622624383836943339e-11
9.999999923441931227e-01,7.655806880159441558e-09,9.999999923441931227e-01,7.655806880159441558e-09
9.452084402548475150e-01,5.479155974515255434e-02,9.452084402548474040e-01,5.479155974515254740e-02
1.909432868908195602e-06,9.999980905671310705e-01,1.909432868908196025e-06,9.999980905671310705e-01
9.999999999879028989e-01,1.209708840225712385e-11,9.999999999879028989e-01,1.209708840225712223e-11
4.238036665501943442e-09,9.999999957619633006e-01,4.238036665501944269e-09,9.999999957619633006e-01
6.877579828310444650e-27,1.000000000000000000e+00,6.877579828310446085e-27,1.000000000000000000e+00
9.525930785982880849e-64,1.000000000000000000e+00,9.525930785982880849e-64,1.000000000000000000e+00
9.999999845245973740e-01,1.547540266019399660e-08,9.999999845245973740e-01,1.547540266019399660e-08
9.998888664507017410e-01,1.111335492982466939e-04,9.998888664507017410e-01,1.111335492982467075e-04
9.999912770566483644e-01,8.722943351540689269e-06,9.999912770566484754e-01,8.722943351540687575e-06
9.012425899552198837e-20,1.000000000000000000e+00,9.012425899552200041e-20,1.000000000000000000e+00
9.999999998528751322e-01,1.471248556222004968e-10,9.999999998528752432e-01,1.471248556222005485e-10
9.999999999955236918e-01,4.476278123312817834e-12,9.999999999955238028e-01,4.476278123312818642e-12
9.999999845245973740e-01,1.547540266019399660e-08,9.999999845245973740e-01,1.547540266019399660e-08
9.887602347579522721e-01,1.123976524204770358e-02,9.887602347579522721e-01,1.123976524204770358e-02
4.238036665501943442e-09,9.999999957619633006e-01,4.238036665501944269e-09,9.999999957619634117e-01
7.171004187937926044e-01,2.828995812062073401e-01,7.171004187937926044e-01,2.828995812062073956e-01
9.999999999894056968e-01,1.059421469870005077e-11,9.999999999894058078e-01,1.059421469870005238e-11
9.999912770566484754e-01,8.722943351540687575e-06,9.999912770566484754e-01,8.722943351540687575e-06
9.999999992258554737e-01,7.741444924958626303e-10,9.999999992258553627e-01,7.741444924958626303e-10
9.999999999923419036e-01,7.658139894305022904e-12,9.999999999923419036e-01,7.658139894305021288e-12
9.999999999906338255e-01,9.366147881026148911e-12,9.999999999906338255e-01,9.366147881026150527e-12
9.999999999773966364e-01,2.260333082440867012e-11,9.999999999773966364e-01,2.260333082440866689e-11
9.999999999949931162e-01,5.006829722137265452e-12,9.999999999949931162e-01,5.006829722137264645e-12
9.999999999542144025e-01,4.578553539551428898e-11,9.999999999542144025e-01,4.578553539551429544e-11
9.999999999411371965e-01,5.886277232111930896e-11,9.999999999411371965e-01,5.886277232111930896e-11
9.978702591859639481e-01,2.129740814036121688e-03,9.978702591859639481e-01,2.129740814036121688e-03
9.999999998902970866e-01,1.097029182933490941e-10,9.999999998902971976e-01,1.097029182933491070e-10
9.999999999944296780e-01,5.570273398680857148e-12,9.999999999944296780e-01,5.570273398680857148e-12
9.999999999941007189e-01,5.899290110926180300e-12,9.999999999941006079e-01,5.899290110926178684e-12
9.999999845245973740e-01,1.547540266019399660e-08,9.999999845245972629e-01,1.547540266019399660e-08
9.999999999879028989e-01,1.209708840225712385e-11,9.999999999879028989e-01,1.209708840225712385e-11
7.171004187937926044e-01,2.828995812062073956e-01,7.171004187937927155e-01,2.828995812062073956e-01
9.999999999203141865e-01,7.968584050879436248e-11,9.999999999203141865e-01,7.968584050879436248e-11
1.911837754375327127e-32,1.000000000000000000e+00,1.911837754375326579e-32,1.000000000000000000e+00
9.978702591859638371e-01,2.129740814036121255e-03,9.978702591859638371e-01,2.129740814036121255e-03
2.660874160976113805e-54,1.000000000000000000e+00,2.660874160976113805e-54,1.000000000000000000e+00
9.012425899552201245e-20,1.000000000000000000e+00,9.012425899552200041e-20,1.000000000000000000e+00
9.887602347579522721e-01,1.123976524204770358e-02,9.887602347579522721e-01,1.123976524204770358e-02
9.999999992258555848e-01,7.741444924958627337e-10,9.999999992258554737e-01,7.741444924958627337e-10
9.999999996834015858e-01,3.165983998486476917e-10,9.999999996834015858e-01,3.165983998486477434e-10
9.999998453444801649e-01,1.546555199387389090e-07,9.999998453444800539e-01,1.546555199387388826e-07
7.171004187937926044e-01,2.828995812062073956e-01,7.171004187937926044e-01,2.828995812062073956e-01
9.999998453444800539e-01,1.546555199387389090e-07,9.999998453444800539e-01,1.546555199387388826e-07
1.909432868908196025e-06,9.999980905671310705e-01,1.909432868908195602e-06,9.999980905671310705e-01
9.999999998528752432e-01,1.471248556222005485e-10,9.999999998528751322e-01,1.471248556222005226e-10
9.999999960903752649e-01,3.909624719461175298e-09,9.999999960903752649e-01,3.909624719461175298e-09
9.999999999542145135e-01,4.578553539551429544e-11,9.999999999542144025e-01,4.578553539551429544e-11
9.999999999955205832e-01,4.479402961216933990e-12,9.999999999955206942e-01,4.479402961216933990e-12
9.999999996834015858e-01,3.165983998486476917e-10,9.999999996834015858e-01,3.165983998486476917e-10
9.999999999951034724e-01,4.896557034086601837e-12,9.999999999951034724e-01,4.896557034086601837e-12
9.999999996834015858e-01,3.165983998486476917e-10,9.999999996834015858e-01,3.165983998486476917e-10
9.999999999906338255e-01,9.366147881026148911e-12,9.999999999906339365e-01,9.366147881026150527e-12
9.999999999919976235e-01,8.002350202515633392e-12,9.999999999919976235e-01,8.002350202515633392e-12
9.999999960903752649e-01,3.909624719461175298e-09,9.999999960903753760e-01,3.909624719461175298e-09
9.978702591859638371e-01,2.129740814036121255e-03,9.978702591859639481e-01,2.129740814036121255e-03
4.237959541171850840e-04,9.995762040458827657e-01,4.237959541171851382e-04,9.995762040458828768e-01
9.999696545150295046e-01,3.034548497055941332e-05,9.999696545150295046e-01,3.034548497055941332e-05
7.552308208795005515e-14,9.999999999999245048e-01,7.552308208795005515e-14,9.999999999999245048e-01
9.999999698367982859e-01,3.016320162128397415e-08,9.999999698367983969e-01,3.016320162128398077e-08
1.911837754375327127e-32,1.000000000000000000e+00,1.911837754375326853e-32,1.000000000000000000e+00
9.438928158119736681e-16,9.999999999999990008e-01,9.438928158119736681e-16,9.999999999999991118e-01
6.877579828310447520e-27,1.000000000000000000e+00,6.877579828310446085e-27,1.000000000000000000e+00
3.205186936486595985e-05,9.999679481306351647e-01,3.205186936486595985e-05,9.999679481306351647e-01
4.237959541171850298e-04,9.995762040458827657e-01,4.237959541171850840e-04,9.995762040458827657e-01
1.807898221838877131e-35,1.000000000000000000e+00,1.807898221838876864e-35,1.000000000000000000e+00
9.438928158119736681e-16,9.999999999999991118e-01,9.438928158119736681e-16,9.999999999999991118e-01
9.525930785982882198e-64,1.000000000000000000e+00,9.525930785982880849e-64,1.000000000000000000e+00
6.045497240068946441e-108,1.000000000000000000e+00,6.045497240068946441e-108,1.000000000000000000e+00
2.411949648358555544e-24,1.000000000000000000e+00,2.411949648358555544e-24,1.000000000000000000e+00
1.024093259736573601e-07,9.999998975906739807e-01,1.024093259736573601e-07,9.999998975906739807e-01
9.899076520687224855e-44,1.000000000000000000e+00,9.899076520687224855e-44,1.000000000000000000e+00
4.126886061769490265e-39,1.000000000000000000e+00,3.190311046514275645e-63,1.000000000000000000e+00
4.063278487569301277e-64,1.000000000000000000e+00,3.705492343809349081e-322,1.000000000000000000e+00
1.296312224376752149e-116,1.000000000000000000e+00,3.869696153037837773e-116,1.000000000000000000e+00
9.999999999809391360e-01,1.906088483044513875e-11,9.999999999809390250e-01,1.906088483044513552e-11
1.024093259736573733e-07,9.999998975906739807e-01,1.024093259736573733e-07,9.999998975906739807e-01
9.438928158119736681e-16,9.999999999999991118e-01,9.438928158119736681e-16,9.999999999999990008e-01
4.238036665501944269e-09,9.999999957619634117e-01,4.238036665501944269e-09,9.999999957619634117e-01
9.999999997909722049e-01,2.090278510371158860e-10,9.999999997909722049e-01,2.090278510371158860e-10
2.501474949624345733e-227,1.000000000000000000e+00,2.501474949624346201e-227,1.000000000000000000e+00
2.501474949624345751e-217,1.000000000000000000e+00,2.868567708349345610e-249,1.000000000000000000e+00
8.282882430991953417e-39,1.000000000000000000e+00,8.282882430991952112e-39,1.000000000000000000e+00
3.353194179602795289e-103,1.000000000000000000e+00,3.353194179602795289e-103,1.000000000000000000e+00
1.010093048627270721e-79,1.000000000000000000e+00,4.768183348714156554e-132,1.000000000000000000e+00
4.762251632653902362e-04,9.995237748367346020e-01,9.012425899552200041e-20,1.000000000000000000e+00
4.238036665501944269e-09,9.999999957619634117e-01,4.238036665501944269e-09,9.999999957619634117e-01
2.411949648358555544e-24,1.000000000000000000e+00,2.411949648358555544e-24,1.000000000000000000e+00
1.024093259736573601e-07,9.999998975906739807e-01,1.024093259736573601e-07,9.999998975906739807e-01
9.999996165722054853e-01,3.834277945064683469e-07,9.999996165722054853e-01,3.834277945064683469e-07
7.552308208795004252e-14,9.999999999999245048e-01,7.552308208795004252e-14,9.999999999999245048e-01
9.999999999952834395e-01,4.716556624748106862e-12,9.999999999952835505e-01,4.716556624748107670e-12
9.999999999941007189e-01,5.899290110926180300e-12,9.999999999941007189e-01,5.899290110926180300e-12
5.592733038504423729e-233,1.000000000000000000e+00,5.592733038504422835e-233,1.000000000000000000e+00
9.999999999933496531e-01,6.650344746761938110e-12,9.999999999933497641e-01,6.650344746761938918e-12
9.999999999928261829e-01,7.173779663402244790e-12,9.999999999928261829e-01,7.173779663402244790e-12
9.999998453444800539e-01,1.546555199387388826e-07,9.999998453444800539e-01,1.546555199387389090e-07
6.877579828310444650e-27,1.000000000000000000e+00,6.877579828310444650e-27,1.000000000000000000e+00
9.999999352164863353e-01,6.478351360295754466e-08,9.999999352164864463e-01,6.478351360295754466e-08
9.999999999203141865e-01,7.968584050879436248e-11,9.999999999203140755e-01,7.968584050879434955e-11
9.999999999720921018e-01,2.790791985147400678e-11,9.999999999720921018e-01,2.790791985147400678e-11
1.024093259736573733e-07,9.999998975906739807e-01,1.024093259736573733e-07,9.999998975906739807e-01
9.999999995101670480e-01,4.898329619689137195e-10,9.999999995101670480e-01,4.898329619689136161e-10
1.909432868908195602e-06,9.999980905671311815e-01,1.909432868908195602e-06,9.999980905671309594e-01
1.024093259736573601e-07,9.999998975906739807e-01,1.024093259736573866e-07,9.999998975906740917e-01
9.438928158119736681e-16,9.999999999999991118e-01,9.438928158119736681e-16,9.999999999999990008e-01
9.999999923441931227e-01,7.655806880159441558e-09,9.999999923441931227e-01,7.655806880159441558e-09
9.999999999937111417e-01,6.288878759535914850e-12,9.999999999937110307e-01,6.288878759535914042e-12
9.999999999954549690e-01,4.544940010514135063e-12,9.999999999954549690e-01,4.544940010514135063e-12
9.999999999809390250e-01,1.906088483044513552e-11,9.999999999809392470e-01,1.906088483044513552e-11
9.887602347579522721e-01,1.123976524204770358e-02,9.887602347579522721e-01,1.123976524204770185e-02
9.999999698367983969e-01,3.016320162128397415e-08,9.999999698367983969e-01,3.016320162128398077e-08
9.995273477505108861e-01,4.726522494890490495e-04,9.995273477505109971e-01,4.726522494890491037e-04
9.999999999923417926e-01,7.658139894305021288e-12,9.999999999923417926e-01,7.658139894305019673e-12
9.999989299898902617e-01,1.070010109734934551e-06,9.999989299898901507e-01,1.070010109734934551e-06
2.660874160976113805e-54,1.000000000000000000e+00,2.660874160976113805e-54,1.000000000000000000e+00
9.438928158119736681e-16,9.999999999999991118e-01,9.438928158119736681e-16,9.999999999999991118e-01
9.999999999955372365e-01,4.462777587683136812e-12,9.999999999955371255e-01,4.462777587683135197e-12
9.999999999650965865e-01,3.490349648693227425e-11,9.999999999650964755e-01,3.490349648693227425e-11
9.999999999203141865e-01,7.968584050879437540e-11,9.999999999203140755e-01,7.968584050879436248e-11
4.109082433261003300e-50,1.000000000000000000e+00,4.109082433261002825e-50,1.000000000000000000e+00
6.508554717770752254e-69,1.000000000000000000e+00,6.508554717770752254e-69,1.000000000000000000e+00
4.109082433261003300e-50,1.000000000000000000e+00,4.109082433261003300e-50,1.000000000000000000e+00
9.438928158119736681e-16,9.999999999999991118e-01,9.438928158119736681e-16,9.999999999999991118e-01
1.373808131947802524e-266,1.000000000000000000e+00,1.373808131947802180e-266,1.000000000000000000e+00
1.000000000000000000e+00,1.373808131947802168e-256,9.352388814067828455e-59,1.000000000000000000e+00
4.237959541171851382e-04,9.995762040458827657e-01,4.237959541171850298e-04,9.995762040458827657e-01
9.978702591859639481e-01,2.129740814036121255e-03,9.978702591859639481e-01,2.129740814036121255e-03
3.118280795817127755e-12,9.999999999968817166e-01,3.118280795817127755e-12,9.999999999968818276e-01
4.701494535626959959e-02,9.529850546437302894e-01,4.701494535626960652e-02,9.529850546437305114e-01
9.999999960903752649e-01,3.909624719461175298e-09,9.999999960903753760e-01,3.909624719461174470e-09
9.995273477505109971e-01,4.726522494890490495e-04,9.995273477505109971e-01,4.726522494890491037e-04
2.411949648358555544e-24,1.000000000000000000e+00,2.411949648358555911e-24,1.000000000000000000e+00
1.909432868908195602e-06,9.999980905671310705e-01,1.909432868908195602e-06,9.999980905671310705e-01
1.909432868908195602e-06,9.999980905671310705e-01,1.909432868908195602e-06,9.999980905671311815e-01
1.280513414466977118e-29,1.000000000000000000e+00,1.280513414466977118e-29,1.000000000000000000e+00
7.552308208795004252e-14,9.999999999999245048e-01,7.552308208795004252e-14,9.999999999999245048e-01
7.171004187937926044e-01,2.828995812062073956e-01,7.171004187937926044e-01,2.828995812062073956e-01
9.438928158119736681e-16,9.999999999999991118e-01,9.438928158119736681e-16,9.999999999999990008e-01
2.800694639660819552e-01,7.199305360339181004e-01,2.800694639660818996e-01,7.199305360339181004e-01
1.280513414466977118e-29,1.000000000000000000e+00,1.280513414466977118e-29,1.000000000000000000e+00
4.238036665501943442e-09,9.999999957619631896e-01,4.238036665501944269e-09,9.999999957619634117e-01
9.999999996834015858e-01,3.165983998486476917e-10,9.999999996834015858e-01,3.165983998486477434e-10
9.999912770566484754e-01,8.722943351540689269e-06,9.999912770566484754e-01,8.722943351540689269e-06
3.205186936486595985e-05,9.999679481306351647e-01,3.205186936486595985e-05,9.999679481306351647e-01
9.999999997909722049e-01,2.090278510371158602e-10,9.999999997909722049e-01,2.090278510371158602e-10
9.999989299898902617e-01,1.070010109734934551e-06,9.999989299898903727e-01,1.070010109734934551e-06
9.887602347579522721e-01,1.123976524204770185e-02,9.887602347579521611e-01,1.123976524204770185e-02
1.280513414466977118e-29,1.000000000000000000e+00,1.280513414466977118e-29,1.000000000000000000e+00
9.999999999933495420e-01,6.650344746761938918e-12,9.999999999933497641e-01,6.650344746761938918e-12
1.909432868908195602e-06,9.999980905671310705e-01,1.909432868908195602e-06,9.999980905671310705e-01
9.999999845245973740e-01,1.547540266019399991e-08,9.999999845245973740e-01,1.547540266019399660e-08
9.999999999939095385e-01,6.090412875585009897e-12,9.999999999939095385e-01,6.090412875585010704e-12
9.999999999918550708e-01,8.144940324079871441e-12,9.999999999918550708e-01,8.144940324079871441e-12
9.999999999837737574e-01,1.622624383836942693e-11,9.999999999837737574e-01,1.622624383836943016e-11
9.999696545150293936e-01,3.034548497055940993e-05,9.999696545150293936e-01,3.034548497055941332e-05
9.995273477505108861e-01,4.726522494890490495e-04,9.995273477505108861e-01,4.726522494890490495e-04
1.911837754375326853e-32,1.000000000000000000e+00,1.911837754375326853e-32,1.000000000000000000e+00
9.012425899552198837e-20,1.000000000000000000e+00,9.012425899552200041e-20,1.000000000000000000e+00
4.238036665501943442e-09,9.999999957619634117e-01,4.238036665501944269e-09,9.999999957619634117e-01
9.999912770566485865e-01,8.722943351540689269e-06,9.999912770566484754e-01,8.722943351540689269e-06
3.118280795817127755e-12,9.999999999968817166e-01,3.118280795817128158e-12,9.999999999968818276e-01
5.075134280289634627e-03,9.949248657197103940e-01,5.075134280289634627e-03,9.949248657197103940e-01
7.552308208795004252e-14,9.999999999999245048e-01,7.552308208795005515e-14,9.999999999999245048e-01
5.646231525212654172e-22,1.000000000000000000e+00,5.646231525212654172e-22,1.000000000000000000e+00
9.012425899552200041e-20,1.000000000000000000e+00,9.012425899552200041e-20,1.000000000000000000e+00
2.900305680487601590e-42,1.000000000000000000e+00,2.900305680487600952e-42,1.000000000000000000e+00
3.118280795817128562e-12,9.999999999968818276e-01,3.118280795817128158e-12,9.999999999968818276e-01
9.998888664507017410e-01,1.111335492982467075e-04,9.998888664507017410e-01,1.111335492982467075e-04
2.411949648358555544e-24,1.000000000000000000e+00,2.411949648358555911e-24,1.000000000000000000e+00
9.999999999720921018e-01,2.790791985147400355e-11,9.999999999720921018e-01,2.790791985147400355e-11
9.999999999951034724e-01,4.896557034086601837e-12,9.999999999951034724e-01,4.896557034086601029e-12
1.204632648621563613e-17,1.000000000000000000e+00,1.204632648621563613e-17,1.000000000000000000e+00
9.999999999948683271e-01,5.131695836195938107e-12,9.999999999948683271e-01,5.131695836195938107e-12
9.999999999942685847e-01,5.731468574391404690e-12,9.999999999942685847e-01,5.731468574391403882e-12
9.999999999837736464e-01,1.622624383836942693e-11,9.999999999837737574e-01,1.622624383836942693e-11
9.999999992258554737e-01,7.741444924958627337e-10,9.999999992258554737e-01,7.741444924958627337e-10
9.999999352164864463e-01,6.478351360295754466e-08,9.999999352164863353e-01,6.478351360295754466e-08
9.999996165722054853e-01,3.834277945064682940e-07,9.999996165722054853e-01,3.834277945064682940e-07
2.660874160976113805e-54,1.000000000000000000e+00,2.660874160976113805e-54,1.000000000000000000e+00
2.411949648358555911e-24,1.000000000000000000e+00,2.411949648358555544e-24,1.000000000000000000e+00
8.282882430991953417e-39,1.000000000000000000e+00,8.282882430991952112e-39,1.000000000000000000e+00
1.204632648621563613e-17,1.000000000000000000e+00,1.204632648621563613e-17,1.000000000000000000e+00
9.999999960903752649e-01,3.909624719461175298e-09,9.999999960903752649e-01,3.909624719461174470e-09
7.171004187937926044e-01,2.828995812062073956e-01,7.171004187937924934e-01,2.828995812062073956e-01
9.999999999954550800e-01,4.544940010514135063e-12,9.999999999954550800e-01,4.544940010514135871e-12
3.118280795817128158e-12,9.999999999968818276e-01,3.118280795817127755e-12,9.999999999968816056e-01
4.701494535626959959e-02,9.529850546437304004e-01,4.701494535626960652e-02,9.529850546437305114e-01
5.646231525212653232e-22,1.000000000000000000e+00,5.646231525212654172e-22,1.000000000000000000e+00
1.280513414466977118e-29,1.000000000000000000e+00,1.280513414466977118e-29,1.000000000000000000e+00
1.911837754375327127e-32,1.000000000000000000e+00,1.911837754375327127e-32,1.000000000000000000e+00
9.438928158119736681e-16,9.999999999999990008e-01,9.438928158119736681e-16,9.999999999999991118e-01
8.282882430991953417e-39,1.000000000000000000e+00,8.282882430991952112e-39,1.000000000000000000e+00
1.000000000000000000e+00,8.282882430991951819e-29,9.999999998999999750e-11,9.999999998999999917e-01
5.000000000000000000e-01,5.000000000000000000e-01,6.877579828310446085e-27,1.000000000000000000e+00
9.999912770566483644e-01,8.722943351540685881e-06,9.999912770566484754e-01,8.722943351540687575e-06
9.999999992258554737e-01,7.741444924958626303e-10,9.999999992258553627e-01,7.741444924958626303e-10
9.999696545150293936e-01,3.034548497055940993e-05,9.999696545150295046e-01,3.034548497055941332e-05
9.999999996834015858e-01,3.165983998486477434e-10,9.999999996834015858e-01,3.165983998486477434e-10
5.646231525212654172e-22,1.000000000000000000e+00,5.646231525212654172e-22,1.000000000000000000e+00
9.999999999773966364e-01,2.260333082440866689e-11,9.999999999773966364e-01,2.260333082440866689e-11
9.999999995101670480e-01,4.898329619689137195e-10,9.999999995101669370e-01,4.898329619689136161e-10
9.999999999928261829e-01,7.173779663402244790e-12,9.999999999928261829e-01,7.173779663402244790e-12
9.999999998528752432e-01,1.471248556222005485e-10,9.999999998528751322e-01,1.471248556222005226e-10
9.999998453444800539e-01,1.546555199387388826e-07,9.999998453444800539e-01,1.546555199387389090e-07
9.887602347579522721e-01,1.123976524204770185e-02,9.887602347579522721e-01,1.123976524204770185e-02
1.024093259736573601e-07,9.999998975906739807e-01,1.024093259736573601e-07,9.999998975906739807e-01
9.999996165722054853e-01,3.834277945064683469e-07,9.999996165722054853e-01,3.834277945064683469e-07
4.237959541171850840e-04,9.995762040458827657e-01,4.237959541171850298e-04,9.995762040458827657e-01
9.887602347579522721e-01,1.123976524204770358e-02,9.887602347579522721e-01,1.123976524204770358e-02
9.999999352164863353e-01,6.478351360295754466e-08,9.999999352164863353e-01,6.478351360295754466e-08
9.999912770566484754e-01,8.722943351540689269e-06,9.999912770566484754e-01,8.722943351540687575e-06
2.800694639660819552e-01,7.199305360339181004e-01,2.800694639660818996e-01,7.199305360339179893e-01
9.999999978183630178e-01,2.181636925044638986e-09,9.999999978183630178e-01,2.181636925044639399e-09
9.999999999837737574e-01,1.622624383836943016e-11,9.999999999837738685e-01,1.622624383836943016e-11
9.999999999953218532e-01,4.678158430719900854e-12,9.999999999953217422e-01,4.678158430719900854e-12
9.887602347579522721e-01,1.123976524204770358e-02,9.887602347579522721e-01,1.123976524204770185e-02
1.331061532870315324e-10,9.999999998668938073e-01,1.331061532870314807e-10,9.999999998668938073e-01
6.877579828310446085e-27,1.000000000000000000e+00,6.877579828310446085e-27,1.000000000000000000e+00
9.525930785982880849e-64,1.000000000000000000e+00,9.525930785982880849e-64,1.000000000000000000e+00
1.911837754375326853e-32,1.000000000000000000e+00,1.911837754375327127e-32,1.000000000000000000e+00
8.282882430991953417e-39,1.000000000000000000e+00,8.282882430991952112e-39,1.000000000000000000e+00
4.600492363018046273e-46,1.000000000000000000e+00,4.600492363018045496e-46,1.000000000000000000e+00
3.397932514560491463e-80,1.000000000000000000e+00,3.397932514560491463e-80,1.000000000000000000e+00
9.012425899552200041e-20,1.000000000000000000e+00,9.012425899552200041e-20,1.000000000000000000e+00
2.900305680487601590e-42,1.000000000000000000e+00,2.900305680487600952e-42,1.000000000000000000e+00
8.800956425886404697e-125,1.000000000000000000e+00,8.800956425886403647e-125,1.000000000000000000e+00
4.600492363018045496e-46,1.000000000000000000e+00,4.600492363018045496e-46,1.000000000000000000e+00
9.999998453444800539e-01,1.546555199387389090e-07,9.999998453444800539e-01,1.546555199387388826e-07
9.999999999944296780e-01,5.570273398680857148e-12,9.999999999944296780e-01,5.570273398680856340e-12
9.999999995101670480e-01,4.898329619689138229e-10,9.999999995101670480e-01,4.898329619689136161e-10
9.998888664507017410e-01,1.111335492982466939e-04,9.998888664507018520e-01,1.111335492982467075e-04
2.900305680487600952e-42,1.000000000000000000e+00,2.900305680487600952e-42,1.000000000000000000e+00
7.348060591952459586e-144,1.000000000000000000e+00,7.348060591952458448e-144,1.000000000000000000e+00
8.800956425886403647e-125,1.000000000000000000e+00,8.800956425886403647e-125,1.000000000000000000e+00
1.204632648621563613e-17,1.000000000000000000e+00,1.204632648621563613e-17,1.000000000000000000e+00
1.644653448576583717e-304,1.000000000000000000e+00,1.645146773963836306e-304,1.000000000000000000e+00
1.000000000000000000e+00,1.645146773987776167e-294,2.660874160976113805e-54,1.000000000000000000e+00
9.452084402548474040e-01,5.479155974515255434e-02,9.452084402548475150e-01,5.479155974515254740e-02
9.999971298270134978e-01,2.870172986448141955e-06,9.999971298270134978e-01,2.870172986448141955e-06
9.999999999879028989e-01,1.209708840225712223e-11,9.999999999879028989e-01,1.209708840225712385e-11
9.999999999203141865e-01,7.968584050879436248e-11,9.999999999203141865e-01,7.968584050879437540e-11
9.999999999899356062e-01,1.006436526557536659e-11,9.999999999899356062e-01,1.006436526557536659e-11
9.999999999908945059e-01,9.105508767062051060e-12,9.999999999908945059e-01,9.105508767062051060e-12
9.999998453444800539e-01,1.546555199387388826e-07,9.999998453444801649e-01,1.546555199387388826e-07
9.999912770566484754e-01,8.722943351540689269e-06,9.999912770566483644e-01,8.722943351540687575e-06
9.525930785982880849e-64,1.000000000000000000e+00,9.525930785982880849e-64,1.000000000000000000e+00
9.999999960903752649e-01,3.909624719461175298e-09,9.999999960903752649e-01,3.909624719461174470e-09
1.024093259736573601e-07,9.999998975906739807e-01,1.024093259736573601e-07,9.999998975906739807e-01
9.999999999954614083e-01,4.538601109276523504e-12,9.999999999954614083e-01,4.538601109276522696e-12
9.999999999954614083e-01,4.538601109276523504e-12,9.999999999954614083e-01,4.538601109276522696e-12
9.999999698367983969e-01,3.016320162128398077e-08,9.999999698367983969e-01,3.016320162128397415e-08
9.999999999949116258e-01,5.088395614210015273e-12,9.999999999949115148e-01,5.088395614210014465e-12
9.999999999955386798e-01,4.461220696038502242e-12,9.999999999955387908e-01,4.461220696038503050e-12
1.331061532870315065e-10,9.999999998668938073e-01,1.331061532870315065e-10,9.999999998668938073e-01
9.999999999953218532e-01,4.678158430719901662e-12,9.999999999953218532e-01,4.678158430719900854e-12
9.999999999899356062e-01,1.006436526557536659e-11,9.999999999899356062e-01,1.006436526557536659e-11
9.999999999899356062e-01,1.006436526557536659e-11,9.999999999899357173e-01,1.006436526557536821e-11
9.999999999899356062e-01,1.006436526557536659e-11,9.999999999899357173e-01,1.006436526557536821e-11
9.999999999899356062e-01,1.006436526557536659e-11,9.999999999899357173e-01,1.006436526557536659e-11
9.999999999899356062e-01,1.006436526557536659e-11,9.999999999899357173e-01,1.006436526557536659e-11
9.999999999899356062e-01,1.006436526557536659e-11,9.999999999899357173e-01,1.006436526557536821e-11
9.999999999899356062e-01,1.006436526557536659e-11,9.999999999899357173e-01,1.006436526557536821e-11
9.999999999899356062e-01,1.006436526557536659e-11,9.999999999899357173e-01,1.006436526557536659e-11
9.999999999899356062e-01,1.006436526557536659e-11,9.999999999899357173e-01,1.006436526557536659e-11
9.999999999899356062e-01,1.006436526557536659e-11,9.999999999899357173e-01,1.006436526557536821e-11
9.999999999899356062e-01,1.006436526557536659e-11,9.999999999899357173e-01,1.006436526557536821e-11
9.999999999899356062e-01,1.006436526557536659e-11,9.999999999899357173e-01,1.006436526557536659e-11
9.999999999899356062e-01,1.006436526557536659e-11,9.999999999899357173e-01,1.006436526557536659e-11
9.999999999899356062e-01,1.006436526557536659e-11,9.999999999899357173e-01,1.006436526557536821e-11
9.999999999899356062e-01,1.006436526557536659e-11,9.999999999899357173e-01,1.006436526557536821e-11
9.999999999899356062e-01,1.006436526557536659e-11,9.999999999899357173e-01,1.006436526557536659e-11
9.999999999899356062e-01,1.006436526557536659e-11,9.999999999899357173e-01,1.006436526557536659e-11
9.999999999899356062e-01,1.006436526557536659e-11,9.999999999899357173e-01,1.006436526557536821e-11
9.999999999899356062e-01,1.006436526557536659e-11,9.999999999899357173e-01,1.006436526557536821e-11
9.999999999899356062e-01,1.006436526557536659e-11,9.999999999899357173e-01,1.006436526557536659e-11
9.999999999899356062e-01,1.006436526557536659e-11,9.999999999899357173e-01,1.006436526557536659e-11
9.999999999899356062e-01,1.006436526557536659e-11,9.999999999899357173e-01,1.006436526557536821e-11
9.999999999899356062e-01,1.006436526557536659e-11,9.999999999899357173e-01,1.006436526557536821e-11
9.999999999899356062e-01,1.006436526557536659e-11,9.999999999899357173e-01,1.006436526557536659e-11
9.999999999899356062e-01,1.006436526557536659e-11,9.999999999899357173e-01,1.006436526557536659e-11
9.999999999899356062e-01,1.006436526557536659e-11,9.999999999899357173e-01,1.006436526557536821e-11
9.999999999899356062e-01,1.006436526557536659e-11,9.999999999899357173e-01,1.006436526557536821e-11
9.999999999899356062e-01,1.006436526557536659e-11,9.999999999899357173e-01,1.006436526557536659e-11
9.999999999899356062e-01,1.006436526557536659e-11,9.999999999899357173e-01,1.006436526557536659e-11
9.999999999899356062e-01,1.006436526557536659e-11,9.999999999899357173e-01,1.006436526557536821e-11
9.999999999899356062e-01,1.006436526557536659e-11,9.999999999899357173e-01,1.006436526557536821e-11
9.999999999899356062e-01,1.006436526557536659e-11,9.999999999899357173e-01,1.006436526557536659e-11
9.999999999899356062e-01,1.006436526557536659e-11,9.999999999899357173e-01,1.006436526557536659e-11
9.999999999899356062e-01,1.006436526557536659e-11,9.999999999899357173e-01,1.006436526557536821e-11
9.999999999899356062e-01,1.006436526557536659e-11,9.999999999899357173e-01,1.006436526557536821e-11
9.999999999899356062e-01,1.006436526557536659e-11,9.999999999899357173e-01,1.006436526557536659e-11
9.999999999899356062e-01,1.006436526557536659e-11,9.999999999899357173e-01,1.006436526557536659e-11
9.999999999899356062e-01,1.006436526557536659e-11,9.999999999899357173e-01,1.006436526557536821e-11
9.999999999955236918e-01,4.476278123312818642e-12,9.999999999955236918e-01,4.476278123312817834e-12
9.999999999913983251e-01,8.601674835606658709e-12,9.999999999913983251e-01,8.601674835606658709e-12
9.999999999899356062e-01,1.006436526557536659e-11,9.999999999899357173e-01,1.006436526557536821e-11
9.999999999899356062e-01,1.006436526557536659e-11,9.999999999899357173e-01,1.006436526557536659e-11
9.999999999899356062e-01,1.006436526557536659e-11,9.999999999899357173e-01,1.006436526557536821e-11
9.999999999899356062e-01,1.006436526557536659e-11,9.999999999899357173e-01,1.006436526557536821e-11
9.999999999899356062e-01,1.006436526557536659e-11,9.999999999899357173e-01,1.006436526557536659e-11
9.999999999899356062e-01,1.006436526557536659e-11,9.999999999899357173e-01,1.006436526557536659e-11
9.999999999899356062e-01,1.006436526557536659e-11,9.999999999899357173e-01,1.006436526557536821e-11
9.999999999899356062e-01,1.006436526557536659e-11,9.999999999899357173e-01,1.006436526557536821e-11
9.999999999899356062e-01,1.006436526557536659e-11,9.999999999899357173e-01,1.006436526557536659e-11
9.999999999899356062e-01,1.006436526557536659e-11,9.999999999899357173e-01,1.006436526557536659e-11
9.999999999899356062e-01,1.006436526557536659e-11,9.999999999899357173e-01,1.006436526557536821e-11
9.999999999941007189e-01,5.899290110926180300e-12,9.999999999941007189e-01,5.899290110926179492e-12
9.999999999899356062e-01,1.006436526557536659e-11,9.999999999899356062e-01,1.006436526557536659e-11
9.999999999899356062e-01,1.006436526557536659e-11,9.999999999899357173e-01,1.006436526557536821e-11
9.999999999899356062e-01,1.006436526557536659e-11,9.999999999899357173e-01,1.006436526557536659e-11
9.999999999899356062e-01,1.006436526557536659e-11,9.999999999899357173e-01,1.006436526557536659e-11
9.999999999899356062e-01,1.006436526557536659e-11,9.999999999899357173e-01,1.006436526557536821e-11
9.999999999899356062e-01,1.006436526557536659e-11,9.999999999899357173e-01,1.006436526557536821e-11
9.999999999899356062e-01,1.006436526557536659e-11,9.999999999899357173e-01,1.006436526557536659e-11
9.999999999936636241e-01,6.336410936240908115e-12,9.999999999936636241e-01,6.336410936240908115e-12
9.999999999935760275e-01,6.423970721660730185e-12,9.999999999935760275e-01,6.423970721660730992e-12
9.999999999922692950e-01,7.730700947381286242e-12,9.999999999922692950e-01,7.730700947381286242e-12
9.999999999905299086e-01,9.470110774942860689e-12,9.999999999905299086e-01,9.470110774942860689e-12
9.999999999918550708e-01,8.144940324079871441e-12,9.999999999918550708e-01,8.144940324079871441e-12
9.999999999913983251e-01,8.601674835606658709e-12,9.999999999913983251e-01,8.601674835606660325e-12
9.999999999940604178e-01,5.939534100323804234e-12,9.999999999940605289e-01,5.939534100323805041e-12
9.999999999915555327e-01,8.444435846311212636e-12,9.999999999915555327e-01,8.444435846311212636e-12
9.999999999899356062e-01,1.006436526557536659e-11,9.999999999899356062e-01,1.006436526557536821e-11
9.999999999899356062e-01,1.006436526557536659e-11,9.999999999899357173e-01,1.006436526557536821e-11
9.999999999905299086e-01,9.470110774942860689e-12,9.999999999905299086e-01,9.470110774942862304e-12
9.999999999899356062e-01,1.006436526557536659e-11,9.999999999899357173e-01,1.006436526557536821e-11
9.999999999905299086e-01,9.470110774942860689e-12,9.999999999905299086e-01,9.470110774942862304e-12
9.999999999915555327e-01,8.444435846311211020e-12,9.999999999915555327e-01,8.444435846311212636e-12
9.999999999905299086e-01,9.470110774942860689e-12,9.999999999905299086e-01,9.470110774942860689e-12
9.999999999944296780e-01,5.570273398680856340e-12,9.999999999944297890e-01,5.570273398680857148e-12
9.999999999933919526e-01,6.607938860822675590e-12,9.999999999933920636e-01,6.607938860822675590e-12
9.999999999915555327e-01,8.444435846311212636e-12,9.999999999915556437e-01,8.444435846311214252e-12
9.999999999899356062e-01,1.006436526557536659e-11,9.999999999899356062e-01,1.006436526557536821e-11
9.999999999899356062e-01,1.006436526557536659e-11,9.999999999899357173e-01,1.006436526557536659e-11
9.999999999899356062e-01,1.006436526557536659e-11,9.999999999899357173e-01,1.006436526557536821e-11
9.999999999905299086e-01,9.470110774942860689e-12,9.999999999905299086e-01,9.470110774942862304e-12
9.999999999899356062e-01,1.006436526557536659e-11,9.999999999899357173e-01,1.006436526557536821e-11
9.999999999899356062e-01,1.006436526557536659e-11,9.999999999899357173e-01,1.006436526557536659e-11
9.999999999905299086e-01,9.470110774942860689e-12,9.999999999905299086e-01,9.470110774942862304e-12
9.999999999954932717e-01,4.506725468249470237e-12,9.999999999954932717e-01,4.506725468249470237e-12
9.999999999899356062e-01,1.006436526557536659e-11,9.999999999899356062e-01,1.006436526557536497e-11
9.999999999899356062e-01,1.006436526557536659e-11,9.999999999899357173e-01,1.006436526557536821e-11
9.999999999899356062e-01,1.006436526557536659e-11,9.999999999899357173e-01,1.006436526557536821e-11
9.999999999899356062e-01,1.006436526557536659e-11,9.999999999899357173e-01,1.006436526557536659e-11
9.999999999954550800e-01,4.544940010514135871e-12,9.999999999954550800e-01,4.544940010514135063e-12
9.999999999915555327e-01,8.444435846311212636e-12,9.999999999915556437e-01,8.444435846311212636e-12
9.999999999948926410e-01,5.107369090437681211e-12,9.999999999948927520e-01,5.107369090437682018e-12
9.999999999899356062e-01,1.006436526557536659e-11,9.999999999899356062e-01,1.006436526557536821e-11
9.999999999899356062e-01,1.006436526557536659e-11,9.999999999899357173e-01,1.006436526557536659e-11
9.999999999899356062e-01,1.006436526557536659e-11,9.999999999899357173e-01,1.006436526557536821e-11
9.999999999899356062e-01,1.006436526557536659e-11,9.999999999899357173e-01,1.006436526557536821e-11
9.999999999899356062e-01,1.006436526557536659e-11,9.999999999899357173e-01,1.006436526557536659e-11
9.999999999899356062e-01,1.006436526557536659e-11,9.999999999899357173e-01,1.006436526557536659e-11
9.999999998528751322e-01,1.471248556222005226e-10,9.999999998528751322e-01,1.471248556222004968e-10
9.999999999899356062e-01,1.006436526557536659e-11,9.999999999899354952e-01,1.006436526557536659e-11
9.999999999899356062e-01,1.006436526557536659e-11,9.999999999899357173e-01,1.006436526557536821e-11
9.999999999899356062e-01,1.006436526557536659e-11,9.999999999899357173e-01,1.006436526557536659e-11
9.999999999899356062e-01,1.006436526557536659e-11,9.999999999899357173e-01,1.006436526557536659e-11
9.999999999899356062e-01,1.006436526557536659e-11,9.999999999899357173e-01,1.006436526557536821e-11
9.999999999899356062e-01,1.006436526557536659e-11,9.999999999899357173e-01,1.006436526557536821e-11
9.999999999899356062e-01,1.006436526557536659e-11,9.999999999899357173e-01,1.006436526557536659e-11
9.999999999899356062e-01,1.006436526557536659e-11,9.999999999899357173e-01,1.006436526557536659e-11
9.999999999899356062e-01,1.006436526557536659e-11,9.999999999899357173e-01,1.006436526557536821e-11
9.999999999899356062e-01,1.006436526557536659e-11,9.999999999899357173e-01,1.006436526557536821e-11
9.999999999899356062e-01,1.006436526557536659e-11,9.999999999899357173e-01,1.006436526557536659e-11
9.999999999899356062e-01,1.006436526557536659e-11,9.999999999899357173e-01,1.006436526557536659e-11
9.999999999899356062e-01,1.006436526557536659e-11,9.999999999899357173e-01,1.006436526557536821e-11
9.999999999899356062e-01,1.006436526557536659e-11,9.999999999899357173e-01,1.006436526557536821e-11
9.999999999899356062e-01,1.006436526557536659e-11,9.999999999899357173e-01,1.006436526557536659e-11
9.999999999899356062e-01,1.006436526557536659e-11,9.999999999899357173e-01,1.006436526557536659e-11
9.999999999899356062e-01,1.006436526557536659e-11,9.999999999899357173e-01,1.006436526557536821e-11
9.999999999899356062e-01,1.006436526557536659e-11,9.999999999899357173e-01,1.006436526557536821e-11
9.999999999899356062e-01,1.006436526557536659e-11,9.999999999899357173e-01,1.006436526557536659e-11
9.999999999948683271e-01,5.131695836195937299e-12,9.999999999948683271e-01,5.131695836195937299e-12
9.999999999899356062e-01,1.006436526557536659e-11,9.999999999899357173e-01,1.006436526557536659e-11
9.999999999899356062e-01,1.006436526557536659e-11,9.999999999899357173e-01,1.006436526557536659e-11
9.999999999899356062e-01,1.006436526557536659e-11,9.999999999899357173e-01,1.006436526557536821e-11
9.999999999899356062e-01,1.006436526557536659e-11,9.999999999899357173e-01,1.006436526557536821e-11
9.999999999899356062e-01,1.006436526557536659e-11,9.999999999899357173e-01,1.006436526557536659e-11
9.999999999899356062e-01,1.006436526557536659e-11,9.999999999899357173e-01,1.006436526557536659e-11
9.999999999899356062e-01,1.006436526557536659e-11,9.999999999899357173e-01,1.006436526557536821e-11
9.999999999928261829e-01,7.173779663402245597e-12,9.999999999928262939e-01,7.173779663402246405e-12
9.999999999932953632e-01,6.704528808002745055e-12,9.999999999932954742e-01,6.704528808002745055e-12
9.999999999899356062e-01,1.006436526557536659e-11,9.999999999899357173e-01,1.006436526557536659e-11
9.999999999899356062e-01,1.006436526557536659e-11,9.999999999899357173e-01,1.006436526557536821e-11
9.999999999899356062e-01,1.006436526557536659e-11,9.999999999899357173e-01,1.006436526557536659e-11
9.999999999899356062e-01,1.006436526557536659e-11,9.999999999899357173e-01,1.006436526557536659e-11
9.999999999899356062e-01,1.006436526557536659e-11,9.999999999899357173e-01,1.006436526557536821e-11
9.999999999899356062e-01,1.006436526557536659e-11,9.999999999899357173e-01,1.006436526557536821e-11
9.999999999899356062e-01,1.006436526557536659e-11,9.999999999899357173e-01,1.006436526557536659e-11
9.999999999899356062e-01,1.006436526557536659e-11,9.999999999899357173e-01,1.006436526557536659e-11
9.999999999899356062e-01,1.006436526557536659e-11,9.999999999899357173e-01,1.006436526557536821e-11
9.999999999899356062e-01,1.006436526557536659e-11,9.999999999899357173e-01,1.006436526557536821e-11
9.999999999899356062e-01,1.006436526557536659e-11,9.999999999899357173e-01,1.006436526557536659e-11
9.999999999899356062e-01,1.006436526557536659e-11,9.999999999899357173e-01,1.006436526557536659e-11
9.999999999899356062e-01,1.006436526557536659e-11,9.999999999899357173e-01,1.006436526557536821e-11
9.999999999899356062e-01,1.006436526557536659e-11,9.999999999899357173e-01,1.006436526557536821e-11
9.999999999899356062e-01,1.006436526557536659e-11,9.999999999899357173e-01,1.006436526557536659e-11
9.999999999899356062e-01,1.006436526557536659e-11,9.999999999899357173e-01,1.006436526557536659e-11
9.999999999899356062e-01,1.006436526557536659e-11,9.999999999899357173e-01,1.006436526557536821e-11
9.999999999899356062e-01,1.006436526557536659e-11,9.999999999899357173e-01,1.006436526557536821e-11
9.999999999899356062e-01,1.006436526557536659e-11,9.999999999899357173e-01,1.006436526557536659e-11
9.999999999899356062e-01,1.006436526557536659e-11,9.999999999899357173e-01,1.006436526557536659e-11
9.999999999899356062e-01,1.006436526557536659e-11,9.999999999899357173e-01,1.006436526557536821e-11
9.999999999899356062e-01,1.006436526557536659e-11,9.999999999899357173e-01,1.006436526557536821e-11
9.999999999899356062e-01,1.006436526557536659e-11,9.999999999899357173e-01,1.006436526557536659e-11
9.999999999899356062e-01,1.006436526557536659e-11,9.999999999899357173e-01,1.006436526557536659e-11
9.999999999899356062e-01,1.006436526557536659e-11,9.999999999899357173e-01,1.006436526557536821e-11
9.999999999955432317e-01,4.456731138890891663e-12,9.999999999955433427e-01,4.456731138890892471e-12
9.999999999899356062e-01,1.006436526557536659e-11,9.999999999899356062e-01,1.006436526557536659e-11
9.999999999899356062e-01,1.006436526557536659e-11,9.999999999899357173e-01,1.006436526557536821e-11
9.999999999899356062e-01,1.006436526557536659e-11,9.999999999899357173e-01,1.006436526557536659e-11
9.999999999899356062e-01,1.006436526557536659e-11,9.999999999899357173e-01,1.006436526557536659e-11
9.999999999899356062e-01,1.006436526557536659e-11,9.999999999899357173e-01,1.006436526557536821e-11
9.999999999899356062e-01,1.006436526557536659e-11,9.999999999899357173e-01,1.006436526557536821e-11
9.999999999899356062e-01,1.006436526557536659e-11,9.999999999899357173e-01,1.006436526557536659e-11
9.999999999899356062e-01,1.006436526557536659e-11,9.999999999899357173e-01,1.006436526557536659e-11
9.999999999899356062e-01,1.006436526557536659e-11,9.999999999899357173e-01,1.006436526557536821e-11
9.999999999954056751e-01,4.594320500726418909e-12,9.999999999954055641e-01,4.594320500726418101e-12
9.999999999899356062e-01,1.006436526557536659e-11,9.999999999899356062e-01,1.006436526557536659e-11
9.999999999899356062e-01,1.006436526557536659e-11,9.999999999899357173e-01,1.006436526557536821e-11
9.999999999899356062e-01,1.006436526557536659e-11,9.999999999899357173e-01,1.006436526557536821e-11
9.999999999899356062e-01,1.006436526557536659e-11,9.999999999899357173e-01,1.006436526557536659e-11
9.999999999899356062e-01,1.006436526557536659e-11,9.999999999899357173e-01,1.006436526557536659e-11
9.999999999899356062e-01,1.006436526557536659e-11,9.999999999899357173e-01,1.006436526557536821e-11
9.999999999899356062e-01,1.006436526557536659e-11,9.999999999899357173e-01,1.006436526557536821e-11
9.999999999899356062e-01,1.006436526557536659e-11,9.999999999899357173e-01,1.006436526557536659e-11
9.999999999899356062e-01,1.006436526557536659e-11,9.999999999899357173e-01,1.006436526557536659e-11
9.999999999899356062e-01,1.006436526557536659e-11,9.999999999899357173e-01,1.006436526557536821e-11
9.999999999899356062e-01,1.006436526557536659e-11,9.999999999899357173e-01,1.006436526557536821e-11
9.999999999899356062e-01,1.006436526557536659e-11,9.999999999899357173e-01,1.006436526557536659e-11
9.999999999899356062e-01,1.006436526557536659e-11,9.999999999899357173e-01,1.006436526557536659e-11
9.999999999899356062e-01,1.006436526557536659e-11,9.999999999899357173e-01,1.006436526557536821e-11
9.999999999899356062e-01,1.006436526557536659e-11,9.999999999899357173e-01,1.006436526557536821e-11
9.999999999899356062e-01,1.006436526557536659e-11,9.999999999899357173e-01,1.006436526557536659e-11
9.999999999899356062e-01,1.006436526557536659e-11,9.999999999899357173e-01,1.006436526557536659e-11
9.999999999899356062e-01,1.006436526557536659e-11,9.999999999899357173e-01,1.006436526557536821e-11
9.999999999899356062e-01,1.006436526557536659e-11,9.999999999899357173e-01,1.006436526557536821e-11
9.999999999899356062e-01,1.006436526557536659e-11,9.999999999899357173e-01,1.006436526557536659e-11
9.999999999899356062e-01,1.006436526557536659e-11,9.999999999899357173e-01,1.006436526557536659e-11
9.999999999899356062e-01,1.006436526557536659e-11,9.999999999899357173e-01,1.006436526557536821e-11
9.999999999899356062e-01,1.006436526557536659e-11,9.999999999899357173e-01,1.006436526557536821e-11
9.999999999952834395e-01,4.716556624748106862e-12,9.999999999952834395e-01,4.716556624748106862e-12
9.999999999954056751e-01,4.594320500726418909e-12,9.999999999954057861e-01,4.594320500726419717e-12
9.999999999899356062e-01,1.006436526557536659e-11,9.999999999899356062e-01,1.006436526557536659e-11
9.999999999899356062e-01,1.006436526557536659e-11,9.999999999899357173e-01,1.006436526557536821e-11
9.999999999899356062e-01,1.006436526557536659e-11,9.999999999899357173e-01,1.006436526557536821e-11
9.999999999899356062e-01,1.006436526557536659e-11,9.999999999899357173e-01,1.006436526557536659e-11
9.999999999899356062e-01,1.006436526557536659e-11,9.999999999899357173e-01,1.006436526557536659e-11
9.999999999899356062e-01,1.006436526557536659e-11,9.999999999899357173e-01,1.006436526557536821e-11
9.999999999899356062e-01,1.006436526557536659e-11,9.999999999899357173e-01,1.006436526557536821e-11
9.999999999899356062e-01,1.006436526557536659e-11,9.999999999899357173e-01,1.006436526557536659e-11
9.999999999899356062e-01,1.006436526557536659e-11,9.999999999899357173e-01,1.006436526557536659e-11
9.999999999899356062e-01,1.006436526557536659e-11,9.999999999899357173e-01,1.006436526557536821e-11
9.999999999899356062e-01,1.006436526557536659e-11,9.999999999899357173e-01,1.006436526557536821e-11
9.999999999899356062e-01,1.006436526557536659e-11,9.999999999899357173e-01,1.006436526557536659e-11
9.999999999899356062e-01,1.006436526557536659e-11,9.999999999899357173e-01,1.006436526557536659e-11
9.999999999899356062e-01,1.006436526557536659e-11,9.999999999899357173e-01,1.006436526557536821e-11
9.999999999948926410e-01,5.107369090437681211e-12,9.999999999948925300e-01,5.107369090437681211e-12
9.999999987502280474e-01,1.249771974258892210e-09,9.999999987502280474e-01,1.249771974258892210e-09
9.999999999899356062e-01,1.006436526557536659e-11,9.999999999899357173e-01,1.006436526557536659e-11
9.999999999899356062e-01,1.006436526557536659e-11,9.999999999899357173e-01,1.006436526557536821e-11
9.999999999899356062e-01,1.006436526557536659e-11,9.999999999899357173e-01,1.006436526557536659e-11
9.999999999899356062e-01,1.006436526557536659e-11,9.999999999899357173e-01,1.006436526557536659e-11
9.999999999899356062e-01,1.006436526557536659e-11,9.999999999899357173e-01,1.006436526557536821e-11
9.999999999899356062e-01,1.006436526557536659e-11,9.999999999899357173e-01,1.006436526557536821e-11
9.999999999899356062e-01,1.006436526557536659e-11,9.999999999899357173e-01,1.006436526557536659e-11
9.999999999899356062e-01,1.006436526557536659e-11,9.999999999899357173e-01,1.006436526557536659e-11
9.999999999899356062e-01,1.006436526557536659e-11,9.999999999899357173e-01,1.006436526557536821e-11
9.999999999899356062e-01,1.006436526557536659e-11,9.999999999899357173e-01,1.006436526557536821e-11
9.999999999955372365e-01,4.462777587683136005e-12,9.999999999955372365e-01,4.462777587683136005e-12
9.999999999899356062e-01,1.006436526557536659e-11,9.999999999899356062e-01,1.006436526557536659e-11
9.999999999899356062e-01,1.006436526557536659e-11,9.999999999899357173e-01,1.006436526557536659e-11
9.999999999899356062e-01,1.006436526557536659e-11,9.999999999899357173e-01,1.006436526557536659e-11
9.999999999949931162e-01,5.006829722137265452e-12,9.999999999949932272e-01,5.006829722137265452e-12
9.999999999899356062e-01,1.006436526557536659e-11,9.999999999899357173e-01,1.006436526557536821e-11
9.999999999899356062e-01,1.006436526557536659e-11,9.999999999899357173e-01,1.006436526557536821e-11
9.999999999899356062e-01,1.006436526557536659e-11,9.999999999899357173e-01,1.006436526557536821e-11
9.999999999809391360e-01,1.906088483044513552e-11,9.999999999809390250e-01,1.906088483044513552e-11
9.999999999899356062e-01,1.006436526557536659e-11,9.999999999899357173e-01,1.006436526557536821e-11
9.999999999947765117e-01,5.223516961439367657e-12,9.999999999947765117e-01,5.223516961439366849e-12
9.999999999899356062e-01,1.006436526557536659e-11,9.999999999899357173e-01,1.006436526557536821e-11
9.999999999899356062e-01,1.006436526557536659e-11,9.999999999899357173e-01,1.006436526557536659e-11
9.999999999905299086e-01,9.470110774942860689e-12,9.999999999905299086e-01,9.470110774942862304e-12
9.999999999933496531e-01,6.650344746761938110e-12,9.999999999933497641e-01,6.650344746761938918e-12
9.999999999899356062e-01,1.006436526557536659e-11,9.999999999899356062e-01,1.006436526557536659e-11
9.999999999899356062e-01,1.006436526557536659e-11,9.999999999899357173e-01,1.006436526557536659e-11
9.999999999899356062e-01,1.006436526557536659e-11,9.999999999899357173e-01,1.006436526557536659e-11
9.999999999899356062e-01,1.006436526557536659e-11,9.999999999899357173e-01,1.006436526557536821e-11
9.999999999899356062e-01,1.006436526557536659e-11,9.999999999899357173e-01,1.006436526557536821e-11
9.999999999949931162e-01,5.006829722137265452e-12,9.999999999949932272e-01,5.006829722137265452e-12
9.999999999899356062e-01,1.006436526557536659e-11,9.999999999899357173e-01,1.006436526557536821e-11
9.999999999899356062e-01,1.006436526557536659e-11,9.999999999899357173e-01,1.006436526557536659e-11
9.999999999899356062e-01,1.006436526557536659e-11,9.999999999899357173e-01,1.006436526557536659e-11
9.999999999899356062e-01,1.006436526557536659e-11,9.999999999899357173e-01,1.006436526557536821e-11
9.999999999899356062e-01,1.006436526557536659e-11,9.999999999899357173e-01,1.006436526557536821e-11
9.999999999899356062e-01,1.006436526557536659e-11,9.999999999899357173e-01,1.006436526557536659e-11
9.999999999899356062e-01,1.006436526557536659e-11,9.999999999899357173e-01,1.006436526557536659e-11
9.999999999905299086e-01,9.470110774942860689e-12,9.999999999905299086e-01,9.470110774942862304e-12
9.999999999899356062e-01,1.006436526557536659e-11,9.999999999899357173e-01,1.006436526557536659e-11
9.999999999899356062e-01,1.006436526557536659e-11,9.999999999899357173e-01,1.006436526557536659e-11
9.999999999905299086e-01,9.470110774942860689e-12,9.999999999905299086e-01,9.470110774942862304e-12
9.999999999955387908e-01,4.461220696038503050e-12,9.999999999955389018e-01,4.461220696038503050e-12
9.999999999899356062e-01,1.006436526557536659e-11,9.999999999899356062e-01,1.006436526557536659e-11
9.999999999899356062e-01,1.006436526557536659e-11,9.999999999899357173e-01,1.006436526557536821e-11
9.999999999899356062e-01,1.006436526557536659e-11,9.999999999899357173e-01,1.006436526557536659e-11
9.999999999899356062e-01,1.006436526557536659e-11,9.999999999899357173e-01,1.006436526557536659e-11
9.999999999954979346e-01,4.502010443801015165e-12,9.999999999954980456e-01,4.502010443801015973e-12
9.999999999899356062e-01,1.006436526557536659e-11,9.999999999899356062e-01,1.006436526557536659e-11
9.999999999899356062e-01,1.006436526557536659e-11,9.999999999899357173e-01,1.006436526557536821e-11
9.999999999899356062e-01,1.006436526557536659e-11,9.999999999899357173e-01,1.006436526557536821e-11
9.999999999899356062e-01,1.006436526557536659e-11,9.999999999899357173e-01,1.006436526557536659e-11
9.999999999899356062e-01,1.006436526557536659e-11,9.999999999899357173e-01,1.006436526557536659e-11
9.999999999899356062e-01,1.006436526557536659e-11,9.999999999899357173e-01,1.006436526557536821e-11
9.999999999899356062e-01,1.006436526557536659e-11,9.999999999899357173e-01,1.006436526557536821e-11
9.999999999899356062e-01,1.006436526557536659e-11,9.999999999899357173e-01,1.006436526557536659e-11
9.999999999910679227e-01,8.932022517283187218e-12,9.999999999910680337e-01,8.932022517283187218e-12
9.999999999951999508e-01,4.800040419931763872e-12,9.999999999951999508e-01,4.800040419931763065e-12
9.999999999899356062e-01,1.006436526557536659e-11,9.999999999899356062e-01,1.006436526557536821e-11
9.999999999899356062e-01,1.006436526557536659e-11,9.999999999899357173e-01,1.006436526557536821e-11
9.999999999899356062e-01,1.006436526557536659e-11,9.999999999899357173e-01,1.006436526557536821e-11
9.999999999899356062e-01,1.006436526557536659e-11,9.999999999899357173e-01,1.006436526557536659e-11
9.999999999899356062e-01,1.006436526557536659e-11,9.999999999899357173e-01,1.006436526557536659e-11
9.999999999954136687e-01,4.586312181167409490e-12,9.999999999954136687e-01,4.586312181167409490e-12
9.999999999916409088e-01,8.359062569314933052e-12,9.999999999916410198e-01,8.359062569314933052e-12
9.999999999899356062e-01,1.006436526557536659e-11,9.999999999899356062e-01,1.006436526557536659e-11
9.999999999899356062e-01,1.006436526557536659e-11,9.999999999899357173e-01,1.006436526557536821e-11
9.999999999899356062e-01,1.006436526557536659e-11,9.999999999899357173e-01,1.006436526557536659e-11
9.999999999899356062e-01,1.006436526557536659e-11,9.999999999899357173e-01,1.006436526557536659e-11
9.999999999899356062e-01,1.006436526557536659e-11,9.999999999899357173e-01,1.006436526557536821e-11
9.999999999899356062e-01,1.006436526557536659e-11,9.999999999899357173e-01,1.006436526557536821e-11
9.999999999899356062e-01,1.006436526557536659e-11,9.999999999899357173e-01,1.006436526557536659e-11
9.999999999899356062e-01,1.006436526557536659e-11,9.999999999899357173e-01,1.006436526557536659e-11
9.999999999899356062e-01,1.006436526557536659e-11,9.999999999899357173e-01,1.006436526557536821e-11
9.999999999899356062e-01,1.006436526557536659e-11,9.999999999899357173e-01,1.006436526557536821e-11
9.999999999773966364e-01,2.260333082440867012e-11,9.999999999773967474e-01,2.260333082440867335e-11
9.999999999899356062e-01,1.006436526557536659e-11,9.999999999899356062e-01,1.006436526557536821e-11
9.999999999954550800e-01,4.544940010514135871e-12,9.999999999954550800e-01,4.544940010514135063e-12
9.999999999899356062e-01,1.006436526557536659e-11,9.999999999899356062e-01,1.006436526557536659e-11
9.999999999899356062e-01,1.006436526557536659e-11,9.999999999899357173e-01,1.006436526557536659e-11
9.999999999899356062e-01,1.006436526557536659e-11,9.999999999899357173e-01,1.006436526557536659e-11
9.999999999899356062e-01,1.006436526557536659e-11,9.999999999899357173e-01,1.006436526557536821e-11
9.999999999899356062e-01,1.006436526557536659e-11,9.999999999899357173e-01,1.006436526557536821e-11
9.999999999899356062e-01,1.006436526557536659e-11,9.999999999899357173e-01,1.006436526557536659e-11
9.999999999899356062e-01,1.006436526557536659e-11,9.999999999899357173e-01,1.006436526557536659e-11
9.999999999899356062e-01,1.006436526557536659e-11,9.999999999899357173e-01,1.006436526557536821e-11
9.999999999899356062e-01,1.006436526557536659e-11,9.999999999899357173e-01,1.006436526557536821e-11
9.999999999899356062e-01,1.006436526557536659e-11,9.999999999899357173e-01,1.006436526557536659e-11
9.999999999899356062e-01,1.006436526557536659e-11,9.999999999899357173e-01,1.006436526557536659e-11
9.999999999899356062e-01,1.006436526557536659e-11,9.999999999899357173e-01,1.006436526557536821e-11
9.999999999899356062e-01,1.006436526557536659e-11,9.999999999899357173e-01,1.006436526557536821e-11
9.999999999899356062e-01,1.006436526557536659e-11,9.999999999899357173e-01,1.006436526557536659e-11
9.999999999899356062e-01,1.006436526557536659e-11,9.999999999899357173e-01,1.006436526557536659e-11
9.999999999899356062e-01,1.006436526557536659e-11,9.999999999899357173e-01,1.006436526557536821e-11
9.999999999899356062e-01,1.006436526557536659e-11,9.999999999899357173e-01,1.006436526557536821e-11
9.999999999899356062e-01,1.006436526557536659e-11,9.999999999899357173e-01,1.006436526557536659e-11
9.999999999899356062e-01,1.006436526557536659e-11,9.999999999899357173e-01,1.006436526557536659e-11
9.999999999899356062e-01,1.006436526557536659e-11,9.999999999899357173e-01,1.006436526557536821e-11
9.999999999899356062e-01,1.006436526557536659e-11,9.999999999899357173e-01,1.006436526557536821e-11
9.999999999899356062e-01,1.006436526557536659e-11,9.999999999899357173e-01,1.006436526557536659e-11
9.999999999899356062e-01,1.006436526557536659e-11,9.999999999899357173e-01,1.006436526557536659e-11
9.999999999650964755e-01,3.490349648693226779e-11,9.999999999650964755e-01,3.490349648693227425e-11
9.999999999899356062e-01,1.006436526557536659e-11,9.999999999899357173e-01,1.006436526557536659e-11
9.999999999899356062e-01,1.006436526557536659e-11,9.999999999899357173e-01,1.006436526557536821e-11
9.999999999899356062e-01,1.006436526557536659e-11,9.999999999899357173e-01,1.006436526557536821e-11
9.999999999899356062e-01,1.006436526557536659e-11,9.999999999899357173e-01,1.006436526557536659e-11
9.999999999899356062e-01,1.006436526557536659e-11,9.999999999899357173e-01,1.006436526557536659e-11
9.999999999899356062e-01,1.006436526557536659e-11,9.999999999899357173e-01,1.006436526557536821e-11
9.999999999899356062e-01,1.006436526557536659e-11,9.999999999899357173e-01,1.006436526557536821e-11
9.999999999899356062e-01,1.006436526557536659e-11,9.999999999899357173e-01,1.006436526557536659e-11
9.999999999899356062e-01,1.006436526557536659e-11,9.999999999899357173e-01,1.006436526557536659e-11
9.999999999955236918e-01,4.476278123312818642e-12,9.999999999955236918e-01,4.476278123312817834e-12
9.999999999899356062e-01,1.006436526557536659e-11,9.999999999899357173e-01,1.006436526557536659e-11
9.999999999899356062e-01,1.006436526557536659e-11,9.999999999899357173e-01,1.006436526557536821e-11
9.999999999954979346e-01,4.502010443801015165e-12,9.999999999954980456e-01,4.502010443801015973e-12
9.999999999899356062e-01,1.006436526557536659e-11,9.999999999899356062e-01,1.006436526557536659e-11
9.999999999905299086e-01,9.470110774942860689e-12,9.999999999905299086e-01,9.470110774942862304e-12
9.999999999899356062e-01,1.006436526557536659e-11,9.999999999899357173e-01,1.006436526557536821e-11
9.999999999899356062e-01,1.006436526557536659e-11,9.999999999899357173e-01,1.006436526557536659e-11
9.999999999773966364e-01,2.260333082440867012e-11,9.999999999773967474e-01,2.260333082440867658e-11
9.999999999899356062e-01,1.006436526557536659e-11,9.999999999899356062e-01,1.006436526557536821e-11
9.999999999899356062e-01,1.006436526557536659e-11,9.999999999899357173e-01,1.006436526557536821e-11
9.999999999899356062e-01,1.006436526557536659e-11,9.999999999899357173e-01,1.006436526557536659e-11
9.999999999899356062e-01,1.006436526557536659e-11,9.999999999899357173e-01,1.006436526557536659e-11
9.999999999899356062e-01,1.006436526557536659e-11,9.999999999899357173e-01,1.006436526557536821e-11
9.999999999899356062e-01,1.006436526557536659e-11,9.999999999899357173e-01,1.006436526557536821e-11
9.999999999899356062e-01,1.006436526557536659e-11,9.999999999899357173e-01,1.006436526557536659e-11
9.999999999899356062e-01,1.006436526557536659e-11,9.999999999899357173e-01,1.006436526557536659e-11
9.999999999899356062e-01,1.006436526557536659e-11,9.999999999899357173e-01,1.006436526557536821e-11
9.999999999953218532e-01,4.678158430719900854e-12,9.999999999953218532e-01,4.678158430719900854e-12
9.999999999899356062e-01,1.006436526557536659e-11,9.999999999899356062e-01,1.006436526557536659e-11
9.999999999899356062e-01,1.006436526557536659e-11,9.999999999899357173e-01,1.006436526557536821e-11
9.999999999899356062e-01,1.006436526557536659e-11,9.999999999899357173e-01,1.006436526557536821e-11
9.999999999899356062e-01,1.006436526557536659e-11,9.999999999899357173e-01,1.006436526557536659e-11
9.999999999899356062e-01,1.006436526557536659e-11,9.999999999899357173e-01,1.006436526557536659e-11
9.999999999899356062e-01,1.006436526557536659e-11,9.999999999899357173e-01,1.006436526557536821e-11
9.999999999899356062e-01,1.006436526557536659e-11,9.999999999899357173e-01,1.006436526557536821e-11
9.999999999899356062e-01,1.006436526557536659e-11,9.999999999899357173e-01,1.006436526557536659e-11
9.999999999899356062e-01,1.006436526557536659e-11,9.999999999899357173e-01,1.006436526557536659e-11
9.999999999899356062e-01,1.006436526557536659e-11,9.999999999899357173e-01,1.006436526557536821e-11
9.999999999899356062e-01,1.006436526557536659e-11,9.999999999899357173e-01,1.006436526557536821e-11
9.999999999899356062e-01,1.006436526557536659e-11,9.999999999899357173e-01,1.006436526557536659e-11
9.999999999899356062e-01,1.006436526557536659e-11,9.999999999899357173e-01,1.006436526557536659e-11
9.999999999899356062e-01,1.006436526557536659e-11,9.999999999899357173e-01,1.006436526557536821e-11
9.999999999899356062e-01,1.006436526557536659e-11,9.999999999899357173e-01,1.006436526557536821e-11
9.999999999899356062e-01,1.006436526557536659e-11,9.999999999899357173e-01,1.006436526557536659e-11
9.999999999899356062e-01,1.006436526557536659e-11,9.999999999899357173e-01,1.006436526557536659e-11
9.999999999899356062e-01,1.006436526557536659e-11,9.999999999899357173e-01,1.006436526557536821e-11
9.999999999899356062e-01,1.006436526557536659e-11,9.999999999899357173e-01,1.006436526557536821e-11
9.999999999899356062e-01,1.006436526557536659e-11,9.999999999899357173e-01,1.006436526557536659e-11
9.999999999899356062e-01,1.006436526557536659e-11,9.999999999899357173e-01,1.006436526557536659e-11
9.999999999953544938e-01,4.645487461534250054e-12,9.999999999953546048e-01,4.645487461534250054e-12
9.999999999899356062e-01,1.006436526557536659e-11,9.999999999899354952e-01,1.006436526557536497e-11
9.999999999899356062e-01,1.006436526557536659e-11,9.999999999899357173e-01,1.006436526557536659e-11
9.999999999899356062e-01,1.006436526557536659e-11,9.999999999899357173e-01,1.006436526557536821e-11
9.999999999899356062e-01,1.006436526557536659e-11,9.999999999899357173e-01,1.006436526557536821e-11
9.999999999899356062e-01,1.006436526557536659e-11,9.999999999899357173e-01,1.006436526557536659e-11
9.999999999899356062e-01,1.006436526557536659e-11,9.999999999899357173e-01,1.006436526557536659e-11
9.999999999899356062e-01,1.006436526557536659e-11,9.999999999899357173e-01,1.006436526557536821e-11
9.999999999899356062e-01,1.006436526557536659e-11,9.999999999899357173e-01,1.006436526557536821e-11
9.999999999952834395e-01,4.716556624748106862e-12,9.999999999952834395e-01,4.716556624748106862e-12
9.999999999935760275e-01,6.423970721660730185e-12,9.999999999935761386e-01,6.423970721660730992e-12
9.999999999899356062e-01,1.006436526557536659e-11,9.999999999899356062e-01,1.006436526557536659e-11
9.999999999899356062e-01,1.006436526557536659e-11,9.999999999899357173e-01,1.006436526557536821e-11
9.999999999899356062e-01,1.006436526557536659e-11,9.999999999899357173e-01,1.006436526557536659e-11
9.999999999899356062e-01,1.006436526557536659e-11,9.999999999899357173e-01,1.006436526557536659e-11
9.999999999899356062e-01,1.006436526557536659e-11,9.999999999899357173e-01,1.006436526557536821e-11
9.999999999916409088e-01,8.359062569314931437e-12,9.999999999916409088e-01,8.359062569314933052e-12
9.999999999953544938e-01,4.645487461534250054e-12,9.999999999953544938e-01,4.645487461534250054e-12
9.999999999954136687e-01,4.586312181167410297e-12,9.999999999954136687e-01,4.586312181167410297e-12
9.999999999899356062e-01,1.006436526557536659e-11,9.999999999899357173e-01,1.006436526557536821e-11
9.999999999955205832e-01,4.479402961216933990e-12,9.999999999955205832e-01,4.479402961216933990e-12
9.999999999899356062e-01,1.006436526557536659e-11,9.999999999899357173e-01,1.006436526557536821e-11
9.999999999899356062e-01,1.006436526557536659e-11,9.999999999899357173e-01,1.006436526557536821e-11
9.999999992258554737e-01,7.741444924958627337e-10,9.999999992258555848e-01,7.741444924958626303e-10
9.999999999899356062e-01,1.006436526557536659e-11,9.999999999899356062e-01,1.006436526557536659e-11
9.999999999899356062e-01,1.006436526557536659e-11,9.999999999899357173e-01,1.006436526557536659e-11
9.999999999899356062e-01,1.006436526557536659e-11,9.999999999899357173e-01,1.006436526557536659e-11
9.012425899552200041e-20,1.000000000000000000e+00,9.012425899552200041e-20,1.000000000000000000e+00
9.999999999955372365e-01,4.462777587683135197e-12,9.999999999955371255e-01,4.462777587683135197e-12
9.999999999899356062e-01,1.006436526557536659e-11,9.999999999899356062e-01,1.006436526557536659e-11
9.999999999899356062e-01,1.006436526557536659e-11,9.999999999899357173e-01,1.006436526557536659e-11
9.999999999899356062e-01,1.006436526557536659e-11,9.999999999899357173e-01,1.006436526557536821e-11
9.999999999899356062e-01,1.006436526557536659e-11,9.999999999899357173e-01,1.006436526557536821e-11
9.999999999899356062e-01,1.006436526557536659e-11,9.999999999899357173e-01,1.006436526557536659e-11
9.999999999899356062e-01,1.006436526557536659e-11,9.999999999899357173e-01,1.006436526557536659e-11
9.999999999899356062e-01,1.006436526557536659e-11,9.999999999899357173e-01,1.006436526557536821e-11
9.999999999899356062e-01,1.006436526557536659e-11,9.999999999899357173e-01,1.006436526557536821e-11
9.999999999899356062e-01,1.006436526557536659e-11,9.999999999899357173e-01,1.006436526557536659e-11
9.999999999899356062e-01,1.006436526557536659e-11,9.999999999899357173e-01,1.006436526557536659e-11
9.999999999899356062e-01,1.006436526557536659e-11,9.999999999899357173e-01,1.006436526557536821e-11
9.999999999899356062e-01,1.006436526557536659e-11,9.999999999899357173e-01,1.006436526557536821e-11
9.999999999899356062e-01,1.006436526557536659e-11,9.999999999899357173e-01,1.006436526557536659e-11
9.999999999899356062e-01,1.006436526557536659e-11,9.999999999899357173e-01,1.006436526557536659e-11
9.999999999899356062e-01,1.006436526557536659e-11,9.999999999899357173e-01,1.006436526557536821e-11
9.999999999899356062e-01,1.006436526557536659e-11,9.999999999899357173e-01,1.006436526557536821e-11
9.999999999899356062e-01,1.006436526557536659e-11,9.999999999899357173e-01,1.006436526557536659e-11
9.999999999899356062e-01,1.006436526557536659e-11,9.999999999899357173e-01,1.006436526557536659e-11
9.999999999899356062e-01,1.006436526557536659e-11,9.999999999899357173e-01,1.006436526557536821e-11
9.999999999899356062e-01,1.006436526557536659e-11,9.999999999899357173e-01,1.006436526557536821e-11
9.999999999899356062e-01,1.006436526557536659e-11,9.999999999899357173e-01,1.006436526557536659e-11
9.999999999899356062e-01,1.006436526557536659e-11,9.999999999899357173e-01,1.006436526557536659e-11
9.999999999899356062e-01,1.006436526557536659e-11,9.999999999899357173e-01,1.006436526557536821e-11
9.999999999899356062e-01,1.006436526557536659e-11,9.999999999899357173e-01,1.006436526557536821e-11
9.999999999899356062e-01,1.006436526557536659e-11,9.999999999899357173e-01,1.006436526557536659e-11
9.999999999899356062e-01,1.006436526557536659e-11,9.999999999899357173e-01,1.006436526557536659e-11
9.999999999899356062e-01,1.006436526557536659e-11,9.999999999899357173e-01,1.006436526557536821e-11
9.999999999899356062e-01,1.006436526557536659e-11,9.999999999899357173e-01,1.006436526557536821e-11
9.999999999928261829e-01,7.173779663402245597e-12,9.999999999928262939e-01,7.173779663402244790e-12
9.999999999899356062e-01,1.006436526557536659e-11,9.999999999899356062e-01,1.006436526557536659e-11
9.999999999899356062e-01,1.006436526557536659e-11,9.999999999899357173e-01,1.006436526557536659e-11
9.999999999899356062e-01,1.006436526557536659e-11,9.999999999899357173e-01,1.006436526557536821e-11
9.999999999899356062e-01,1.006436526557536659e-11,9.999999999899357173e-01,1.006436526557536821e-11
9.999999999899356062e-01,1.006436526557536659e-11,9.999999999899357173e-01,1.006436526557536659e-11
9.999999999899356062e-01,1.006436526557536659e-11,9.999999999899357173e-01,1.006436526557536659e-11
9.999999999899356062e-01,1.006436526557536659e-11,9.999999999899357173e-01,1.006436526557536821e-11
9.999999999899356062e-01,1.006436526557536659e-11,9.999999999899357173e-01,1.006436526557536821e-11
9.999999999899356062e-01,1.006436526557536659e-11,9.999999999899357173e-01,1.006436526557536659e-11
9.999999999899356062e-01,1.006436526557536659e-11,9.999999999899357173e-01,1.006436526557536659e-11
9.999999999899356062e-01,1.006436526557536659e-11,9.999999999899357173e-01,1.006436526557536821e-11
9.999999999899356062e-01,1.006436526557536659e-11,9.999999999899357173e-01,1.006436526557536821e-11
9.999999999899356062e-01,1.006436526557536659e-11,9.999999999899357173e-01,1.006436526557536659e-11
9.999999999954932717e-01,4.506725468249470237e-12,9.999999999954932717e-01,4.506725468249469429e-12
9.999999999899356062e-01,1.006436526557536659e-11,9.999999999899356062e-01,1.006436526557536659e-11
9.999999999899356062e-01,1.006436526557536659e-11,9.999999999899357173e-01,1.006436526557536659e-11
9.999999999899356062e-01,1.006436526557536659e-11,9.999999999899357173e-01,1.006436526557536659e-11
9.999999999899356062e-01,1.006436526557536659e-11,9.999999999899357173e-01,1.006436526557536821e-11
9.999999999899356062e-01,1.006436526557536659e-11,9.999999999899357173e-01,1.006436526557536821e-11
9.999999999899356062e-01,1.006436526557536659e-11,9.999999999899357173e-01,1.006436526557536659e-11
9.999999999899356062e-01,1.006436526557536659e-11,9.999999999899357173e-01,1.006436526557536659e-11
9.999999999932954742e-01,6.704528808002745863e-12,9.999999999932954742e-01,6.704528808002745055e-12
9.999999999899356062e-01,1.006436526557536659e-11,9.999999999899357173e-01,1.006436526557536821e-11
9.999999999899356062e-01,1.006436526557536659e-11,9.999999999899357173e-01,1.006436526557536821e-11
9.999999999899356062e-01,1.006436526557536659e-11,9.999999999899357173e-01,1.006436526557536821e-11
9.999999999899356062e-01,1.006436526557536659e-11,9.999999999899357173e-01,1.006436526557536659e-11
9.999999999899356062e-01,1.006436526557536659e-11,9.999999999899357173e-01,1.006436526557536659e-11
9.999999999899356062e-01,1.006436526557536659e-11,9.999999999899357173e-01,1.006436526557536821e-11
9.999999999899356062e-01,1.006436526557536659e-11,9.999999999899357173e-01,1.006436526557536821e-11
9.999999999905299086e-01,9.470110774942860689e-12,9.999999999905299086e-01,9.470110774942862304e-12
9.999999999899356062e-01,1.006436526557536659e-11,9.999999999899357173e-01,1.006436526557536821e-11
9.999999999899356062e-01,1.006436526557536659e-11,9.999999999899357173e-01,1.006436526557536821e-11
9.999999999951034724e-01,4.896557034086601837e-12,9.999999999951034724e-01,4.896557034086601837e-12
9.999999999899356062e-01,1.006436526557536659e-11,9.999999999899356062e-01,1.006436526557536659e-11
9.999999999899356062e-01,1.006436526557536659e-11,9.999999999899357173e-01,1.006436526557536659e-11
9.999999999899356062e-01,1.006436526557536659e-11,9.999999999899357173e-01,1.006436526557536659e-11
9.999999999951999508e-01,4.800040419931763872e-12,9.999999999951999508e-01,4.800040419931763872e-12
9.999999999899356062e-01,1.006436526557536659e-11,9.999999999899356062e-01,1.006436526557536659e-11
9.999999999899356062e-01,1.006436526557536659e-11,9.999999999899357173e-01,1.006436526557536821e-11
9.999999999899356062e-01,1.006436526557536659e-11,9.999999999899357173e-01,1.006436526557536659e-11
9.999999999913983251e-01,8.601674835606658709e-12,9.999999999913984361e-01,8.601674835606660325e-12
9.999999999899356062e-01,1.006436526557536659e-11,9.999999999899357173e-01,1.006436526557536821e-11
9.999999999899356062e-01,1.006436526557536659e-11,9.999999999899357173e-01,1.006436526557536659e-11
9.999999999944296780e-01,5.570273398680856340e-12,9.999999999944297890e-01,5.570273398680856340e-12
9.999999999899356062e-01,1.006436526557536659e-11,9.999999999899357173e-01,1.006436526557536821e-11
9.999999999899356062e-01,1.006436526557536659e-11,9.999999999899357173e-01,1.006436526557536821e-11
9.999999999899356062e-01,1.006436526557536659e-11,9.999999999899357173e-01,1.006436526557536821e-11
9.999999999899356062e-01,1.006436526557536659e-11,9.999999999899357173e-01,1.006436526557536659e-11
9.999999999899356062e-01,1.006436526557536659e-11,9.999999999899357173e-01,1.006436526557536659e-11
9.999999999899356062e-01,1.006436526557536659e-11,9.999999999899357173e-01,1.006436526557536821e-11
9.999999999899356062e-01,1.006436526557536659e-11,9.999999999899357173e-01,1.006436526557536821e-11
9.999999999899356062e-01,1.006436526557536659e-11,9.999999999899357173e-01,1.006436526557536659e-11
9.999999999955432317e-01,4.456731138890891663e-12,9.999999999955433427e-01,4.456731138890891663e-12
9.999999999915555327e-01,8.444435846311212636e-12,9.999999999915556437e-01,8.444435846311212636e-12
9.999999999899356062e-01,1.006436526557536659e-11,9.999999999899356062e-01,1.006436526557536821e-11
9.999999999899356062e-01,1.006436526557536659e-11,9.999999999899357173e-01,1.006436526557536821e-11
9.999999999899356062e-01,1.006436526557536659e-11,9.999999999899357173e-01,1.006436526557536821e-11
9.999999999899356062e-01,1.006436526557536659e-11,9.999999999899357173e-01,1.006436526557536659e-11
9.999999999899356062e-01,1.006436526557536659e-11,9.999999999899357173e-01,1.006436526557536659e-11
9.999999999899356062e-01,1.006436526557536659e-11,9.999999999899357173e-01,1.006436526557536821e-11
9.999999999899356062e-01,1.006436526557536659e-11,9.999999999899357173e-01,1.006436526557536821e-11
9.999999999955387908e-01,4.461220696038503050e-12,9.999999999955387908e-01,4.461220696038503050e-12
9.999999999908945059e-01,9.105508767062051060e-12,9.999999999908945059e-01,9.105508767062051060e-12
9.999999999935760275e-01,6.423970721660730185e-12,9.999999999935760275e-01,6.423970721660730992e-12
9.999999999944562123e-01,5.543774189712087661e-12,9.999999999944562123e-01,5.543774189712087661e-12
9.999999999899356062e-01,1.006436526557536659e-11,9.999999999899357173e-01,1.006436526557536659e-11
9.999999999899356062e-01,1.006436526557536659e-11,9.999999999899357173e-01,1.006436526557536659e-11
9.999999999899356062e-01,1.006436526557536659e-11,9.999999999899357173e-01,1.006436526557536659e-11
9.999999999899356062e-01,1.006436526557536659e-11,9.999999999899357173e-01,1.006436526557536821e-11
9.999999999899356062e-01,1.006436526557536659e-11,9.999999999899357173e-01,1.006436526557536821e-11
9.999999999899356062e-01,1.006436526557536659e-11,9.999999999899357173e-01,1.006436526557536659e-11
9.999999999899356062e-01,1.006436526557536659e-11,9.999999999899357173e-01,1.006436526557536659e-11
9.999999999899356062e-01,1.006436526557536659e-11,9.999999999899357173e-01,1.006436526557536821e-11
9.999999999899356062e-01,1.006436526557536659e-11,9.999999999899357173e-01,1.006436526557536821e-11
9.999999999899356062e-01,1.006436526557536659e-11,9.999999999899357173e-01,1.006436526557536659e-11
9.999999999899356062e-01,1.006436526557536659e-11,9.999999999899357173e-01,1.006436526557536659e-11
9.999999999899356062e-01,1.006436526557536659e-11,9.999999999899357173e-01,1.006436526557536821e-11
9.999999999899356062e-01,1.006436526557536659e-11,9.999999999899357173e-01,1.006436526557536821e-11
9.999999999899356062e-01,1.006436526557536659e-11,9.999999999899357173e-01,1.006436526557536659e-11
9.999999999899356062e-01,1.006436526557536659e-11,9.999999999899357173e-01,1.006436526557536659e-11
9.999999999899356062e-01,1.006436526557536659e-11,9.999999999899357173e-01,1.006436526557536821e-11
9.999999999899356062e-01,1.006436526557536659e-11,9.999999999899357173e-01,1.006436526557536821e-11
9.999999999899356062e-01,1.006436526557536659e-11,9.999999999899357173e-01,1.006436526557536659e-11
9.999999999899356062e-01,1.006436526557536659e-11,9.999999999899357173e-01,1.006436526557536659e-11
9.999999999899356062e-01,1.006436526557536659e-11,9.999999999899357173e-01,1.006436526557536821e-11
9.999999999899356062e-01,1.006436526557536659e-11,9.999999999899357173e-01,1.006436526557536821e-11
9.999999999899356062e-01,1.006436526557536659e-11,9.999999999899357173e-01,1.006436526557536659e-11
9.999999999899356062e-01,1.006436526557536659e-11,9.999999999899357173e-01,1.006436526557536659e-11
9.999999999899356062e-01,1.006436526557536659e-11,9.999999999899357173e-01,1.006436526557536821e-11
9.999999999906338255e-01,9.366147881026148911e-12,9.999999999906338255e-01,9.366147881026150527e-12
9.999999999899356062e-01,1.006436526557536659e-11,9.999999999899356062e-01,1.006436526557536659e-11
9.999999999899356062e-01,1.006436526557536659e-11,9.999999999899357173e-01,1.006436526557536659e-11
9.999999999899356062e-01,1.006436526557536659e-11,9.999999999899357173e-01,1.006436526557536821e-11
9.999999999899356062e-01,1.006436526557536659e-11,9.999999999899357173e-01,1.006436526557536821e-11
9.999999999899356062e-01,1.006436526557536659e-11,9.999999999899357173e-01,1.006436526557536659e-11
9.999999999899356062e-01,1.006436526557536659e-11,9.999999999899357173e-01,1.006436526557536659e-11
9.999999999899356062e-01,1.006436526557536659e-11,9.999999999899357173e-01,1.006436526557536821e-11
9.999999999899356062e-01,1.006436526557536659e-11,9.999999999899357173e-01,1.006436526557536821e-11
9.999999999899356062e-01,1.006436526557536659e-11,9.999999999899357173e-01,1.006436526557536659e-11
9.999999999899356062e-01,1.006436526557536659e-11,9.999999999899357173e-01,1.006436526557536659e-11
9.999999999899356062e-01,1.006436526557536659e-11,9.999999999899357173e-01,1.006436526557536821e-11
9.999999999899356062e-01,1.006436526557536659e-11,9.999999999899357173e-01,1.006436526557536821e-11
9.999999999899356062e-01,1.006436526557536659e-11,9.999999999899357173e-01,1.006436526557536659e-11
9.999999999899356062e-01,1.006436526557536659e-11,9.999999999899357173e-01,1.006436526557536659e-11
9.999999999955372365e-01,4.462777587683136005e-12,9.999999999955372365e-01,4.462777587683135197e-12
9.999999999899356062e-01,1.006436526557536659e-11,9.999999999899356062e-01,1.006436526557536659e-11
9.999999999938302686e-01,6.169712484015444108e-12,9.999999999938303796e-01,6.169712484015444915e-12
9.999999999899356062e-01,1.006436526557536659e-11,9.999999999899356062e-01,1.006436526557536821e-11
9.999999999899356062e-01,1.006436526557536659e-11,9.999999999899357173e-01,1.006436526557536659e-11
9.999999999899356062e-01,1.006436526557536659e-11,9.999999999899357173e-01,1.006436526557536821e-11
9.999999999899356062e-01,1.006436526557536659e-11,9.999999999899357173e-01,1.006436526557536821e-11
9.999999999899356062e-01,1.006436526557536659e-11,9.999999999899357173e-01,1.006436526557536659e-11
9.999999999899356062e-01,1.006436526557536659e-11,9.999999999899357173e-01,1.006436526557536659e-11
9.999999999899356062e-01,1.006436526557536659e-11,9.999999999899357173e-01,1.006436526557536821e-11
9.999999999899356062e-01,1.006436526557536659e-11,9.999999999899357173e-01,1.006436526557536821e-11
9.999999999899356062e-01,1.006436526557536659e-11,9.999999999899357173e-01,1.006436526557536659e-11
9.999999999899356062e-01,1.006436526557536659e-11,9.999999999899357173e-01,1.006436526557536659e-11
9.999999999899356062e-01,1.006436526557536659e-11,9.999999999899357173e-01,1.006436526557536821e-11
9.999999999899356062e-01,1.006436526557536659e-11,9.999999999899357173e-01,1.006436526557536821e-11
9.999999999899356062e-01,1.006436526557536659e-11,9.999999999899357173e-01,1.006436526557536659e-11
9.999999999650964755e-01,3.490349648693226779e-11,9.999999999650964755e-01,3.490349648693227425e-11
9.993642010607050041e-01,6.357989392950108305e-04,9.993642010607051152e-01,6.357989392950109389e-04
9.993642010607048931e-01,6.357989392950108305e-04,9.993642010607048931e-01,6.357989392950108305e-04
9.993642010607048931e-01,6.357989392950108305e-04,9.993642010607050041e-01,6.357989392950109389e-04
9.993642010607048931e-01,6.357989392950108305e-04,9.993642010607050041e-01,6.357989392950109389e-04
9.993642010607048931e-01,6.357989392950108305e-04,9.993642010607048931e-01,6.357989392950108305e-04
9.993642010607048931e-01,6.357989392950108305e-04,9.993642010607048931e-01,6.357989392950108305e-04
9.993642010607048931e-01,6.357989392950108305e-04,9.993642010607050041e-01,6.357989392950109389e-04
9.993642010607048931e-01,6.357989392950108305e-04,9.993642010607050041e-01,6.357989392950109389e-04
9.993642010607048931e-01,6.357989392950108305e-04,9.993642010607048931e-01,6.357989392950108305e-04
9.993642010607048931e-01,6.357989392950108305e-04,9.993642010607048931e-01,6.357989392950108305e-04
9.993642010607048931e-01,6.357989392950108305e-04,9.993642010607050041e-01,6.357989392950109389e-04
9.993642010607048931e-01,6.357989392950108305e-04,9.993642010607050041e-01,6.357989392950109389e-04
9.993642010607048931e-01,6.357989392950108305e-04,9.993642010607048931e-01,6.357989392950108305e-04
9.993642010607048931e-01,6.357989392950108305e-04,9.993642010607048931e-01,6.357989392950108305e-04
9.993642010607048931e-01,6.357989392950108305e-04,9.993642010607050041e-01,6.357989392950109389e-04
9.993642010607048931e-01,6.357989392950108305e-04,9.993642010607050041e-01,6.357989392950109389e-04
9.993642010607048931e-01,6.357989392950108305e-04,9.993642010607048931e-01,6.357989392950108305e-04
9.993642010607048931e-01,6.357989392950108305e-04,9.993642010607048931e-01,6.357989392950108305e-04
9.993642010607048931e-01,6.357989392950108305e-04,9.993642010607050041e-01,6.357989392950109389e-04
9.993642010607048931e-01,6.357989392950108305e-04,9.993642010607050041e-01,6.357989392950109389e-04
9.993642010607048931e-01,6.357989392950108305e-04,9.993642010607048931e-01,6.357989392950108305e-04
9.993642010607048931e-01,6.357989392950108305e-04,9.993642010607048931e-01,6.357989392950108305e-04
9.993642010607048931e-01,6.357989392950108305e-04,9.993642010607050041e-01,6.357989392950109389e-04
9.993642010607048931e-01,6.357989392950108305e-04,9.993642010607050041e-01,6.357989392950109389e-04
9.993642010607048931e-01,6.357989392950108305e-04,9.993642010607048931e-01,6.357989392950108305e-04
9.993642010607048931e-01,6.357989392950108305e-04,9.993642010607048931e-01,6.357989392950108305e-04
9.993642010607048931e-01,6.357989392950108305e-04,9.993642010607050041e-01,6.357989392950109389e-04
9.993642010607048931e-01,6.357989392950108305e-04,9.993642010607050041e-01,6.357989392950109389e-04
9.993642010607048931e-01,6.357989392950108305e-04,9.993642010607048931e-01,6.357989392950108305e-04
9.993642010607048931e-01,6.357989392950108305e-04,9.993642010607048931e-01,6.357989392950108305e-04
9.993642010607048931e-01,6.357989392950108305e-04,9.993642010607050041e-01,6.357989392950109389e-04
9.993642010607048931e-01,6.357989392950108305e-04,9.993642010607050041e-01,6.357989392950109389e-04
9.993642010607048931e-01,6.357989392950108305e-04,9.993642010607048931e-01,6.357989392950108305e-04
9.993642010607048931e-01,6.357989392950108305e-04,9.993642010607048931e-01,6.357989392950108305e-04
9.993642010607048931e-01,6.357989392950108305e-04,9.993642010607050041e-01,6.357989392950109389e-04
9.993642010607048931e-01,6.357989392950108305e-04,9.993642010607050041e-01,6.357989392950109389e-04
9.993642010607048931e-01,6.357989392950108305e-04,9.993642010607048931e-01,6.357989392950108305e-04
9.993642010607048931e-01,6.357989392950108305e-04,9.993642010607048931e-01,6.357989392950108305e-04
9.993642010607048931e-01,6.357989392950108305e-04,9.993642010607050041e-01,6.357989392950109389e-04
9.993642010607048931e-01,6.357989392950108305e-04,9.993642010607050041e-01,6.357989392950109389e-04
9.993642010607048931e-01,6.357989392950108305e-04,9.993642010607048931e-01,6.357989392950108305e-04
9.993642010607048931e-01,6.357989392950108305e-04,9.993642010607048931e-01,6.357989392950108305e-04
9.993642010607048931e-01,6.357989392950108305e-04,9.993642010607050041e-01,6.357989392950109389e-04
9.993642010607048931e-01,6.357989392950108305e-04,9.993642010607050041e-01,6.357989392950109389e-04
9.993642010607048931e-01,6.357989392950108305e-04,9.993642010607048931e-01,6.357989392950108305e-04
9.993642010607048931e-01,6.357989392950108305e-04,9.993642010607048931e-01,6.357989392950108305e-04
9.993642010607048931e-01,6.357989392950108305e-04,9.993642010607050041e-01,6.357989392950109389e-04
9.993642010607048931e-01,6.357989392950108305e-04,9.993642010607050041e-01,6.357989392950109389e-04
9.993642010607048931e-01,6.357989392950108305e-04,9.993642010607048931e-01,6.357989392950108305e-04
9.993642010607048931e-01,6.357989392950108305e-04,9.993642010607048931e-01,6.357989392950108305e-04
9.993642010607048931e-01,6.357989392950108305e-04,9.993642010607050041e-01,6.357989392950109389e-04
9.993642010607048931e-01,6.357989392950108305e-04,9.993642010607050041e-01,6.357989392950109389e-04
9.993642010607048931e-01,6.357989392950108305e-04,9.993642010607048931e-01,6.357989392950108305e-04
9.993642010607048931e-01,6.357989392950108305e-04,9.993642010607048931e-01,6.357989392950108305e-04
9.993642010607048931e-01,6.357989392950108305e-04,9.993642010607050041e-01,6.357989392950109389e-04
9.993642010607048931e-01,6.357989392950108305e-04,9.993642010607050041e-01,6.357989392950109389e-04
9.993642010607048931e-01,6.357989392950108305e-04,9.993642010607048931e-01,6.357989392950108305e-04
9.993642010607048931e-01,6.357989392950108305e-04,9.993642010607048931e-01,6.357989392950108305e-04
9.993642010607048931e-01,6.357989392950108305e-04,9.993642010607050041e-01,6.357989392950109389e-04
9.993642010607048931e-01,6.357989392950108305e-04,9.993642010607050041e-01,6.357989392950109389e-04
9.993642010607048931e-01,6.357989392950108305e-04,9.993642010607048931e-01,6.357989392950108305e-04
9.993642010607048931e-01,6.357989392950108305e-04,9.993642010607048931e-01,6.357989392950108305e-04
9.993642010607048931e-01,6.357989392950108305e-04,9.993642010607050041e-01,6.357989392950109389e-04
9.993642010607048931e-01,6.357989392950108305e-04,9.993642010607050041e-01,6.357989392950109389e-04
9.993642010607048931e-01,6.357989392950108305e-04,9.993642010607048931e-01,6.357989392950108305e-04
9.993642010607048931e-01,6.357989392950108305e-04,9.993642010607048931e-01,6.357989392950108305e-04
9.993642010607048931e-01,6.357989392950108305e-04,9.993642010607050041e-01,6.357989392950109389e-04
9.993642010607048931e-01,6.357989392950108305e-04,9.993642010607050041e-01,6.357989392950109389e-04
9.993642010607048931e-01,6.357989392950108305e-04,9.993642010607048931e-01,6.357989392950108305e-04
9.993642010607048931e-01,6.357989392950108305e-04,9.993642010607048931e-01,6.357989392950108305e-04
9.993642010607048931e-01,6.357989392950108305e-04,9.993642010607050041e-01,6.357989392950109389e-04
9.993642010607048931e-01,6.357989392950108305e-04,9.993642010607050041e-01,6.357989392950109389e-04
9.993642010607048931e-01,6.357989392950108305e-04,9.993642010607048931e-01,6.357989392950108305e-04
9.993642010607048931e-01,6.357989392950108305e-04,9.993642010607048931e-01,6.357989392950108305e-04
9.993642010607048931e-01,6.357989392950108305e-04,9.993642010607050041e-01,6.357989392950109389e-04
9.993642010607048931e-01,6.357989392950108305e-04,9.993642010607050041e-01,6.357989392950109389e-04
9.993642010607048931e-01,6.357989392950108305e-04,9.993642010607048931e-01,6.357989392950108305e-04
9.993642010607048931e-01,6.357989392950108305e-04,9.993642010607048931e-01,6.357989392950108305e-04
9.993642010607048931e-01,6.357989392950108305e-04,9.993642010607050041e-01,6.357989392950109389e-04
9.993642010607048931e-01,6.357989392950108305e-04,9.993642010607050041e-01,6.357989392950109389e-04
9.993642010607048931e-01,6.357989392950108305e-04,9.993642010607048931e-01,6.357989392950108305e-04
9.993642010607048931e-01,6.357989392950108305e-04,9.993642010607048931e-01,6.357989392950108305e-04
9.993642010607048931e-01,6.357989392950108305e-04,9.993642010607050041e-01,6.357989392950109389e-04
9.993642010607048931e-01,6.357989392950108305e-04,9.993642010607050041e-01,6.357989392950109389e-04
9.993642010607048931e-01,6.357989392950108305e-04,9.993642010607048931e-01,6.357989392950108305e-04
9.993642010607048931e-01,6.357989392950108305e-04,9.993642010607048931e-01,6.357989392950108305e-04
9.993642010607048931e-01,6.357989392950108305e-04,9.993642010607050041e-01,6.357989392950109389e-04
9.993642010607048931e-01,6.357989392950108305e-04,9.993642010607050041e-01,6.357989392950109389e-04
9.993642010607048931e-01,6.357989392950108305e-04,9.993642010607048931e-01,6.357989392950108305e-04
9.993642010607048931e-01,6.357989392950108305e-04,9.993642010607048931e-01,6.357989392950108305e-04
9.993642010607048931e-01,6.357989392950108305e-04,9.993642010607050041e-01,6.357989392950109389e-04
9.993642010607048931e-01,6.357989392950108305e-04,9.993642010607050041e-01,6.357989392950109389e-04
9.993642010607048931e-01,6.357989392950108305e-04,9.993642010607048931e-01,6.357989392950108305e-04
9.993642010607048931e-01,6.357989392950108305e-04,9.993642010607048931e-01,6.357989392950108305e-04
9.993642010607048931e-01,6.357989392950108305e-04,9.993642010607050041e-01,6.357989392950109389e-04
9.993642010607048931e-01,6.357989392950108305e-04,9.993642010607050041e-01,6.357989392950109389e-04
9.993642010607048931e-01,6.357989392950108305e-04,9.993642010607048931e-01,6.357989392950108305e-04
9.993642010607048931e-01,6.357989392950108305e-04,9.993642010607048931e-01,6.357989392950108305e-04
9.993642010607048931e-01,6.357989392950108305e-04,9.993642010607050041e-01,6.357989392950109389e-04
9.993642010607048931e-01,6.357989392950108305e-04,9.993642010607050041e-01,6.357989392950109389e-04
9.993642010607048931e-01,6.357989392950108305e-04,9.993642010607048931e-01,6.357989392950108305e-04
9.993642010607048931e-01,6.357989392950108305e-04,9.993642010607048931e-01,6.357989392950108305e-04
9.993642010607048931e-01,6.357989392950108305e-04,9.993642010607050041e-01,6.357989392950109389e-04
9.993642010607048931e-01,6.357989392950108305e-04,9.993642010607050041e-01,6.357989392950109389e-04
9.993642010607048931e-01,6.357989392950108305e-04,9.993642010607048931e-01,6.357989392950108305e-04
9.993642010607048931e-01,6.357989392950108305e-04,9.993642010607048931e-01,6.357989392950108305e-04
9.993642010607048931e-01,6.357989392950108305e-04,9.993642010607050041e-01,6.357989392950109389e-04
9.993642010607048931e-01,6.357989392950108305e-04,9.993642010607050041e-01,6.357989392950109389e-04
9.993642010607048931e-01,6.357989392950108305e-04,9.993642010607048931e-01,6.357989392950108305e-04
9.993642010607048931e-01,6.357989392950108305e-04,9.993642010607048931e-01,6.357989392950108305e-04
9.993642010607048931e-01,6.357989392950108305e-04,9.993642010607050041e-01,6.357989392950109389e-04
9.993642010607048931e-01,6.357989392950108305e-04,9.993642010607050041e-01,6.357989392950109389e-04
9.993642010607048931e-01,6.357989392950108305e-04,9.993642010607048931e-01,6.357989392950108305e-04
9.993642010607048931e-01,6.357989392950108305e-04,9.993642010607048931e-01,6.357989392950108305e-04
9.993642010607048931e-01,6.357989392950108305e-04,9.993642010607050041e-01,6.357989392950109389e-04
9.993642010607048931e-01,6.357989392950108305e-04,9.993642010607050041e-01,6.357989392950109389e-04
9.993642010607048931e-01,6.357989392950108305e-04,9.993642010607048931e-01,6.357989392950108305e-04
9.993642010607048931e-01,6.357989392950108305e-04,9.993642010607048931e-01,6.357989392950108305e-04
9.993642010607048931e-01,6.357989392950108305e-04,9.993642010607050041e-01,6.357989392950109389e-04
9.993642010607048931e-01,6.357989392950108305e-04,9.993642010607050041e-01,6.357989392950109389e-04
9.999999999899356062e-01,1.006436526557536659e-11,9.999999999899356062e-01,1.006436526557536659e-11
9.999999999899356062e-01,1.006436526557536659e-11,9.999999999899357173e-01,1.006436526557536659e-11
9.999999999899356062e-01,1.006436526557536659e-11,9.999999999899357173e-01,1.006436526557536821e-11
9.999999999899356062e-01,1.006436526557536659e-11,9.999999999899357173e-01,1.006436526557536821e-11
9.999999999899356062e-01,1.006436526557536659e-11,9.999999999899357173e-01,1.006436526557536659e-11
9.999999999899356062e-01,1.006436526557536659e-11,9.999999999899357173e-01,1.006436526557536659e-11
9.999999999899356062e-01,1.006436526557536659e-11,9.999999999899357173e-01,1.006436526557536821e-11
9.999999999936636241e-01,6.336410936240908115e-12,9.999999999936636241e-01,6.336410936240908115e-12
9.999999999899356062e-01,1.006436526557536659e-11,9.999999999899356062e-01,1.006436526557536659e-11
9.999999999899356062e-01,1.006436526557536659e-11,9.999999999899357173e-01,1.006436526557536821e-11
9.999999999899356062e-01,1.006436526557536659e-11,9.999999999899357173e-01,1.006436526557536659e-11
9.999999999899356062e-01,1.006436526557536659e-11,9.999999999899357173e-01,1.006436526557536659e-11
9.999999999899356062e-01,1.006436526557536659e-11,9.999999999899357173e-01,1.006436526557536821e-11
9.999999999899356062e-01,1.006436526557536659e-11,9.999999999899357173e-01,1.006436526557536821e-11
9.999999999899356062e-01,1.006436526557536659e-11,9.999999999899357173e-01,1.006436526557536659e-11
9.999999999899356062e-01,1.006436526557536659e-11,9.999999999899357173e-01,1.006436526557536659e-11
9.999999999899356062e-01,1.006436526557536659e-11,9.999999999899357173e-01,1.006436526557536821e-11
9.999999999899356062e-01,1.006436526557536659e-11,9.999999999899357173e-01,1.006436526557536821e-11
9.999999999899356062e-01,1.006436526557536659e-11,9.999999999899357173e-01,1.006436526557536659e-11
9.999999999899356062e-01,1.006436526557536659e-11,9.999999999899357173e-01,1.006436526557536659e-11
9.999999999899356062e-01,1.006436526557536659e-11,9.999999999899357173e-01,1.006436526557536821e-11
9.999999999899356062e-01,1.006436526557536659e-11,9.999999999899357173e-01,1.006436526557536821e-11
9.999999999899356062e-01,1.006436526557536659e-11,9.999999999899357173e-01,1.006436526557536659e-11
9.999999999899356062e-01,1.006436526557536659e-11,9.999999999899357173e-01,1.006436526557536659e-11
9.999999999899356062e-01,1.006436526557536659e-11,9.999999999899357173e-01,1.006436526557536821e-11
9.999999999953218532e-01,4.678158430719900854e-12,9.999999999953218532e-01,4.678158430719900854e-12
2.660874160976113805e-54,1.000000000000000000e+00,2.660874160976113805e-54,1.000000000000000000e+00
5.646231525212655112e-22,1.000000000000000000e+00,5.646231525212654172e-22,1.000000000000000000e+00
4.238036665501943442e-09,9.999999957619633006e-01,4.238036665501944269e-09,9.999999957619634117e-01
1.280513414466977118e-29,1.000000000000000000e+00,1.280513414466977399e-29,1.000000000000000000e+00
2.418487454746348596e-100,1.000000000000000000e+00,2.418487454746348596e-100,1.000000000000000000e+00
3.869696153037837773e-116,1.000000000000000000e+00,3.869696153037837773e-116,1.000000000000000000e+00
1.000000000000000000e+00,3.869696153037837481e-106,2.020857097662090865e-244,1.000000000000000000e+00
2.020857097632683335e-234,1.000000000000000000e+00,3.307133096660502924e-177,1.000000000000000000e+00
9.998888664507017410e-01,1.111335492982466939e-04,9.998888664507017410e-01,1.111335492982467075e-04
3.802272892227977025e-93,1.000000000000000000e+00,3.802272892227977025e-93,1.000000000000000000e+00
2.800694639660818996e-01,7.199305360339181004e-01,2.800694639660818996e-01,7.199305360339181004e-01
9.999999987502280474e-01,1.249771974258892210e-09,9.999999987502279364e-01,1.249771974258892417e-09
2.411949648358555911e-24,1.000000000000000000e+00,2.411949648358555544e-24,1.000000000000000000e+00
6.877579828310446085e-27,1.000000000000000000e+00,6.877579828310446085e-27,1.000000000000000000e+00
5.646231525212654172e-22,1.000000000000000000e+00,5.646231525212654172e-22,1.000000000000000000e+00
2.411949648358555544e-24,1.000000000000000000e+00,2.411949648358555544e-24,1.000000000000000000e+00
3.802272892227976599e-93,1.000000000000000000e+00,3.802272892227976599e-93,1.000000000000000000e+00
2.165113646084434009e-74,1.000000000000000000e+00,2.165113646084434402e-74,1.000000000000000000e+00
3.802272892227976599e-93,1.000000000000000000e+00,3.802272892227976599e-93,1.000000000000000000e+00
4.238036665501944269e-09,9.999999957619633006e-01,4.238036665501944269e-09,9.999999957619634117e-01
4.701494535626959959e-02,9.529850546437304004e-01,4.701494535626959959e-02,9.529850546437304004e-01
2.660874160976113805e-54,1.000000000000000000e+00,2.660874160976113805e-54,1.000000000000000000e+00
3.802272892227977451e-93,1.000000000000000000e+00,3.802272892227976599e-93,1.000000000000000000e+00
2.660874160976113805e-54,1.000000000000000000e+00,2.660874160976113805e-54,1.000000000000000000e+00
3.397932514560492212e-80,1.000000000000000000e+00,3.397932514560491463e-80,1.000000000000000000e+00
2.647869429135044431e-203,1.000000000000000000e+00,2.647869429135044998e-203,1.000000000000000000e+00
1.729472159156367546e-86,1.000000000000000000e+00,1.729472159156367546e-86,1.000000000000000000e+00
7.891091843080292208e-190,1.000000000000000000e+00,7.891091843080292208e-190,1.000000000000000000e+00
6.045497240068946441e-108,1.000000000000000000e+00,6.045497240068946441e-108,1.000000000000000000e+00
6.045497240068946441e-108,1.000000000000000000e+00,6.045497240068946441e-108,1.000000000000000000e+00
4.500959010898249020e-134,1.000000000000000000e+00,4.500959010898248043e-134,1.000000000000000000e+00
2.165113646084434009e-74,1.000000000000000000e+00,2.165113646084434402e-74,1.000000000000000000e+00
4.500959010898248043e-134,1.000000000000000000e+00,4.500959010898248043e-134,1.000000000000000000e+00
7.348060591952458448e-144,1.000000000000000000e+00,7.348060591952458448e-144,1.000000000000000000e+00
2.142316050022730905e-165,1.000000000000000000e+00,2.142316050022731146e-165,1.000000000000000000e+00
6.045497240068946441e-108,1.000000000000000000e+00,6.045497240068946441e-108,1.000000000000000000e+00
1.729472159156367546e-86,1.000000000000000000e+00,1.729472159156367546e-86,1.000000000000000000e+00
3.397932514560491463e-80,1.000000000000000000e+00,3.397932514560491463e-80,1.000000000000000000e+00
2.411949648358555544e-24,1.000000000000000000e+00,2.411949648358555544e-24,1.000000000000000000e+00
2.900305680487600952e-42,1.000000000000000000e+00,2.900305680487600952e-42,1.000000000000000000e+00
2.660874160976113805e-54,1.000000000000000000e+00,2.660874160976113805e-54,1.000000000000000000e+00
9.525930785982880849e-64,1.000000000000000000e+00,9.525930785982880849e-64,1.000000000000000000e+00
4.500959010898249020e-134,1.000000000000000000e+00,4.500959010898248043e-134,1.000000000000000000e+00
4.600492363018045496e-46,1.000000000000000000e+00,4.600492363018045496e-46,1.000000000000000000e+00
4.600492363018045496e-46,1.000000000000000000e+00,4.600492363018045496e-46,1.000000000000000000e+00
5.592733038504422835e-233,1.000000000000000000e+00,5.592733038504423729e-233,1.000000000000000000e+00
6.508554717770751224e-69,1.000000000000000000e+00,6.508554717770752254e-69,1.000000000000000000e+00
9.999999352164864463e-01,6.478351360295754466e-08,9.999999352164864463e-01,6.478351360295754466e-08
9.999999987502280474e-01,1.249771974258892417e-09,9.999999987502279364e-01,1.249771974258892003e-09
9.999999999930926364e-01,6.907402739801235646e-12,9.999999999930926364e-01,6.907402739801235646e-12
2.660874160976113805e-54,1.000000000000000000e+00,2.660874160976113805e-54,1.000000000000000000e+00
9.438928158119736681e-16,9.999999999999991118e-01,9.438928158119736681e-16,9.999999999999991118e-01
1.204632648621563767e-17,1.000000000000000000e+00,1.204632648621563613e-17,1.000000000000000000e+00
9.995273477505108861e-01,4.726522494890491037e-04,9.995273477505109971e-01,4.726522494890490495e-04
7.552308208795004252e-14,9.999999999999245048e-01,7.552308208795005515e-14,9.999999999999245048e-01
1.909432868908195602e-06,9.999980905671309594e-01,1.909432868908195602e-06,9.999980905671310705e-01
1.280513414466977118e-29,1.000000000000000000e+00,1.280513414466977118e-29,1.000000000000000000e+00
4.500959010898249020e-134,1.000000000000000000e+00,4.500959010898248043e-134,1.000000000000000000e+00
6.045497240068947197e-108,1.000000000000000000e+00,6.045497240068946441e-108,1.000000000000000000e+00
2.660874160976113805e-54,1.000000000000000000e+00,2.660874160976113805e-54,1.000000000000000000e+00
3.397932514560492212e-80,1.000000000000000000e+00,3.397932514560491463e-80,1.000000000000000000e+00
9.525930785982879500e-64,1.000000000000000000e+00,9.525930785982880849e-64,1.000000000000000000e+00
3.869696153037837773e-116,1.000000000000000000e+00,3.869696153037837773e-116,1.000000000000000000e+00
1.729472159156367546e-86,1.000000000000000000e+00,1.729472159156367546e-86,1.000000000000000000e+00
1.204632648621563613e-17,1.000000000000000000e+00,1.204632648621563613e-17,1.000000000000000000e+00
1.331061532870315065e-10,9.999999998668939183e-01,1.331061532870315065e-10,9.999999998668938073e-01
1.024093259736573733e-07,9.999998975906740917e-01,1.024093259736573733e-07,9.999998975906740917e-01
4.237959541171851382e-04,9.995762040458828768e-01,4.237959541171850840e-04,9.995762040458827657e-01
9.999996165722054853e-01,3.834277945064682940e-07,9.999996165722054853e-01,3.834277945064683469e-07
2.800694639660819552e-01,7.199305360339181004e-01,2.800694639660818996e-01,7.199305360339181004e-01
2.660874160976113805e-54,1.000000000000000000e+00,2.660874160976113805e-54,1.000000000000000000e+00
5.592733038504423729e-233,1.000000000000000000e+00,5.592733038504423729e-233,1.000000000000000000e+00
3.397932514561426300e-80,1.000000000000000000e+00,3.397932514560491463e-80,1.000000000000000000e+00
4.500959010898249020e-134,1.000000000000000000e+00,4.500959010898248043e-134,1.000000000000000000e+00
8.800956425886404697e-125,1.000000000000000000e+00,8.800956425886403647e-125,1.000000000000000000e+00
8.800956425886403647e-125,1.000000000000000000e+00,8.800956425886403647e-125,1.000000000000000000e+00
3.869696153037837773e-116,1.000000000000000000e+00,3.869696153037837773e-116,1.000000000000000000e+00
6.508554717770752254e-69,1.000000000000000000e+00,6.508554717770752254e-69,1.000000000000000000e+00
2.418487454746348596e-100,1.000000000000000000e+00,2.418487454746348596e-100,1.000000000000000000e+00
5.646231525212654172e-22,1.000000000000000000e+00,5.646231525212654172e-22,1.000000000000000000e+00
2.900305680487600952e-42,1.000000000000000000e+00,2.900305680487600952e-42,1.000000000000000000e+00
7.348060591952459586e-144,1.000000000000000000e+00,7.348060591952458448e-144,1.000000000000000000e+00
3.802272892227976599e-93,1.000000000000000000e+00,3.802272892227976599e-93,1.000000000000000000e+00
5.646231525212654172e-22,1.000000000000000000e+00,5.646231525212654172e-22,1.000000000000000000e+00
4.500959010898248043e-134,1.000000000000000000e+00,4.500959010898248043e-134,1.000000000000000000e+00
2.165113646084434009e-74,1.000000000000000000e+00,2.165113646084434402e-74,1.000000000000000000e+00
2.411949648358555544e-24,1.000000000000000000e+00,2.411949648358555544e-24,1.000000000000000000e+00
6.045497240068947197e-108,1.000000000000000000e+00,6.045497240068946441e-108,1.000000000000000000e+00
7.348060591952458448e-144,1.000000000000000000e+00,7.348060591952458448e-144,1.000000000000000000e+00
1.000000000000000000e+00,7.348060591845530410e-134,2.647869429135044998e-203,1.000000000000000000e+00
3.802272892227977025e-93,1.000000000000000000e+00,3.802272892227976599e-93,1.000000000000000000e+00
2.350216348675133254e-154,1.000000000000000000e+00,2.350216348675133254e-154,1.000000000000000000e+00
4.600492363018046273e-46,1.000000000000000000e+00,4.600492363018045496e-46,1.000000000000000000e+00
3.802272892227977025e-93,1.000000000000000000e+00,3.802272892227976599e-93,1.000000000000000000e+00
6.508554717770752254e-69,1.000000000000000000e+00,6.508554717770752254e-69,1.000000000000000000e+00
7.562732645090115669e-202,1.000000000000000000e+00,7.562732645090115669e-202,1.000000000000000000e+00
9.645962347574750724e-26,1.000000000000000000e+00,9.999999998999999750e-11,9.999999998999999917e-01
9.525930785982879500e-64,1.000000000000000000e+00,9.525930785982880849e-64,1.000000000000000000e+00
8.902764893221651457e-89,1.000000000000000000e+00,8.902764893221650062e-89,1.000000000000000000e+00
2.663219217239390756e-222,1.000000000000000000e+00,8.833436871670170369e-162,1.000000000000000000e+00
1.000000000000000000e+00,8.833436871541625908e-152,7.891091843080292208e-190,1.000000000000000000e+00
9.525930785982880849e-64,1.000000000000000000e+00,9.525930785982880849e-64,1.000000000000000000e+00
1.000000000000000000e+00,9.525930785844260884e-54,1.373808131947802180e-266,1.000000000000000000e+00
8.282882430991953417e-39,1.000000000000000000e+00,8.282882430991952112e-39,1.000000000000000000e+00
1.133231708843611160e-217,1.000000000000000000e+00,1.133231708843610959e-217,1.000000000000000000e+00
3.397932514560491463e-80,1.000000000000000000e+00,3.397932514560491463e-80,1.000000000000000000e+00
9.352388814067828455e-59,1.000000000000000000e+00,9.352388814067828455e-59,1.000000000000000000e+00
9.352388814067828455e-59,1.000000000000000000e+00,9.352388814067828455e-59,1.000000000000000000e+00
4.109082433261003300e-50,1.000000000000000000e+00,4.109082433261003300e-50,1.000000000000000000e+00
6.045497240068946441e-108,1.000000000000000000e+00,6.045497240068946441e-108,1.000000000000000000e+00
1.754010485195626351e-116,1.000000000000000000e+00,1.754010485195626351e-116,1.000000000000000000e+00
3.562796140566446597e-13,9.999999999996437294e-01,9.999999998999999750e-11,9.999999998999999917e-01
6.249181787170285665e-119,1.000000000000000000e+00,4.109082433261003300e-50,1.000000000000000000e+00
1.000000000000000000e+00,4.109082433261003195e-40,9.999999998999999750e-11,9.999999998999999917e-01
5.000000000000000000e-01,5.000000000000000000e-01,3.869696153037837773e-116,1.000000000000000000e+00
3.118280795817127351e-12,9.999999999968817166e-01,3.118280795817128158e-12,9.999999999968818276e-01
3.802272892227976173e-93,1.000000000000000000e+00,3.802272892227976599e-93,1.000000000000000000e+00
9.525930785982880849e-64,1.000000000000000000e+00,9.525930785982880849e-64,1.000000000000000000e+00
4.500959010898248043e-134,1.000000000000000000e+00,4.500959010898248043e-134,1.000000000000000000e+00
1.807898221838876864e-35,1.000000000000000000e+00,1.807898221838876864e-35,1.000000000000000000e+00
2.411949648358555544e-24,1.000000000000000000e+00,2.411949648358555544e-24,1.000000000000000000e+00
1.807898221838876864e-35,1.000000000000000000e+00,1.807898221838876864e-35,1.000000000000000000e+00
3.869696153037837773e-116,1.000000000000000000e+00,3.869696153037837773e-116,1.000000000000000000e+00
5.646231525212654172e-22,1.000000000000000000e+00,5.646231525212654172e-22,1.000000000000000000e+00
8.800956425886403647e-125,1.000000000000000000e+00,8.800956425886403647e-125,1.000000000000000000e+00
1.911837754375327127e-32,1.000000000000000000e+00,1.911837754375327127e-32,1.000000000000000000e+00
1.807898221838876597e-35,1.000000000000000000e+00,1.807898221838876864e-35,1.000000000000000000e+00
2.868567708349345113e-249,1.000000000000000000e+00,2.868567708349345610e-249,1.000000000000000000e+00
1.807898221838876864e-35,1.000000000000000000e+00,1.807898221838876864e-35,1.000000000000000000e+00
4.109082433261003300e-50,1.000000000000000000e+00,4.109082433261003300e-50,1.000000000000000000e+00
4.109082433261003300e-50,1.000000000000000000e+00,4.109082433261003300e-50,1.000000000000000000e+00
6.877579828310446085e-27,1.000000000000000000e+00,6.877579828310446085e-27,1.000000000000000000e+00
9.525930785982880849e-64,1.000000000000000000e+00,9.525930785982880849e-64,1.000000000000000000e+00
3.397932514560492212e-80,1.000000000000000000e+00,3.397932514560491463e-80,1.000000000000000000e+00
2.165113646084434009e-74,1.000000000000000000e+00,2.165113646084434402e-74,1.000000000000000000e+00
2.411949648358555911e-24,1.000000000000000000e+00,2.411949648358555544e-24,1.000000000000000000e+00
3.397932514560492212e-80,1.000000000000000000e+00,3.397932514560491463e-80,1.000000000000000000e+00
9.525930785982880849e-64,1.000000000000000000e+00,9.525930785982880849e-64,1.000000000000000000e+00
3.397932514560491463e-80,1.000000000000000000e+00,3.397932514560491463e-80,1.000000000000000000e+00
1.280513414466977399e-29,1.000000000000000000e+00,1.280513414466977118e-29,1.000000000000000000e+00
6.877579828310446085e-27,1.000000000000000000e+00,6.877579828310446085e-27,1.000000000000000000e+00
2.900305680487601590e-42,1.000000000000000000e+00,2.900305680487600952e-42,1.000000000000000000e+00
1.331061532870315324e-10,9.999999998668939183e-01,1.331061532870315065e-10,9.999999998668938073e-01
1.204632648621563613e-17,1.000000000000000000e+00,1.204632648621563613e-17,1.000000000000000000e+00
4.600492363018046273e-46,1.000000000000000000e+00,4.600492363018045496e-46,1.000000000000000000e+00
3.397932514560491463e-80,1.000000000000000000e+00,3.397932514560491463e-80,1.000000000000000000e+00
6.877579828310444650e-27,1.000000000000000000e+00,6.877579828310446085e-27,1.000000000000000000e+00
2.800694639660818996e-01,7.199305360339179893e-01,2.800694639660818996e-01,7.199305360339181004e-01
1.729472159156367546e-86,1.000000000000000000e+00,1.729472159156367546e-86,1.000000000000000000e+00
2.165113646084434009e-74,1.000000000000000000e+00,2.165113646084434402e-74,1.000000000000000000e+00
3.869696153037837773e-116,1.000000000000000000e+00,3.869696153037837773e-116,1.000000000000000000e+00
2.660874160976113805e-54,1.000000000000000000e+00,2.660874160976113805e-54,1.000000000000000000e+00
4.238036665501944269e-09,9.999999957619634117e-01,4.238036665501944269e-09,9.999999957619634117e-01
4.701494535626959959e-02,9.529850546437304004e-01,4.701494535626959959e-02,9.529850546437304004e-01
9.999998453444801649e-01,1.546555199387388826e-07,9.999998453444800539e-01,1.546555199387388826e-07
6.877579828310444650e-27,1.000000000000000000e+00,6.877579828310444650e-27,1.000000000000000000e+00
9.999999999937112527e-01,6.288878759535914042e-12,9.999999999937110307e-01,6.288878759535914042e-12
9.999999999894058078e-01,1.059421469870005238e-11,9.999999999894056968e-01,1.059421469870005238e-11
9.999999923441931227e-01,7.655806880159441558e-09,9.999999923441932337e-01,7.655806880159441558e-09
9.999999996834015858e-01,3.165983998486477434e-10,9.999999996834015858e-01,3.165983998486476917e-10
9.999999995101670480e-01,4.898329619689137195e-10,9.999999995101670480e-01,4.898329619689137195e-10
9.999999998528751322e-01,1.471248556222005226e-10,9.999999998528752432e-01,1.471248556222005226e-10
9.978702591859639481e-01,2.129740814036121255e-03,9.978702591859638371e-01,2.129740814036121255e-03
2.411949648358555544e-24,1.000000000000000000e+00,2.411949648358555911e-24,1.000000000000000000e+00
1.807898221838876864e-35,1.000000000000000000e+00,1.807898221838876864e-35,1.000000000000000000e+00
1.024093259736573733e-07,9.999998975906740917e-01,1.024093259736573601e-07,9.999998975906739807e-01
1.911837754375327127e-32,1.000000000000000000e+00,1.911837754375327127e-32,1.000000000000000000e+00
2.142316050022730905e-165,1.000000000000000000e+00,2.142316050022731146e-165,1.000000000000000000e+00
9.887602347579522721e-01,1.123976524204770358e-02,9.887602347579522721e-01,1.123976524204770358e-02
4.500959010898248043e-134,1.000000000000000000e+00,4.500959010898248043e-134,1.000000000000000000e+00
1.807898221838877131e-35,1.000000000000000000e+00,1.807898221838876864e-35,1.000000000000000000e+00
4.109082433261002825e-50,1.000000000000000000e+00,4.109082433261003300e-50,1.000000000000000000e+00
2.411949648358555544e-24,1.000000000000000000e+00,2.411949648358555544e-24,1.000000000000000000e+00
1.024093259736573601e-07,9.999998975906739807e-01,1.024093259736573601e-07,9.999998975906739807e-01
3.205186936486595985e-05,9.999679481306351647e-01,3.205186936486595307e-05,9.999679481306351647e-01
9.978702591859638371e-01,2.129740814036121688e-03,9.978702591859639481e-01,2.129740814036121255e-03
1.204632648621563613e-17,1.000000000000000000e+00,1.204632648621563459e-17,1.000000000000000000e+00
3.118280795817128158e-12,9.999999999968817166e-01,3.118280795817128158e-12,9.999999999968818276e-01
9.438928158119736681e-16,9.999999999999991118e-01,9.438928158119736681e-16,9.999999999999991118e-01
9.999998453444800539e-01,1.546555199387388826e-07,9.999998453444800539e-01,1.546555199387388826e-07
2.411949648358555544e-24,1.000000000000000000e+00,2.411949648358555544e-24,1.000000000000000000e+00
4.237959541171850840e-04,9.995762040458828768e-01,4.237959541171850298e-04,9.995762040458827657e-01
2.900305680487601590e-42,1.000000000000000000e+00,2.900305680487600952e-42,1.000000000000000000e+00
9.352388814067828455e-59,1.000000000000000000e+00,9.352388814067828455e-59,1.000000000000000000e+00
9.525930785982882198e-64,1.000000000000000000e+00,9.525930785982880849e-64,1.000000000000000000e+00
5.075134280289633759e-03,9.949248657197103940e-01,5.075134280289634627e-03,9.949248657197103940e-01
9.999999352164864463e-01,6.478351360295754466e-08,9.999999352164864463e-01,6.478351360295755789e-08
1.911837754375326853e-32,1.000000000000000000e+00,1.911837754375327127e-32,1.000000000000000000e+00
2.411949648358555177e-24,1.000000000000000000e+00,2.411949648358555544e-24,1.000000000000000000e+00
9.452084402548475150e-01,5.479155974515255434e-02,9.452084402548475150e-01,5.479155974515254740e-02
6.508554717770752254e-69,1.000000000000000000e+00,6.508554717770752254e-69,1.000000000000000000e+00
9.999999845245972629e-01,1.547540266019399660e-08,9.999999845245973740e-01,1.547540266019399660e-08
6.508554717770752254e-69,1.000000000000000000e+00,6.508554717770751224e-69,1.000000000000000000e+00
4.600492363018045496e-46,1.000000000000000000e+00,4.600492363018045496e-46,1.000000000000000000e+00
9.999999998528751322e-01,1.471248556222005226e-10,9.999999998528752432e-01,1.471248556222005485e-10
3.205186936486595985e-05,9.999679481306351647e-01,3.205186936486595985e-05,9.999679481306351647e-01
9.999996165722054853e-01,3.834277945064682940e-07,9.999996165722054853e-01,3.834277945064683469e-07
9.999999992258554737e-01,7.741444924958626303e-10,9.999999992258554737e-01,7.741444924958627337e-10
9.999999995101670480e-01,4.898329619689137195e-10,9.999999995101670480e-01,4.898329619689136161e-10
9.999999999837737574e-01,1.622624383836943016e-11,9.999999999837737574e-01,1.622624383836942693e-11
9.999999996834015858e-01,3.165983998486477434e-10,9.999999996834016969e-01,3.165983998486477434e-10
9.999999999879028989e-01,1.209708840225712223e-11,9.999999999879030099e-01,1.209708840225712385e-11
9.999999996834015858e-01,3.165983998486477434e-10,9.999999996834015858e-01,3.165983998486477434e-10
9.999696545150293936e-01,3.034548497055941671e-05,9.999696545150293936e-01,3.034548497055941671e-05
9.999999999650964755e-01,3.490349648693227425e-11,9.999999999650964755e-01,3.490349648693227425e-11
3.118280795817127755e-12,9.999999999968817166e-01,3.118280795817128158e-12,9.999999999968817166e-01
5.075134280289634627e-03,9.949248657197103940e-01,5.075134280289634627e-03,9.949248657197103940e-01
9.999999999860557098e-01,1.394431753167856366e-11,9.999999999860557098e-01,1.394431753167856204e-11
9.998888664507017410e-01,1.111335492982466939e-04,9.998888664507017410e-01,1.111335492982467075e-04
9.438928158119736681e-16,9.999999999999990008e-01,9.438928158119734709e-16,9.999999999999990008e-01
1.911837754375327400e-32,1.000000000000000000e+00,1.911837754375327127e-32,1.000000000000000000e+00
1.911837754375326853e-32,1.000000000000000000e+00,1.911837754375327127e-32,1.000000000000000000e+00
7.552308208795002990e-14,9.999999999999243938e-01,7.552308208795004252e-14,9.999999999999245048e-01
7.552308208795005515e-14,9.999999999999245048e-01,7.552308208795004252e-14,9.999999999999245048e-01
3.802272892227976599e-93,1.000000000000000000e+00,3.802272892227976599e-93,1.000000000000000000e+00
1.280513414466977118e-29,1.000000000000000000e+00,1.280513414466977118e-29,1.000000000000000000e+00
4.600492363018046273e-46,1.000000000000000000e+00,4.600492363018045496e-46,1.000000000000000000e+00
4.109082433261002825e-50,1.000000000000000000e+00,4.109082433261003300e-50,1.000000000000000000e+00
9.525930785982880849e-64,1.000000000000000000e+00,9.525930785982880849e-64,1.000000000000000000e+00
1.729472159156367546e-86,1.000000000000000000e+00,1.729472159156367546e-86,1.000000000000000000e+00
9.525930785982880849e-64,1.000000000000000000e+00,9.525930785982880849e-64,1.000000000000000000e+00
9.999996165722054853e-01,3.834277945064682410e-07,9.999996165722054853e-01,3.834277945064683469e-07
9.999999999203141865e-01,7.968584050879436248e-11,9.999999999203141865e-01,7.968584050879436248e-11
9.999999995101670480e-01,4.898329619689137195e-10,9.999999995101670480e-01,4.898329619689136161e-10
9.999999999933496531e-01,6.650344746761938918e-12,9.999999999933496531e-01,6.650344746761938110e-12
1.024093259736573601e-07,9.999998975906739807e-01,1.024093259736573733e-07,9.999998975906740917e-01
4.237959541171851382e-04,9.995762040458828768e-01,4.237959541171850840e-04,9.995762040458827657e-01
2.411949648358555911e-24,1.000000000000000000e+00,2.411949648358555544e-24,1.000000000000000000e+00
1.331061532870314807e-10,9.999999998668938073e-01,1.331061532870315065e-10,9.999999998668938073e-01
9.995273477505108861e-01,4.726522494890491037e-04,9.995273477505109971e-01,4.726522494890491037e-04
2.165113646084434009e-74,1.000000000000000000e+00,2.165113646084434402e-74,1.000000000000000000e+00
9.352388814067828455e-59,1.000000000000000000e+00,9.352388814067828455e-59,1.000000000000000000e+00
4.600492363018045496e-46,1.000000000000000000e+00,4.600492363018045496e-46,1.000000000000000000e+00
3.397932514560491463e-80,1.000000000000000000e+00,3.397932514560491463e-80,1.000000000000000000e+00
8.282882430991952112e-39,1.000000000000000000e+00,8.282882430991952112e-39,1.000000000000000000e+00
6.508554717770753283e-69,1.000000000000000000e+00,6.508554717770752254e-69,1.000000000000000000e+00
8.282882430991953417e-39,1.000000000000000000e+00,8.282882430991952112e-39,1.000000000000000000e+00
3.118280795817127755e-12,9.999999999968817166e-01,3.118280795817128158e-12,9.999999999968818276e-01
3.205186936486595985e-05,9.999679481306351647e-01,3.205186936486595985e-05,9.999679481306351647e-01
9.999999995101670480e-01,4.898329619689137195e-10,9.999999995101670480e-01,4.898329619689137195e-10
9.999999999203141865e-01,7.968584050879437540e-11,9.999999999203140755e-01,7.968584050879436248e-11
9.999999999773966364e-01,2.260333082440867012e-11,9.999999999773967474e-01,2.260333082440867012e-11
9.999999960903752649e-01,3.909624719461175298e-09,9.999999960903752649e-01,3.909624719461174470e-09
9.887602347579522721e-01,1.123976524204770185e-02,9.887602347579522721e-01,1.123976524204770185e-02
7.171004187937926044e-01,2.828995812062073956e-01,7.171004187937926044e-01,2.828995812062073956e-01
9.999999992258554737e-01,7.741444924958626303e-10,9.999999992258554737e-01,7.741444924958627337e-10
9.999912770566484754e-01,8.722943351540689269e-06,9.999912770566484754e-01,8.722943351540689269e-06
5.075134280289633759e-03,9.949248657197103940e-01,5.075134280289634627e-03,9.949248657197103940e-01
9.999999923441931227e-01,7.655806880159441558e-09,9.999999923441931227e-01,7.655806880159441558e-09
9.887602347579523832e-01,1.123976524204770358e-02,9.887602347579522721e-01,1.123976524204770185e-02
9.352388814067828455e-59,1.000000000000000000e+00,9.352388814067828455e-59,1.000000000000000000e+00
9.352388814067828455e-59,1.000000000000000000e+00,9.352388814067828455e-59,1.000000000000000000e+00
3.307133096660503362e-177,1.000000000000000000e+00,3.307133096660502924e-177,1.000000000000000000e+00
9.999912770566484754e-01,8.722943351540689269e-06,9.999912770566484754e-01,8.722943351540687575e-06
2.800694639660819552e-01,7.199305360339181004e-01,2.800694639660818996e-01,7.199305360339179893e-01
9.999999987502280474e-01,1.249771974258892417e-09,9.999999987502279364e-01,1.249771974258892417e-09
2.196287922657896322e-106,1.000000000000000000e+00,2.196287922657896322e-106,1.000000000000000000e+00
5.619688674179649466e-104,1.000000000000000000e+00,1.442926230976345213e-78,1.000000000000000000e+00
1.271589130998911880e-129,1.000000000000000000e+00,2.660874160976113805e-54,1.000000000000000000e+00
2.142316050022731146e-165,1.000000000000000000e+00,2.142316050022731146e-165,1.000000000000000000e+00
9.352388814067828455e-59,1.000000000000000000e+00,9.352388814067828455e-59,1.000000000000000000e+00
2.900305680487601590e-42,1.000000000000000000e+00,2.900305680487600952e-42,1.000000000000000000e+00
4.109082433261003300e-50,1.000000000000000000e+00,4.109082433261003300e-50,1.000000000000000000e+00
9.525930785982880849e-64,1.000000000000000000e+00,9.525930785982880849e-64,1.000000000000000000e+00
4.500959010898249020e-134,1.000000000000000000e+00,4.500959010898248043e-134,1.000000000000000000e+00
6.877579828310446085e-27,1.000000000000000000e+00,6.877579828310446085e-27,1.000000000000000000e+00
2.900305680487601590e-42,1.000000000000000000e+00,2.900305680487600952e-42,1.000000000000000000e+00
9.012425899552200041e-20,1.000000000000000000e+00,9.012425899552200041e-20,1.000000000000000000e+00
6.877579828310446085e-27,1.000000000000000000e+00,6.877579828310446085e-27,1.000000000000000000e+00
4.600492363018045496e-46,1.000000000000000000e+00,4.600492363018045496e-46,1.000000000000000000e+00
1.024093259736573733e-07,9.999998975906740917e-01,1.024093259736573601e-07,9.999998975906739807e-01
5.075134280289634627e-03,9.949248657197103940e-01,5.075134280289634627e-03,9.949248657197102830e-01
5.075134280289635494e-03,9.949248657197103940e-01,5.075134280289633759e-03,9.949248657197103940e-01
4.109082433261002825e-50,1.000000000000000000e+00,4.109082433261003300e-50,1.000000000000000000e+00
3.205186936486595985e-05,9.999679481306350537e-01,3.205186936486595985e-05,9.999679481306351647e-01
3.118280795817127755e-12,9.999999999968816056e-01,3.118280795817128158e-12,9.999999999968817166e-01
9.999999999939095385e-01,6.090412875585010704e-12,9.999999999939095385e-01,6.090412875585010704e-12
9.999999999899356062e-01,1.006436526557536659e-11,9.999999999899356062e-01,1.006436526557536659e-11
9.999999999947765117e-01,5.223516961439367657e-12,9.999999999947765117e-01,5.223516961439367657e-12
9.999999999899356062e-01,1.006436526557536659e-11,9.999999999899357173e-01,1.006436526557536659e-11
4.701494535626959959e-02,9.529850546437304004e-01,4.701494535626959959e-02,9.529850546437302894e-01
9.999999999894058078e-01,1.059421469870005238e-11,9.999999999894058078e-01,1.059421469870005238e-11
9.999999999951034724e-01,4.896557034086601837e-12,9.999999999951034724e-01,4.896557034086601837e-12
9.999999998902970866e-01,1.097029182933491070e-10,9.999999998902970866e-01,1.097029182933490941e-10
9.999999999923419036e-01,7.658139894305021288e-12,9.999999999923419036e-01,7.658139894305021288e-12
9.999999999941007189e-01,5.899290110926180300e-12,9.999999999941006079e-01,5.899290110926179492e-12
9.999999999946544982e-01,5.345521493438271938e-12,9.999999999946544982e-01,5.345521493438271938e-12
9.999999999894058078e-01,1.059421469870005238e-11,9.999999999894056968e-01,1.059421469870005077e-11
9.999999992258554737e-01,7.741444924958627337e-10,9.999999992258554737e-01,7.741444924958626303e-10
9.999999999946544982e-01,5.345521493438271938e-12,9.999999999946544982e-01,5.345521493438271938e-12
9.999999999954136687e-01,4.586312181167410297e-12,9.999999999954136687e-01,4.586312181167409490e-12
9.999999999929860550e-01,7.013891618672185690e-12,9.999999999929860550e-01,7.013891618672186498e-12
9.999999996834015858e-01,3.165983998486476917e-10,9.999999996834016969e-01,3.165983998486477434e-10
9.999999992258554737e-01,7.741444924958626303e-10,9.999999992258555848e-01,7.741444924958627337e-10
9.998888664507017410e-01,1.111335492982466939e-04,9.998888664507017410e-01,1.111335492982467075e-04
9.999999999809391360e-01,1.906088483044513552e-11,9.999999999809391360e-01,1.906088483044513552e-11
9.999999992258554737e-01,7.741444924958627337e-10,9.999999992258555848e-01,7.741444924958627337e-10
9.999996165722054853e-01,3.834277945064683469e-07,9.999996165722054853e-01,3.834277945064683999e-07
9.438928158119736681e-16,9.999999999999990008e-01,9.438928158119736681e-16,9.999999999999990008e-01
4.600492363018046273e-46,1.000000000000000000e+00,4.600492363018045496e-46,1.000000000000000000e+00
9.978702591859638371e-01,2.129740814036121255e-03,9.978702591859638371e-01,2.129740814036121255e-03
9.999999992258555848e-01,7.741444924958626303e-10,9.999999992258554737e-01,7.741444924958627337e-10
9.999999999953218532e-01,4.678158430719900854e-12,9.999999999953218532e-01,4.678158430719900854e-12
9.999999999899356062e-01,1.006436526557536659e-11,9.999999999899356062e-01,1.006436526557536659e-11
9.999999999899356062e-01,1.006436526557536659e-11,9.999999999899357173e-01,1.006436526557536821e-11
9.999999999899356062e-01,1.006436526557536659e-11,9.999999999899357173e-01,1.006436526557536659e-11
9.999999999947765117e-01,5.223516961439367657e-12,9.999999999947765117e-01,5.223516961439366849e-12
9.999999999926451055e-01,7.354885591091463783e-12,9.999999999926451055e-01,7.354885591091463783e-12
9.999999999905299086e-01,9.470110774942860689e-12,9.999999999905299086e-01,9.470110774942860689e-12
9.999999999899356062e-01,1.006436526557536659e-11,9.999999999899357173e-01,1.006436526557536659e-11
9.999999999899356062e-01,1.006436526557536659e-11,9.999999999899357173e-01,1.006436526557536659e-11
9.999999999905299086e-01,9.470110774942860689e-12,9.999999999905299086e-01,9.470110774942862304e-12
9.999999999945707874e-01,5.429193516044923935e-12,9.999999999945708984e-01,5.429193516044923935e-12
9.999999999773966364e-01,2.260333082440866689e-11,9.999999999773967474e-01,2.260333082440867335e-11
9.999999999938302686e-01,6.169712484015444915e-12,9.999999999938302686e-01,6.169712484015444108e-12
9.999999999935760275e-01,6.423970721660730185e-12,9.999999999935760275e-01,6.423970721660730185e-12
9.999999999928261829e-01,7.173779663402244790e-12,9.999999999928262939e-01,7.173779663402245597e-12
9.999999999929860550e-01,7.013891618672185690e-12,9.999999999929861660e-01,7.013891618672187306e-12
9.999999999879028989e-01,1.209708840225712385e-11,9.999999999879028989e-01,1.209708840225712547e-11
9.999999999913983251e-01,8.601674835606658709e-12,9.999999999913983251e-01,8.601674835606660325e-12
9.999999999928261829e-01,7.173779663402245597e-12,9.999999999928262939e-01,7.173779663402246405e-12
9.999999999949931162e-01,5.006829722137265452e-12,9.999999999949932272e-01,5.006829722137266260e-12
9.999999999948925300e-01,5.107369090437680403e-12,9.999999999948926410e-01,5.107369090437682018e-12
9.999999999906338255e-01,9.366147881026150527e-12,9.999999999906338255e-01,9.366147881026148911e-12
9.999999999860557098e-01,1.394431753167856527e-11,9.999999999860557098e-01,1.394431753167856366e-11
9.999999999948926410e-01,5.107369090437681211e-12,9.999999999948926410e-01,5.107369090437681211e-12
9.999999999899356062e-01,1.006436526557536659e-11,9.999999999899356062e-01,1.006436526557536659e-11
9.999971298270136089e-01,2.870172986448141955e-06,9.999971298270134978e-01,2.870172986448141532e-06
9.999999999933496531e-01,6.650344746761938110e-12,9.999999999933497641e-01,6.650344746761939726e-12
9.999999999916409088e-01,8.359062569314933052e-12,9.999999999916409088e-01,8.359062569314931437e-12
9.999999998528751322e-01,1.471248556222005226e-10,9.999999998528752432e-01,1.471248556222005485e-10
5.075134280289633759e-03,9.949248657197103940e-01,5.075134280289634627e-03,9.949248657197103940e-01
9.999999999954615193e-01,4.538601109276523504e-12,9.999999999954614083e-01,4.538601109276522696e-12
9.999999999899356062e-01,1.006436526557536659e-11,9.999999999899356062e-01,1.006436526557536497e-11
9.999999999899356062e-01,1.006436526557536659e-11,9.999999999899357173e-01,1.006436526557536659e-11
9.999999999899356062e-01,1.006436526557536659e-11,9.999999999899357173e-01,1.006436526557536659e-11
9.999999999899356062e-01,1.006436526557536659e-11,9.999999999899357173e-01,1.006436526557536821e-11
9.999999999953218532e-01,4.678158430719900854e-12,9.999999999953218532e-01,4.678158430719900854e-12
9.999999999955386798e-01,4.461220696038502242e-12,9.999999999955387908e-01,4.461220696038503050e-12
9.999999999899356062e-01,1.006436526557536659e-11,9.999999999899356062e-01,1.006436526557536659e-11
9.999999999954979346e-01,4.502010443801015165e-12,9.999999999954980456e-01,4.502010443801015973e-12
9.999999999899356062e-01,1.006436526557536659e-11,9.999999999899356062e-01,1.006436526557536659e-11
9.999999999944296780e-01,5.570273398680856340e-12,9.999999999944297890e-01,5.570273398680857148e-12
9.999999999943958162e-01,5.604174516224689406e-12,9.999999999943957052e-01,5.604174516224689406e-12
9.999999999941007189e-01,5.899290110926180300e-12,9.999999999941007189e-01,5.899290110926180300e-12
9.999999999915555327e-01,8.444435846311212636e-12,9.999999999915556437e-01,8.444435846311212636e-12
9.999999999933496531e-01,6.650344746761938110e-12,9.999999999933497641e-01,6.650344746761938918e-12
9.999999352164864463e-01,6.478351360295754466e-08,9.999999352164863353e-01,6.478351360295754466e-08
9.999999999949931162e-01,5.006829722137265452e-12,9.999999999949931162e-01,5.006829722137265452e-12
9.999999999953217422e-01,4.678158430719900854e-12,9.999999999953218532e-01,4.678158430719900854e-12
9.999999999952164931e-01,4.783576317964526774e-12,9.999999999952163821e-01,4.783576317964526774e-12
9.999999999899356062e-01,1.006436526557536659e-11,9.999999999899356062e-01,1.006436526557536659e-11
9.999999999650964755e-01,3.490349648693226779e-11,9.999999999650964755e-01,3.490349648693227425e-11
9.999999999899356062e-01,1.006436526557536659e-11,9.999999999899357173e-01,1.006436526557536659e-11
9.999999698367983969e-01,3.016320162128397415e-08,9.999999698367983969e-01,3.016320162128397415e-08
9.999999999954550800e-01,4.544940010514135871e-12,9.999999999954551910e-01,4.544940010514135871e-12
9.999999999913983251e-01,8.601674835606658709e-12,9.999999999913983251e-01,8.601674835606660325e-12
9.999999999720921018e-01,2.790791985147400355e-11,9.999999999720919908e-01,2.790791985147400678e-11
9.999999999837737574e-01,1.622624383836943016e-11,9.999999999837737574e-01,1.622624383836943016e-11
9.999999999899356062e-01,1.006436526557536659e-11,9.999999999899356062e-01,1.006436526557536659e-11
9.999999999720921018e-01,2.790791985147400355e-11,9.999999999720919908e-01,2.790791985147400355e-11
9.999999999953544938e-01,4.645487461534250861e-12,9.999999999953546048e-01,4.645487461534250861e-12
9.999999999899356062e-01,1.006436526557536659e-11,9.999999999899354952e-01,1.006436526557536659e-11
9.999999999951999508e-01,4.800040419931763872e-12,9.999999999951999508e-01,4.800040419931763872e-12
9.999999999954056751e-01,4.594320500726418909e-12,9.999999999954056751e-01,4.594320500726419717e-12
9.999999999954980456e-01,4.502010443801015973e-12,9.999999999954980456e-01,4.502010443801015973e-12
9.999999999944786389e-01,5.521421593057136096e-12,9.999999999944786389e-01,5.521421593057136904e-12
2.443552459492894895e-240,1.000000000000000000e+00,2.007017345154750153e-232,1.000000000000000000e+00
1.000000000000000000e+00,2.444660618312193352e-230,9.999999998999999750e-11,9.999999998999999917e-01
5.000000000000000000e-01,5.000000000000000000e-01,1.133231708843610959e-217,1.000000000000000000e+00
3.802272892227976599e-93,1.000000000000000000e+00,3.802272892227976599e-93,1.000000000000000000e+00
9.012425899552200041e-20,1.000000000000000000e+00,9.012425899552200041e-20,1.000000000000000000e+00
7.171004187937926044e-01,2.828995812062073956e-01,7.171004187937926044e-01,2.828995812062073956e-01
9.995273477505108861e-01,4.726522494890490495e-04,9.995273477505109971e-01,4.726522494890491037e-04
9.012425899552200041e-20,1.000000000000000000e+00,9.012425899552200041e-20,1.000000000000000000e+00
9.999999698367983969e-01,3.016320162128398077e-08,9.999999698367983969e-01,3.016320162128398077e-08
1.280513414466977399e-29,1.000000000000000000e+00,1.280513414466977118e-29,1.000000000000000000e+00
9.999912770566484754e-01,8.722943351540689269e-06,9.999912770566484754e-01,8.722943351540687575e-06
9.352388814067828455e-59,1.000000000000000000e+00,9.352388814067828455e-59,1.000000000000000000e+00
9.995273477505108861e-01,4.726522494890491579e-04,9.995273477505109971e-01,4.726522494890490495e-04
2.800694639660818996e-01,7.199305360339181004e-01,2.800694639660818996e-01,7.199305360339181004e-01
9.978702591859639481e-01,2.129740814036121255e-03,9.978702591859639481e-01,2.129740814036121688e-03
9.999999845245972629e-01,1.547540266019399329e-08,9.999999845245972629e-01,1.547540266019399660e-08
9.999999999923419036e-01,7.658139894305021288e-12,9.999999999923419036e-01,7.658139894305022904e-12
9.999999999941007189e-01,5.899290110926180300e-12,9.999999999941006079e-01,5.899290110926179492e-12
9.999999997909720939e-01,2.090278510371158343e-10,9.999999997909720939e-01,2.090278510371158860e-10
9.999999999905299086e-01,9.470110774942862304e-12,9.999999999905299086e-01,9.470110774942860689e-12
9.999999999933496531e-01,6.650344746761938110e-12,9.999999999933497641e-01,6.650344746761938918e-12
9.999999999944297890e-01,5.570273398680857956e-12,9.999999999944296780e-01,5.570273398680857148e-12
9.999912770566484754e-01,8.722943351540687575e-06,9.999912770566484754e-01,8.722943351540687575e-06
9.999999923441930116e-01,7.655806880159439903e-09,9.999999923441930116e-01,7.655806880159441558e-09
9.999999999950521801e-01,4.947834189859316537e-12,9.999999999950521801e-01,4.947834189859315730e-12
9.999999999860557098e-01,1.394431753167856366e-11,9.999999999860555988e-01,1.394431753167856204e-11
9.978702591859638371e-01,2.129740814036121255e-03,9.978702591859638371e-01,2.129740814036121255e-03
9.999999999894058078e-01,1.059421469870005238e-11,9.999999999894056968e-01,1.059421469870004915e-11
9.999999999944296780e-01,5.570273398680856340e-12,9.999999999944297890e-01,5.570273398680857148e-12
9.999999995101670480e-01,4.898329619689138229e-10,9.999999995101670480e-01,4.898329619689137195e-10
9.999999999952163821e-01,4.783576317964525966e-12,9.999999999952163821e-01,4.783576317964525966e-12
9.999912770566484754e-01,8.722943351540687575e-06,9.999912770566484754e-01,8.722943351540689269e-06
9.999998453444800539e-01,1.546555199387388826e-07,9.999998453444799429e-01,1.546555199387388826e-07
9.999999992258554737e-01,7.741444924958626303e-10,9.999999992258554737e-01,7.741444924958627337e-10
9.995273477505108861e-01,4.726522494890490495e-04,9.995273477505108861e-01,4.726522494890491037e-04
9.999999999954932717e-01,4.506725468249469429e-12,9.999999999954932717e-01,4.506725468249470237e-12
9.999999999954056751e-01,4.594320500726418909e-12,9.999999999954056751e-01,4.594320500726418909e-12
9.999999999933497641e-01,6.650344746761938918e-12,9.999999999933496531e-01,6.650344746761938918e-12
9.999999987502280474e-01,1.249771974258892210e-09,9.999999987502280474e-01,1.249771974258892210e-09
9.999999999411371965e-01,5.886277232111930896e-11,9.999999999411371965e-01,5.886277232111930896e-11
9.999999698367983969e-01,3.016320162128398077e-08,9.999999698367985079e-01,3.016320162128397415e-08
9.999999999899356062e-01,1.006436526557536659e-11,9.999999999899356062e-01,1.006436526557536497e-11
9.999999999773966364e-01,2.260333082440867012e-11,9.999999999773967474e-01,2.260333082440867658e-11
9.352388814067828455e-59,1.000000000000000000e+00,9.352388814067828455e-59,1.000000000000000000e+00
9.352388814067828455e-59,1.000000000000000000e+00,9.352388814067828455e-59,1.000000000000000000e+00
2.800694639660818996e-01,7.199305360339181004e-01,2.800694639660818996e-01,7.199305360339181004e-01
9.525930785982879500e-64,1.000000000000000000e+00,9.525930785982880849e-64,1.000000000000000000e+00
6.508554717770752254e-69,1.000000000000000000e+00,6.508554717770752254e-69,1.000000000000000000e+00
6.045497240068946441e-108,1.000000000000000000e+00,6.045497240068946441e-108,1.000000000000000000e+00
3.802272892227976599e-93,1.000000000000000000e+00,3.802272892227976599e-93,1.000000000000000000e+00
6.508554717770752254e-69,1.000000000000000000e+00,6.508554717770752254e-69,1.000000000000000000e+00
8.800956425886403647e-125,1.000000000000000000e+00,8.800956425886403647e-125,1.000000000000000000e+00
1.807898221838876864e-35,1.000000000000000000e+00,1.807898221838876864e-35,1.000000000000000000e+00
2.660874160976113805e-54,1.000000000000000000e+00,2.660874160976113805e-54,1.000000000000000000e+00
2.418487454746348596e-100,1.000000000000000000e+00,2.418487454746348596e-100,1.000000000000000000e+00
2.660874160976113805e-54,1.000000000000000000e+00,2.660874160976113805e-54,1.000000000000000000e+00
7.891091843080293205e-190,1.000000000000000000e+00,7.891091843080292208e-190,1.000000000000000000e+00
6.508554717770752254e-69,1.000000000000000000e+00,6.508554717770752254e-69,1.000000000000000000e+00
8.282882430991953417e-39,1.000000000000000000e+00,8.282882430991952112e-39,1.000000000000000000e+00
9.999696545150295046e-01,3.034548497055941671e-05,9.999696545150295046e-01,3.034548497055941671e-05
2.900305680487600952e-42,1.000000000000000000e+00,2.900305680487601590e-42,1.000000000000000000e+00
7.171004187937927155e-01,2.828995812062073956e-01,7.171004187937926044e-01,2.828995812062073956e-01
2.411949648358555177e-24,1.000000000000000000e+00,2.411949648358555544e-24,1.000000000000000000e+00
3.397932514560492212e-80,1.000000000000000000e+00,3.397932514560491463e-80,1.000000000000000000e+00
5.646231525212653232e-22,1.000000000000000000e+00,5.646231525212654172e-22,1.000000000000000000e+00
2.418487454746348596e-100,1.000000000000000000e+00,2.418487454746348596e-100,1.000000000000000000e+00
2.350216348675133254e-154,1.000000000000000000e+00,2.350216348675133254e-154,1.000000000000000000e+00
6.045497240068946441e-108,1.000000000000000000e+00,6.045497240068946441e-108,1.000000000000000000e+00
2.279422311581109102e-137,1.000000000000000000e+00,2.279422311581109102e-137,1.000000000000000000e+00
1.485025128933558421e-53,1.000000000000000000e+00,9.999999998999999750e-11,9.999999998999999917e-01
3.384999412149766333e-180,1.000000000000000000e+00,4.715904503567628665e-184,1.000000000000000000e+00
3.540993103201795753e-120,1.000000000000000000e+00,6.906074992825202512e-310,1.000000000000000000e+00
1.000000000000000000e+00,1.669900421470944608e-293,9.573337741184932022e-195,1.000000000000000000e+00
9.573337741184931478e-185,1.000000000000000000e+00,2.868567708349345610e-249,1.000000000000000000e+00
2.900305680487601590e-42,1.000000000000000000e+00,2.900305680487600952e-42,1.000000000000000000e+00
1.024093259736573601e-07,9.999998975906739807e-01,1.024093259736573601e-07,9.999998975906739807e-01
2.411949648358555911e-24,1.000000000000000000e+00,2.411949648358555911e-24,1.000000000000000000e+00
6.045497240068947197e-108,1.000000000000000000e+00,6.045497240068946441e-108,1.000000000000000000e+00
3.307133096660503362e-177,1.000000000000000000e+00,3.307133096660502924e-177,1.000000000000000000e+00
4.500959010898308652e-134,1.000000000000000000e+00,4.500959010898248043e-134,1.000000000000000000e+00
1.024093259736573733e-07,9.999998975906739807e-01,1.024093259736573601e-07,9.999998975906739807e-01
2.647869429135044998e-203,1.000000000000000000e+00,2.647869429135044431e-203,1.000000000000000000e+00
6.508554717770753283e-69,1.000000000000000000e+00,6.508554717770752254e-69,1.000000000000000000e+00
2.660874160976113805e-54,1.000000000000000000e+00,2.660874160976113805e-54,1.000000000000000000e+00
2.142316050022731146e-165,1.000000000000000000e+00,2.142316050022731146e-165,1.000000000000000000e+00
3.869696153037837209e-116,1.000000000000000000e+00,3.869696153037837773e-116,1.000000000000000000e+00
2.350216348675133254e-154,1.000000000000000000e+00,2.350216348675133254e-154,1.000000000000000000e+00
2.900305680487601590e-42,1.000000000000000000e+00,2.900305680487600952e-42,1.000000000000000000e+00
7.562732646080586014e-202,1.000000000000000000e+00,7.562732646080586014e-202,1.000000000000000000e+00
6.153811367993228932e-95,1.000000000000000000e+00,4.070630110006417595e-132,1.000000000000000000e+00
1.000000000000000000e+00,1.540724900948593486e-76,9.999999998999999750e-11,9.999999998999999917e-01
4.070630110065652981e-122,1.000000000000000000e+00,4.500959010898248043e-134,1.000000000000000000e+00
3.307133096660504239e-177,1.000000000000000000e+00,3.307133096660502924e-177,1.000000000000000000e+00
1.331061532870315065e-10,9.999999998668938073e-01,1.331061532870315065e-10,9.999999998668938073e-01
1.677523530719064393e-148,1.000000000000000000e+00,1.677523530719064393e-148,1.000000000000000000e+00
6.958618801282037136e-01,3.041381198717962309e-01,6.165939260098756871e-321,1.000000000000000000e+00
1.167324678045433026e-138,1.000000000000000000e+00,6.045497240068946441e-108,1.000000000000000000e+00
8.800956425886403647e-125,1.000000000000000000e+00,8.800956425886403647e-125,1.000000000000000000e+00
9.525930785982880849e-64,1.000000000000000000e+00,9.525930785982880849e-64,1.000000000000000000e+00
2.800694639660818996e-01,7.199305360339179893e-01,2.800694639660818996e-01,7.199305360339181004e-01
5.646231525212654172e-22,1.000000000000000000e+00,5.646231525212653232e-22,1.000000000000000000e+00
3.802272892227976599e-93,1.000000000000000000e+00,3.802272892227976599e-93,1.000000000000000000e+00
4.600492363018045496e-46,1.000000000000000000e+00,4.600492363018045496e-46,1.000000000000000000e+00
2.142316050022731146e-165,1.000000000000000000e+00,2.142316050022731146e-165,1.000000000000000000e+00
2.900305680487601590e-42,1.000000000000000000e+00,2.900305680487600952e-42,1.000000000000000000e+00
1.000000000000000000e+00,2.900305680445396030e-32,3.440253702121957182e-287,1.000000000000000000e+00
1.000000000000000000e+00,3.440253702172019409e-277,5.434431110185438412e-97,1.000000000000000000e+00
5.434431110264520164e-87,1.000000000000000000e+00,3.307133096660502924e-177,1.000000000000000000e+00
3.869696153037837209e-116,1.000000000000000000e+00,3.869696153037837773e-116,1.000000000000000000e+00
9.525930785982880849e-64,1.000000000000000000e+00,9.525930785982880849e-64,1.000000000000000000e+00
6.508554717770752254e-69,1.000000000000000000e+00,6.508554717770752254e-69,1.000000000000000000e+00
3.307133096660502924e-177,1.000000000000000000e+00,3.307133096660502924e-177,1.000000000000000000e+00
1.000000000000000000e+00,3.307133096708628020e-167,6.745205257062612537e-225,1.000000000000000000e+00
6.745205257062612388e-215,1.000000000000000000e+00,5.592733038504423729e-233,1.000000000000000000e+00
1.000000000000000000e+00,6.745205312913179561e-215,4.500959010898248043e-134,1.000000000000000000e+00
1.000000000000000000e+00,4.500959010832750659e-124,2.647869429135044998e-203,1.000000000000000000e+00
1.000000000000000000e+00,2.647869429096513192e-193,2.142316050022731146e-165,1.000000000000000000e+00
3.397932514560491463e-80,1.000000000000000000e+00,3.397932514560491463e-80,1.000000000000000000e+00
1.000000000000000000e+00,3.397932514511045457e-70,9.973348052291975869e-260,1.000000000000000000e+00
9.973348052146844742e-250,1.000000000000000000e+00,3.307133096660502924e-177,1.000000000000000000e+00
4.600492363018046273e-46,1.000000000000000000e+00,4.600492363018045496e-46,1.000000000000000000e+00
1.729472159156367546e-86,1.000000000000000000e+00,1.729472159156367546e-86,1.000000000000000000e+00
3.802272892227976173e-93,1.000000000000000000e+00,3.802272892227976599e-93,1.000000000000000000e+00
9.999989299898903727e-01,1.070010109734934551e-06,9.999989299898902617e-01,1.070010109734934763e-06
9.999999999953218532e-01,4.678158430719900854e-12,9.999999999953217422e-01,4.678158430719900854e-12
4.238036665501944269e-09,9.999999957619634117e-01,4.238036665501944269e-09,9.999999957619634117e-01
7.552308208795004252e-14,9.999999999999245048e-01,7.552308208795004252e-14,9.999999999999245048e-01
9.999998453444800539e-01,1.546555199387388826e-07,9.999998453444800539e-01,1.546555199387388826e-07
9.999999352164864463e-01,6.478351360295754466e-08,9.999999352164864463e-01,6.478351360295754466e-08
9.999999992258555848e-01,7.741444924958627337e-10,9.999999992258554737e-01,7.741444924958626303e-10
9.999912770566484754e-01,8.722943351540689269e-06,9.999912770566484754e-01,8.722943351540689269e-06
9.999999698367983969e-01,3.016320162128398077e-08,9.999999698367982859e-01,3.016320162128397415e-08
9.999989299898902617e-01,1.070010109734934551e-06,9.999989299898901507e-01,1.070010109734934551e-06
9.999999999952163821e-01,4.783576317964525966e-12,9.999999999952164931e-01,4.783576317964526774e-12
9.995273477505109971e-01,4.726522494890490495e-04,9.995273477505109971e-01,4.726522494890491037e-04
9.999999999916409088e-01,8.359062569314931437e-12,9.999999999916409088e-01,8.359062569314931437e-12
9.999999998902970866e-01,1.097029182933490941e-10,9.999999998902970866e-01,1.097029182933490812e-10
9.999999999926451055e-01,7.354885591091463783e-12,9.999999999926451055e-01,7.354885591091463783e-12
9.999999999951999508e-01,4.800040419931763872e-12,9.999999999951999508e-01,4.800040419931763065e-12
9.999999999941007189e-01,5.899290110926180300e-12,9.999999999941006079e-01,5.899290110926179492e-12
9.999999999899356062e-01,1.006436526557536659e-11,9.999999999899356062e-01,1.006436526557536497e-11
9.999999999955205832e-01,4.479402961216933990e-12,9.999999999955205832e-01,4.479402961216933990e-12
9.999999999949931162e-01,5.006829722137265452e-12,9.999999999949932272e-01,5.006829722137265452e-12
9.999999999809390250e-01,1.906088483044513552e-11,9.999999999809391360e-01,1.906088483044513875e-11
9.999999999908945059e-01,9.105508767062051060e-12,9.999999999908945059e-01,9.105508767062052676e-12
9.999999999953218532e-01,4.678158430719900854e-12,9.999999999953218532e-01,4.678158430719901662e-12
9.999999998528752432e-01,1.471248556222005485e-10,9.999999998528751322e-01,1.471248556222005226e-10
9.999999999720921018e-01,2.790791985147400355e-11,9.999999999720921018e-01,2.790791985147400678e-11
9.999999999879028989e-01,1.209708840225712385e-11,9.999999999879028989e-01,1.209708840225712385e-11
9.999999999837737574e-01,1.622624383836942693e-11,9.999999999837737574e-01,1.622624383836942693e-11
9.999999999954550800e-01,4.544940010514135871e-12,9.999999999954549690e-01,4.544940010514135063e-12
9.999999999946544982e-01,5.345521493438271938e-12,9.999999999946544982e-01,5.345521493438271938e-12
9.999999995101670480e-01,4.898329619689138229e-10,9.999999995101670480e-01,4.898329619689137195e-10
9.999999978183631288e-01,2.181636925044639813e-09,9.999999978183631288e-01,2.181636925044640226e-09
9.999912770566484754e-01,8.722943351540687575e-06,9.999912770566484754e-01,8.722943351540687575e-06
1.331061532870315324e-10,9.999999998668939183e-01,1.331061532870315324e-10,9.999999998668939183e-01
9.999999992258555848e-01,7.741444924958627337e-10,9.999999992258554737e-01,7.741444924958626303e-10
9.999989299898903727e-01,1.070010109734934551e-06,9.999989299898903727e-01,1.070010109734934551e-06
9.452084402548475150e-01,5.479155974515255434e-02,9.452084402548474040e-01,5.479155974515255434e-02
9.012425899552200041e-20,1.000000000000000000e+00,9.012425899552200041e-20,1.000000000000000000e+00
9.999999978183630178e-01,2.181636925044639399e-09,9.999999978183631288e-01,2.181636925044639399e-09
9.999999999837737574e-01,1.622624383836943016e-11,9.999999999837738685e-01,1.622624383836943016e-11
9.999999999542145135e-01,4.578553539551430190e-11,9.999999999542144025e-01,4.578553539551429544e-11
9.999999995101670480e-01,4.898329619689137195e-10,9.999999995101670480e-01,4.898329619689137195e-10
9.999999999542145135e-01,4.578553539551429544e-11,9.999999999542145135e-01,4.578553539551429544e-11
9.999971298270136089e-01,2.870172986448142379e-06,9.999971298270134978e-01,2.870172986448141955e-06
9.452084402548474040e-01,5.479155974515254740e-02,9.452084402548474040e-01,5.479155974515254740e-02
9.999999999946544982e-01,5.345521493438271938e-12,9.999999999946544982e-01,5.345521493438271938e-12
3.118280795817128158e-12,9.999999999968818276e-01,3.118280795817127755e-12,9.999999999968817166e-01
9.999999999940605289e-01,5.939534100323804234e-12,9.999999999940605289e-01,5.939534100323805041e-12
9.999999995101670480e-01,4.898329619689138229e-10,9.999999995101670480e-01,4.898329619689137195e-10
9.999999999946544982e-01,5.345521493438271938e-12,9.999999999946543872e-01,5.345521493438271130e-12
9.999999999916409088e-01,8.359062569314933052e-12,9.999999999916409088e-01,8.359062569314931437e-12
2.411949648358555544e-24,1.000000000000000000e+00,2.411949648358555911e-24,1.000000000000000000e+00
7.562824762428066232e-185,1.000000000000000000e+00,7.562824762428066232e-185,1.000000000000000000e+00
1.000000000000000000e+00,7.562824762538118820e-175,3.836517063288619153e-262,1.000000000000000000e+00
3.358978021319412050e-21,1.000000000000000000e+00,4.600492363018045496e-46,1.000000000000000000e+00
2.411949648358555544e-24,1.000000000000000000e+00,2.411949648358555544e-24,1.000000000000000000e+00
4.238036665501944269e-09,9.999999957619633006e-01,4.238036665501944269e-09,9.999999957619634117e-01
2.660874160976113805e-54,1.000000000000000000e+00,2.660874160976113805e-54,1.000000000000000000e+00
9.999999999203141865e-01,7.968584050879436248e-11,9.999999999203141865e-01,7.968584050879436248e-11
9.999996165722054853e-01,3.834277945064683469e-07,9.999996165722054853e-01,3.834277945064683469e-07
9.887602347579522721e-01,1.123976524204770358e-02,9.887602347579523832e-01,1.123976524204770358e-02
9.999999998902970866e-01,1.097029182933490941e-10,9.999999998902970866e-01,1.097029182933490941e-10
9.999999999951999508e-01,4.800040419931763872e-12,9.999999999951999508e-01,4.800040419931763065e-12
9.999999999773966364e-01,2.260333082440866689e-11,9.999999999773966364e-01,2.260333082440867012e-11
9.999999845245973740e-01,1.547540266019399660e-08,9.999999845245973740e-01,1.547540266019399660e-08
9.999999999952834395e-01,4.716556624748106862e-12,9.999999999952834395e-01,4.716556624748107670e-12
9.999999999947277729e-01,5.272117414844184293e-12,9.999999999947278839e-01,5.272117414844185909e-12
9.999999999203141865e-01,7.968584050879436248e-11,9.999999999203141865e-01,7.968584050879436248e-11
9.999999999953218532e-01,4.678158430719901662e-12,9.999999999953217422e-01,4.678158430719900046e-12
9.999999999952000618e-01,4.800040419931763872e-12,9.999999999952000618e-01,4.800040419931763872e-12
9.999999999918550708e-01,8.144940324079871441e-12,9.999999999918549598e-01,8.144940324079871441e-12
9.999999999952834395e-01,4.716556624748106862e-12,9.999999999952835505e-01,4.716556624748107670e-12
9.999999999938302686e-01,6.169712484015444108e-12,9.999999999938302686e-01,6.169712484015444915e-12
9.999999999928261829e-01,7.173779663402244790e-12,9.999999999928262939e-01,7.173779663402245597e-12
9.999912770566484754e-01,8.722943351540687575e-06,9.999912770566484754e-01,8.722943351540689269e-06
9.999999999946544982e-01,5.345521493438271938e-12,9.999999999946543872e-01,5.345521493438271938e-12
9.999999999946544982e-01,5.345521493438271938e-12,9.999999999946543872e-01,5.345521493438270322e-12
9.999999999948925300e-01,5.107369090437680403e-12,9.999999999948925300e-01,5.107369090437681211e-12
9.999999999955238028e-01,4.476278123312818642e-12,9.999999999955236918e-01,4.476278123312817834e-12
9.999999999411373075e-01,5.886277232111932188e-11,9.999999999411371965e-01,5.886277232111929603e-11
9.999999999720921018e-01,2.790791985147400678e-11,9.999999999720919908e-01,2.790791985147400678e-11
9.999999999860557098e-01,1.394431753167856366e-11,9.999999999860557098e-01,1.394431753167856366e-11
9.999999999720921018e-01,2.790791985147400355e-11,9.999999999720921018e-01,2.790791985147400678e-11
1.024093259736573733e-07,9.999998975906739807e-01,1.024093259736573601e-07,9.999998975906739807e-01
4.109082433261003300e-50,1.000000000000000000e+00,4.109082433261003300e-50,1.000000000000000000e+00
9.452084402548474040e-01,5.479155974515254740e-02,9.452084402548475150e-01,5.479155974515254740e-02
7.171004187937926044e-01,2.828995812062073956e-01,7.171004187937926044e-01,2.828995812062073956e-01
9.999999999947278839e-01,5.272117414844184293e-12,9.999999999947278839e-01,5.272117414844185101e-12
9.999999999945707874e-01,5.429193516044923935e-12,9.999999999945707874e-01,5.429193516044923935e-12
9.999999999894058078e-01,1.059421469870005238e-11,9.999999999894058078e-01,1.059421469870005238e-11
9.999999960903752649e-01,3.909624719461175298e-09,9.999999960903752649e-01,3.909624719461175298e-09
9.999912770566484754e-01,8.722943351540687575e-06,9.999912770566484754e-01,8.722943351540689269e-06
9.999999999913983251e-01,8.601674835606660325e-12,9.999999999913983251e-01,8.601674835606660325e-12
9.999999999899356062e-01,1.006436526557536659e-11,9.999999999899357173e-01,1.006436526557536821e-11
9.999999999899356062e-01,1.006436526557536659e-11,9.999999999899357173e-01,1.006436526557536659e-11
9.999999999899356062e-01,1.006436526557536659e-11,9.999999999899357173e-01,1.006436526557536659e-11
9.999999999899356062e-01,1.006436526557536659e-11,9.999999999899357173e-01,1.006436526557536821e-11
9.999999999899356062e-01,1.006436526557536659e-11,9.999999999899357173e-01,1.006436526557536821e-11
9.999999698367983969e-01,3.016320162128397415e-08,9.999999698367983969e-01,3.016320162128397415e-08
9.999999999899356062e-01,1.006436526557536659e-11,9.999999999899356062e-01,1.006436526557536821e-11
9.999999999899356062e-01,1.006436526557536659e-11,9.999999999899357173e-01,1.006436526557536821e-11
9.999999999899356062e-01,1.006436526557536659e-11,9.999999999899357173e-01,1.006436526557536821e-11
9.999999999899356062e-01,1.006436526557536659e-11,9.999999999899357173e-01,1.006436526557536659e-11
9.999999999899356062e-01,1.006436526557536659e-11,9.999999999899357173e-01,1.006436526557536659e-11
9.999999999720921018e-01,2.790791985147400355e-11,9.999999999720919908e-01,2.790791985147400355e-11
9.999999999899356062e-01,1.006436526557536659e-11,9.999999999899356062e-01,1.006436526557536659e-11
9.999999992258554737e-01,7.741444924958627337e-10,9.999999992258555848e-01,7.741444924958628371e-10
9.438928158119736681e-16,9.999999999999990008e-01,9.438928158119736681e-16,9.999999999999991118e-01
9.999999999951035834e-01,4.896557034086602645e-12,9.999999999951034724e-01,4.896557034086601837e-12
9.999999999935760275e-01,6.423970721660730185e-12,9.999999999935760275e-01,6.423970721660730992e-12
9.999999999949931162e-01,5.006829722137265452e-12,9.999999999949931162e-01,5.006829722137264645e-12
9.999999999923986360e-01,7.601346801630824027e-12,9.999999999923987470e-01,7.601346801630825643e-12
7.552308208795004252e-14,9.999999999999245048e-01,7.552308208795005515e-14,9.999999999999245048e-01
9.999999999809391360e-01,1.906088483044513552e-11,9.999999999809390250e-01,1.906088483044513552e-11
9.999999999809391360e-01,1.906088483044513552e-11,9.999999999809391360e-01,1.906088483044513552e-11
9.999999923441931227e-01,7.655806880159441558e-09,9.999999923441931227e-01,7.655806880159441558e-09
9.999999999928261829e-01,7.173779663402245597e-12,9.999999999928261829e-01,7.173779663402245597e-12
9.999999998902970866e-01,1.097029182933491070e-10,9.999999998902970866e-01,1.097029182933491070e-10
9.999999999937111417e-01,6.288878759535914850e-12,9.999999999937111417e-01,6.288878759535914042e-12
9.999996165722054853e-01,3.834277945064683469e-07,9.999996165722054853e-01,3.834277945064682940e-07
9.999999999949932272e-01,5.006829722137266260e-12,9.999999999949932272e-01,5.006829722137265452e-12
9.999999999927624561e-01,7.237517422417695376e-12,9.999999999927625671e-01,7.237517422417696184e-12
1.024093259736573601e-07,9.999998975906739807e-01,1.024093259736573601e-07,9.999998975906739807e-01
2.165113646084434009e-74,1.000000000000000000e+00,2.165113646084434402e-74,1.000000000000000000e+00
1.133231708843610959e-217,1.000000000000000000e+00,1.133231708843610959e-217,1.000000000000000000e+00
9.525930785982882198e-64,1.000000000000000000e+00,9.525930785982880849e-64,1.000000000000000000e+00
9.999971298270136089e-01,2.870172986448141955e-06,9.999971298270136089e-01,2.870172986448141955e-06
9.999999999773966364e-01,2.260333082440867012e-11,9.999999999773966364e-01,2.260333082440867012e-11
9.999999999899356062e-01,1.006436526557536659e-11,9.999999999899356062e-01,1.006436526557536821e-11
9.999999999937111417e-01,6.288878759535914850e-12,9.999999999937111417e-01,6.288878759535914042e-12
9.999999978183631288e-01,2.181636925044639399e-09,9.999999978183631288e-01,2.181636925044639813e-09
9.999999999918550708e-01,8.144940324079871441e-12,9.999999999918549598e-01,8.144940324079871441e-12
9.999999999953544938e-01,4.645487461534250054e-12,9.999999999953544938e-01,4.645487461534250861e-12
9.999999698367983969e-01,3.016320162128398077e-08,9.999999698367982859e-01,3.016320162128397415e-08
2.800694639660818996e-01,7.199305360339181004e-01,2.800694639660818996e-01,7.199305360339181004e-01
4.238036665501943442e-09,9.999999957619633006e-01,4.238036665501943442e-09,9.999999957619633006e-01
9.452084402548474040e-01,5.479155974515255434e-02,9.452084402548475150e-01,5.479155974515255434e-02
9.999999999929861660e-01,7.013891618672186498e-12,9.999999999929860550e-01,7.013891618672186498e-12
9.999999999952000618e-01,4.800040419931763872e-12,9.999999999951999508e-01,4.800040419931763872e-12
9.999999999919976235e-01,8.002350202515633392e-12,9.999999999919977345e-01,8.002350202515633392e-12
3.118280795817127755e-12,9.999999999968817166e-01,3.118280795817127351e-12,9.999999999968816056e-01
9.999999999894056968e-01,1.059421469870005077e-11,9.999999999894058078e-01,1.059421469870005238e-11
9.999999996834015858e-01,3.165983998486477434e-10,9.999999996834016969e-01,3.165983998486477434e-10
9.999999999937111417e-01,6.288878759535914850e-12,9.999999999937112527e-01,6.288878759535914850e-12
9.998888664507017410e-01,1.111335492982467075e-04,9.998888664507017410e-01,1.111335492982466804e-04
9.999998453444801649e-01,1.546555199387389090e-07,9.999998453444800539e-01,1.546555199387388826e-07
9.999999999905299086e-01,9.470110774942860689e-12,9.999999999905299086e-01,9.470110774942862304e-12
9.999999999933496531e-01,6.650344746761938110e-12,9.999999999933497641e-01,6.650344746761939726e-12
5.075134280289634627e-03,9.949248657197103940e-01,5.075134280289635494e-03,9.949248657197103940e-01
9.887602347579522721e-01,1.123976524204770185e-02,9.887602347579522721e-01,1.123976524204770185e-02
5.646231525212654172e-22,1.000000000000000000e+00,5.646231525212654172e-22,1.000000000000000000e+00
3.205186936486595985e-05,9.999679481306351647e-01,3.205186936486595985e-05,9.999679481306351647e-01
9.999999999955386798e-01,4.461220696038503050e-12,9.999999999955387908e-01,4.461220696038503050e-12
9.999999999928261829e-01,7.173779663402244790e-12,9.999999999928261829e-01,7.173779663402243982e-12
9.999999999899356062e-01,1.006436526557536659e-11,9.999999999899356062e-01,1.006436526557536659e-11
9.999999999542145135e-01,4.578553539551430190e-11,9.999999999542144025e-01,4.578553539551429544e-11
9.999999999899356062e-01,1.006436526557536497e-11,9.999999999899356062e-01,1.006436526557536821e-11
9.999999999948683271e-01,5.131695836195937299e-12,9.999999999948683271e-01,5.131695836195937299e-12
9.999999999913983251e-01,8.601674835606658709e-12,9.999999999913983251e-01,8.601674835606660325e-12
9.999999999951999508e-01,4.800040419931763872e-12,9.999999999952000618e-01,4.800040419931763872e-12
9.999999999899356062e-01,1.006436526557536659e-11,9.999999999899356062e-01,1.006436526557536821e-11
9.999999999940604178e-01,5.939534100323804234e-12,9.999999999940604178e-01,5.939534100323804234e-12
9.999999999879028989e-01,1.209708840225712385e-11,9.999999999879030099e-01,1.209708840225712385e-11
9.999999999899356062e-01,1.006436526557536659e-11,9.999999999899357173e-01,1.006436526557536659e-11
9.999999999933920636e-01,6.607938860822676397e-12,9.999999999933921746e-01,6.607938860822676397e-12
9.999999999953546048e-01,4.645487461534250861e-12,9.999999999953544938e-01,4.645487461534250054e-12
9.999999999915555327e-01,8.444435846311212636e-12,9.999999999915555327e-01,8.444435846311212636e-12
9.999999999899356062e-01,1.006436526557536659e-11,9.999999999899356062e-01,1.006436526557536821e-11
9.999999999899356062e-01,1.006436526557536659e-11,9.999999999899357173e-01,1.006436526557536821e-11
9.999999999899356062e-01,1.006436526557536659e-11,9.999999999899357173e-01,1.006436526557536821e-11
9.999999999899356062e-01,1.006436526557536659e-11,9.999999999899357173e-01,1.006436526557536659e-11
9.999999999899356062e-01,1.006436526557536659e-11,9.999999999899357173e-01,1.006436526557536659e-11
9.999999999720921018e-01,2.790791985147400355e-11,9.999999999720919908e-01,2.790791985147400355e-11
9.999999999919976235e-01,8.002350202515633392e-12,9.999999999919976235e-01,8.002350202515633392e-12
9.999999999899356062e-01,1.006436526557536659e-11,9.999999999899356062e-01,1.006436526557536659e-11
9.999999999899356062e-01,1.006436526557536659e-11,9.999999999899357173e-01,1.006436526557536659e-11
9.999999999899356062e-01,1.006436526557536659e-11,9.999999999899357173e-01,1.006436526557536821e-11
9.999999999952163821e-01,4.783576317964525966e-12,9.999999999952164931e-01,4.783576317964526774e-12
9.999999999951034724e-01,4.896557034086601837e-12,9.999999999951034724e-01,4.896557034086602645e-12
9.999999999860557098e-01,1.394431753167856366e-11,9.999999999860557098e-01,1.394431753167856689e-11
9.999999999913983251e-01,8.601674835606658709e-12,9.999999999913983251e-01,8.601674835606660325e-12
9.999999999899356062e-01,1.006436526557536659e-11,9.999999999899357173e-01,1.006436526557536821e-11
9.999999999899356062e-01,1.006436526557536659e-11,9.999999999899357173e-01,1.006436526557536659e-11
9.999999999899356062e-01,1.006436526557536659e-11,9.999999999899357173e-01,1.006436526557536659e-11
9.999999999860557098e-01,1.394431753167856527e-11,9.999999999860555988e-01,1.394431753167856366e-11
9.999999999952163821e-01,4.783576317964525966e-12,9.999999999952163821e-01,4.783576317964526774e-12
9.999999999927624561e-01,7.237517422417695376e-12,9.999999999927624561e-01,7.237517422417695376e-12
9.999999999908945059e-01,9.105508767062051060e-12,9.999999999908945059e-01,9.105508767062052676e-12
9.999999999955205832e-01,4.479402961216933990e-12,9.999999999955205832e-01,4.479402961216934798e-12
9.999999999899356062e-01,1.006436526557536659e-11,9.999999999899357173e-01,1.006436526557536821e-11
9.999999999899356062e-01,1.006436526557536659e-11,9.999999999899357173e-01,1.006436526557536821e-11
9.999999999899356062e-01,1.006436526557536659e-11,9.999999999899357173e-01,1.006436526557536821e-11
4.237959541171851382e-04,9.995762040458827657e-01,4.237959541171850840e-04,9.995762040458827657e-01
3.802272892227977025e-93,1.000000000000000000e+00,3.802272892227976599e-93,1.000000000000000000e+00
2.660874160976113805e-54,1.000000000000000000e+00,2.660874160976113805e-54,1.000000000000000000e+00
9.999999987502280474e-01,1.249771974258892210e-09,9.999999987502280474e-01,1.249771974258892210e-09
9.999999845245973740e-01,1.547540266019399660e-08,9.999999845245973740e-01,1.547540266019399660e-08
9.999999995101670480e-01,4.898329619689137195e-10,9.999999995101670480e-01,4.898329619689138229e-10
9.887602347579522721e-01,1.123976524204770358e-02,9.887602347579522721e-01,1.123976524204770185e-02
4.238036665501943442e-09,9.999999957619633006e-01,4.238036665501943442e-09,9.999999957619634117e-01
7.891091843080293205e-190,1.000000000000000000e+00,7.891091843080292208e-190,1.000000000000000000e+00
1.000000000000000000e+00,7.891091843080291279e-180,7.891091843080292208e-190,1.000000000000000000e+00
1.911837754375327127e-32,1.000000000000000000e+00,1.911837754375327127e-32,1.000000000000000000e+00
9.999996165722054853e-01,3.834277945064683469e-07,9.999996165722054853e-01,3.834277945064683469e-07
9.999998453444800539e-01,1.546555199387388826e-07,9.999998453444800539e-01,1.546555199387388826e-07
9.999999999952163821e-01,4.783576317964525966e-12,9.999999999952164931e-01,4.783576317964525966e-12
9.999999999899356062e-01,1.006436526557536659e-11,9.999999999899356062e-01,1.006436526557536659e-11
2.418487454746348596e-100,1.000000000000000000e+00,2.418487454746348596e-100,1.000000000000000000e+00
9.999999999954932717e-01,4.506725468249469429e-12,9.999999999954933827e-01,4.506725468249469429e-12
9.999999999953546048e-01,4.645487461534250861e-12,9.999999999953546048e-01,4.645487461534250861e-12
7.171004187937926044e-01,2.828995812062073956e-01,7.171004187937926044e-01,2.828995812062073956e-01
9.999999995101669370e-01,4.898329619689137195e-10,9.999999995101670480e-01,4.898329619689138229e-10
3.205186936486595985e-05,9.999679481306351647e-01,3.205186936486595307e-05,9.999679481306351647e-01
2.800694639660818996e-01,7.199305360339181004e-01,2.800694639660818996e-01,7.199305360339181004e-01
9.999999698367985079e-01,3.016320162128397415e-08,9.999999698367983969e-01,3.016320162128397415e-08
9.999999923441931227e-01,7.655806880159441558e-09,9.999999923441931227e-01,7.655806880159441558e-09
9.999999999906338255e-01,9.366147881026150527e-12,9.999999999906339365e-01,9.366147881026150527e-12
9.999999999941007189e-01,5.899290110926180300e-12,9.999999999941007189e-01,5.899290110926180300e-12
9.999999999943958162e-01,5.604174516224689406e-12,9.999999999943958162e-01,5.604174516224690214e-12
9.999999923441931227e-01,7.655806880159441558e-09,9.999999923441931227e-01,7.655806880159441558e-09
9.887602347579523832e-01,1.123976524204770358e-02,9.887602347579522721e-01,1.123976524204770185e-02
9.999999996834015858e-01,3.165983998486477434e-10,9.999999996834015858e-01,3.165983998486477434e-10
9.999999999913983251e-01,8.601674835606658709e-12,9.999999999913983251e-01,8.601674835606658709e-12
9.999999999899356062e-01,1.006436526557536659e-11,9.999999999899357173e-01,1.006436526557536821e-11
9.999999999899356062e-01,1.006436526557536659e-11,9.999999999899357173e-01,1.006436526557536821e-11
9.999999999905299086e-01,9.470110774942860689e-12,9.999999999905299086e-01,9.470110774942862304e-12
9.999999999899356062e-01,1.006436526557536659e-11,9.999999999899357173e-01,1.006436526557536821e-11
9.999999999937111417e-01,6.288878759535914850e-12,9.999999999937111417e-01,6.288878759535914042e-12
2.800694639660818996e-01,7.199305360339181004e-01,2.800694639660818996e-01,7.199305360339181004e-01
9.999999996834014748e-01,3.165983998486476917e-10,9.999999996834015858e-01,3.165983998486476917e-10
9.999999999949931162e-01,5.006829722137264645e-12,9.999999999949932272e-01,5.006829722137266260e-12
9.999999999899356062e-01,1.006436526557536659e-11,9.999999999899357173e-01,1.006436526557536821e-11
9.999999999928261829e-01,7.173779663402245597e-12,9.999999999928262939e-01,7.173779663402246405e-12
9.438928158119736681e-16,9.999999999999991118e-01,9.438928158119736681e-16,9.999999999999991118e-01
9.999999999936635131e-01,6.336410936240908923e-12,9.999999999936635131e-01,6.336410936240907307e-12
9.999999999899356062e-01,1.006436526557536659e-11,9.999999999899356062e-01,1.006436526557536659e-11
9.999999999954932717e-01,4.506725468249470237e-12,9.999999999954932717e-01,4.506725468249469429e-12
9.999999999923986360e-01,7.601346801630824027e-12,9.999999999923987470e-01,7.601346801630824027e-12
9.999999997909720939e-01,2.090278510371158602e-10,9.999999997909722049e-01,2.090278510371158860e-10
1.909432868908196025e-06,9.999980905671311815e-01,1.909432868908195602e-06,9.999980905671310705e-01
9.999999999953546048e-01,4.645487461534250861e-12,9.999999999953544938e-01,4.645487461534250054e-12
1.024093259736573601e-07,9.999998975906739807e-01,1.024093259736573733e-07,9.999998975906739807e-01
9.999999999955205832e-01,4.479402961216933990e-12,9.999999999955205832e-01,4.479402961216933990e-12
9.999999999910679227e-01,8.932022517283187218e-12,9.999999999910680337e-01,8.932022517283187218e-12
9.999999999899356062e-01,1.006436526557536659e-11,9.999999999899357173e-01,1.006436526557536659e-11
9.999999999899356062e-01,1.006436526557536659e-11,9.999999999899357173e-01,1.006436526557536821e-11
9.999999999899356062e-01,1.006436526557536659e-11,9.999999999899357173e-01,1.006436526557536821e-11
9.999999999899356062e-01,1.006436526557536659e-11,9.999999999899357173e-01,1.006436526557536659e-11
9.999999999899356062e-01,1.006436526557536659e-11,9.999999999899357173e-01,1.006436526557536659e-11
9.999999999899356062e-01,1.006436526557536659e-11,9.999999999899357173e-01,1.006436526557536821e-11
9.999999999899356062e-01,1.006436526557536659e-11,9.999999999899357173e-01,1.006436526557536821e-11
9.999999999899356062e-01,1.006436526557536659e-11,9.999999999899357173e-01,1.006436526557536659e-11
9.999999999899356062e-01,1.006436526557536659e-11,9.999999999899357173e-01,1.006436526557536659e-11
9.999999999899356062e-01,1.006436526557536659e-11,9.999999999899357173e-01,1.006436526557536821e-11
9.999999999899356062e-01,1.006436526557536659e-11,9.999999999899357173e-01,1.006436526557536821e-11
9.999999999899356062e-01,1.006436526557536659e-11,9.999999999899357173e-01,1.006436526557536659e-11
9.999999999899356062e-01,1.006436526557536659e-11,9.999999999899357173e-01,1.006436526557536659e-11
9.999999999899356062e-01,1.006436526557536659e-11,9.999999999899357173e-01,1.006436526557536821e-11
9.999999999899356062e-01,1.006436526557536659e-11,9.999999999899357173e-01,1.006436526557536821e-11
9.999999999899356062e-01,1.006436526557536659e-11,9.999999999899357173e-01,1.006436526557536659e-11
9.999999999913983251e-01,8.601674835606658709e-12,9.999999999913984361e-01,8.601674835606660325e-12
9.999999999899356062e-01,1.006436526557536659e-11,9.999999999899357173e-01,1.006436526557536821e-11
9.999999999922692950e-01,7.730700947381286242e-12,9.999999999922692950e-01,7.730700947381284627e-12
9.999999999899356062e-01,1.006436526557536659e-11,9.999999999899356062e-01,1.006436526557536497e-11
9.999999999899356062e-01,1.006436526557536659e-11,9.999999999899357173e-01,1.006436526557536821e-11
9.999999999899356062e-01,1.006436526557536659e-11,9.999999999899357173e-01,1.006436526557536659e-11
9.999999999899356062e-01,1.006436526557536659e-11,9.999999999899357173e-01,1.006436526557536659e-11
9.999999999899356062e-01,1.006436526557536659e-11,9.999999999899357173e-01,1.006436526557536821e-11
9.999999999899356062e-01,1.006436526557536659e-11,9.999999999899357173e-01,1.006436526557536821e-11
9.999999999899356062e-01,1.006436526557536659e-11,9.999999999899357173e-01,1.006436526557536659e-11
9.999999999899356062e-01,1.006436526557536659e-11,9.999999999899357173e-01,1.006436526557536659e-11
9.999999999899356062e-01,1.006436526557536659e-11,9.999999999899357173e-01,1.006436526557536821e-11
9.999999999899356062e-01,1.006436526557536659e-11,9.999999999899357173e-01,1.006436526557536821e-11
9.999999999899356062e-01,1.006436526557536659e-11,9.999999999899357173e-01,1.006436526557536659e-11
9.999999999899356062e-01,1.006436526557536659e-11,9.999999999899357173e-01,1.006436526557536659e-11
9.999999999899356062e-01,1.006436526557536659e-11,9.999999999899357173e-01,1.006436526557536821e-11
9.999999999899356062e-01,1.006436526557536659e-11,9.999999999899357173e-01,1.006436526557536821e-11
9.999999999899356062e-01,1.006436526557536659e-11,9.999999999899357173e-01,1.006436526557536659e-11
9.999999999899356062e-01,1.006436526557536659e-11,9.999999999899357173e-01,1.006436526557536659e-11
9.999999999899356062e-01,1.006436526557536659e-11,9.999999999899357173e-01,1.006436526557536821e-11
9.999999999899356062e-01,1.006436526557536659e-11,9.999999999899357173e-01,1.006436526557536821e-11
9.999999999899356062e-01,1.006436526557536659e-11,9.999999999899357173e-01,1.006436526557536659e-11
9.999999999899356062e-01,1.006436526557536659e-11,9.999999999899357173e-01,1.006436526557536659e-11
9.999999999899356062e-01,1.006436526557536659e-11,9.999999999899357173e-01,1.006436526557536821e-11
9.999999999899356062e-01,1.006436526557536659e-11,9.999999999899357173e-01,1.006436526557536821e-11
9.999999999899356062e-01,1.006436526557536659e-11,9.999999999899357173e-01,1.006436526557536659e-11
9.999999999899356062e-01,1.006436526557536659e-11,9.999999999899357173e-01,1.006436526557536659e-11
9.999999999899356062e-01,1.006436526557536659e-11,9.999999999899357173e-01,1.006436526557536821e-11
9.999999999899356062e-01,1.006436526557536659e-11,9.999999999899357173e-01,1.006436526557536821e-11
9.999999999899356062e-01,1.006436526557536659e-11,9.999999999899357173e-01,1.006436526557536659e-11
9.999999999899356062e-01,1.006436526557536659e-11,9.999999999899357173e-01,1.006436526557536659e-11
9.999999999899356062e-01,1.006436526557536659e-11,9.999999999899357173e-01,1.006436526557536821e-11
9.999999999899356062e-01,1.006436526557536659e-11,9.999999999899357173e-01,1.006436526557536821e-11
9.999999999899356062e-01,1.006436526557536659e-11,9.999999999899357173e-01,1.006436526557536659e-11
9.999999999899356062e-01,1.006436526557536659e-11,9.999999999899357173e-01,1.006436526557536659e-11
9.999999999899356062e-01,1.006436526557536659e-11,9.999999999899357173e-01,1.006436526557536821e-11
9.999999999899356062e-01,1.006436526557536659e-11,9.999999999899357173e-01,1.006436526557536821e-11
9.999999999899356062e-01,1.006436526557536659e-11,9.999999999899357173e-01,1.006436526557536659e-11
9.999999999899356062e-01,1.006436526557536659e-11,9.999999999899357173e-01,1.006436526557536659e-11
9.999999999899356062e-01,1.006436526557536659e-11,9.999999999899357173e-01,1.006436526557536821e-11
9.999999999899356062e-01,1.006436526557536659e-11,9.999999999899357173e-01,1.006436526557536821e-11
9.999999999899356062e-01,1.006436526557536659e-11,9.999999999899357173e-01,1.006436526557536659e-11
9.999999999899356062e-01,1.006436526557536659e-11,9.999999999899357173e-01,1.006436526557536659e-11
9.999999999899356062e-01,1.006436526557536659e-11,9.999999999899357173e-01,1.006436526557536821e-11
9.999999999899356062e-01,1.006436526557536659e-11,9.999999999899357173e-01,1.006436526557536821e-11
9.999999999899356062e-01,1.006436526557536659e-11,9.999999999899357173e-01,1.006436526557536659e-11
9.999999999899356062e-01,1.006436526557536659e-11,9.999999999899357173e-01,1.006436526557536659e-11
9.999999999899356062e-01,1.006436526557536659e-11,9.999999999899357173e-01,1.006436526557536821e-11
9.999999999899356062e-01,1.006436526557536659e-11,9.999999999899357173e-01,1.006436526557536821e-11
9.999999999899356062e-01,1.006436526557536659e-11,9.999999999899357173e-01,1.006436526557536659e-11
9.999999999899356062e-01,1.006436526557536659e-11,9.999999999899357173e-01,1.006436526557536659e-11
9.999999999899356062e-01,1.006436526557536659e-11,9.999999999899357173e-01,1.006436526557536821e-11
9.999999999899356062e-01,1.006436526557536659e-11,9.999999999899357173e-01,1.006436526557536821e-11
9.999999999950521801e-01,4.947834189859316537e-12,9.999999999950520690e-01,4.947834189859316537e-12
9.999999999899356062e-01,1.006436526557536659e-11,9.999999999899357173e-01,1.006436526557536821e-11
9.999999999899356062e-01,1.006436526557536659e-11,9.999999999899357173e-01,1.006436526557536659e-11
9.999999999899356062e-01,1.006436526557536659e-11,9.999999999899357173e-01,1.006436526557536659e-11
9.999999999899356062e-01,1.006436526557536659e-11,9.999999999899357173e-01,1.006436526557536821e-11
9.999999999899356062e-01,1.006436526557536659e-11,9.999999999899357173e-01,1.006436526557536821e-11
9.999999999899356062e-01,1.006436526557536659e-11,9.999999999899357173e-01,1.006436526557536659e-11
9.999999999899356062e-01,1.006436526557536659e-11,9.999999999899357173e-01,1.006436526557536659e-11
9.999999999899356062e-01,1.006436526557536659e-11,9.999999999899357173e-01,1.006436526557536821e-11
9.999999999899356062e-01,1.006436526557536659e-11,9.999999999899357173e-01,1.006436526557536821e-11
9.999999999899356062e-01,1.006436526557536659e-11,9.999999999899357173e-01,1.006436526557536659e-11
9.999999999899356062e-01,1.006436526557536659e-11,9.999999999899357173e-01,1.006436526557536659e-11
9.999999999899356062e-01,1.006436526557536659e-11,9.999999999899357173e-01,1.006436526557536821e-11
9.999999999899356062e-01,1.006436526557536659e-11,9.999999999899357173e-01,1.006436526557536821e-11
9.999999999899356062e-01,1.006436526557536659e-11,9.999999999899357173e-01,1.006436526557536659e-11
9.999999999899356062e-01,1.006436526557536659e-11,9.999999999899357173e-01,1.006436526557536659e-11
9.999999999899356062e-01,1.006436526557536659e-11,9.999999999899357173e-01,1.006436526557536821e-11
9.999999999899356062e-01,1.006436526557536659e-11,9.999999999899357173e-01,1.006436526557536821e-11
9.999999999899356062e-01,1.006436526557536659e-11,9.999999999899357173e-01,1.006436526557536659e-11
9.999999999899356062e-01,1.006436526557536659e-11,9.999999999899357173e-01,1.006436526557536659e-11
9.999999999899356062e-01,1.006436526557536659e-11,9.999999999899357173e-01,1.006436526557536821e-11
9.999999999899356062e-01,1.006436526557536659e-11,9.999999999899357173e-01,1.006436526557536821e-11
9.999999999899356062e-01,1.006436526557536659e-11,9.999999999899357173e-01,1.006436526557536659e-11
9.999999999899356062e-01,1.006436526557536659e-11,9.999999999899357173e-01,1.006436526557536659e-11
9.999999999899356062e-01,1.006436526557536659e-11,9.999999999899357173e-01,1.006436526557536821e-11
9.999999999949931162e-01,5.006829722137265452e-12,9.999999999949932272e-01,5.006829722137265452e-12
9.999999999899356062e-01,1.006436526557536659e-11,9.999999999899357173e-01,1.006436526557536821e-11
9.999999999899356062e-01,1.006436526557536659e-11,9.999999999899357173e-01,1.006436526557536821e-11
9.999999999899356062e-01,1.006436526557536659e-11,9.999999999899357173e-01,1.006436526557536659e-11
9.999999999899356062e-01,1.006436526557536659e-11,9.999999999899357173e-01,1.006436526557536659e-11
9.999999999899356062e-01,1.006436526557536659e-11,9.999999999899357173e-01,1.006436526557536821e-11
9.999999999899356062e-01,1.006436526557536659e-11,9.999999999899357173e-01,1.006436526557536821e-11
9.999999999899356062e-01,1.006436526557536659e-11,9.999999999899357173e-01,1.006436526557536659e-11
9.999999999899356062e-01,1.006436526557536659e-11,9.999999999899357173e-01,1.006436526557536659e-11
9.999999999899356062e-01,1.006436526557536659e-11,9.999999999899357173e-01,1.006436526557536821e-11
9.999999999899356062e-01,1.006436526557536659e-11,9.999999999899357173e-01,1.006436526557536821e-11
9.999999999899356062e-01,1.006436526557536659e-11,9.999999999899357173e-01,1.006436526557536659e-11
9.999999999899356062e-01,1.006436526557536659e-11,9.999999999899357173e-01,1.006436526557536659e-11
9.999999999899356062e-01,1.006436526557536659e-11,9.999999999899357173e-01,1.006436526557536821e-11
9.999999999899356062e-01,1.006436526557536659e-11,9.999999999899357173e-01,1.006436526557536821e-11
9.999999999899356062e-01,1.006436526557536659e-11,9.999999999899357173e-01,1.006436526557536659e-11
9.999999999899356062e-01,1.006436526557536659e-11,9.999999999899357173e-01,1.006436526557536659e-11
9.999999999899356062e-01,1.006436526557536659e-11,9.999999999899357173e-01,1.006436526557536821e-11
9.999999999899356062e-01,1.006436526557536659e-11,9.999999999899357173e-01,1.006436526557536821e-11
9.999999999899356062e-01,1.006436526557536659e-11,9.999999999899357173e-01,1.006436526557536659e-11
9.999999999899356062e-01,1.006436526557536659e-11,9.999999999899357173e-01,1.006436526557536659e-11
9.999999999899356062e-01,1.006436526557536659e-11,9.999999999899357173e-01,1.006436526557536821e-11
9.999999999899356062e-01,1.006436526557536659e-11,9.999999999899357173e-01,1.006436526557536821e-11
9.999999999899356062e-01,1.006436526557536659e-11,9.999999999899357173e-01,1.006436526557536659e-11
9.999999999899356062e-01,1.006436526557536659e-11,9.999999999899357173e-01,1.006436526557536659e-11
9.999999999899356062e-01,1.006436526557536659e-11,9.999999999899357173e-01,1.006436526557536821e-11
9.999999999899356062e-01,1.006436526557536659e-11,9.999999999899357173e-01,1.006436526557536821e-11
9.999999999899356062e-01,1.006436526557536659e-11,9.999999999899357173e-01,1.006436526557536659e-11
9.999999999411371965e-01,5.886277232111930896e-11,9.999999999411371965e-01,5.886277232111930896e-11
9.999999999899356062e-01,1.006436526557536659e-11,9.999999999899356062e-01,1.006436526557536659e-11
9.999999999879028989e-01,1.209708840225712385e-11,9.999999999879030099e-01,1.209708840225712385e-11
9.999999999899356062e-01,1.006436526557536659e-11,9.999999999899357173e-01,1.006436526557536659e-11
9.999999999899356062e-01,1.006436526557536659e-11,9.999999999899357173e-01,1.006436526557536821e-11
9.999999999899356062e-01,1.006436526557536659e-11,9.999999999899357173e-01,1.006436526557536659e-11
9.999999999899356062e-01,1.006436526557536659e-11,9.999999999899357173e-01,1.006436526557536659e-11
9.999999999899356062e-01,1.006436526557536659e-11,9.999999999899357173e-01,1.006436526557536821e-11
9.999999999899356062e-01,1.006436526557536659e-11,9.999999999899357173e-01,1.006436526557536821e-11
9.999999999899356062e-01,1.006436526557536659e-11,9.999999999899357173e-01,1.006436526557536659e-11
9.999999999899356062e-01,1.006436526557536659e-11,9.999999999899357173e-01,1.006436526557536659e-11
9.999999999899356062e-01,1.006436526557536659e-11,9.999999999899357173e-01,1.006436526557536821e-11
9.999999999899356062e-01,1.006436526557536659e-11,9.999999999899357173e-01,1.006436526557536821e-11
9.999999999899356062e-01,1.006436526557536659e-11,9.999999999899357173e-01,1.006436526557536659e-11
9.999999999899356062e-01,1.006436526557536659e-11,9.999999999899357173e-01,1.006436526557536659e-11
9.999999999899356062e-01,1.006436526557536659e-11,9.999999999899357173e-01,1.006436526557536821e-11
9.999999999899356062e-01,1.006436526557536659e-11,9.999999999899357173e-01,1.006436526557536821e-11
9.999999999899356062e-01,1.006436526557536659e-11,9.999999999899357173e-01,1.006436526557536659e-11
9.999999999899356062e-01,1.006436526557536659e-11,9.999999999899357173e-01,1.006436526557536659e-11
9.999999999899356062e-01,1.006436526557536659e-11,9.999999999899357173e-01,1.006436526557536821e-11
9.999999999899356062e-01,1.006436526557536659e-11,9.999999999899357173e-01,1.006436526557536821e-11
9.999999999899356062e-01,1.006436526557536659e-11,9.999999999899357173e-01,1.006436526557536659e-11
9.999999999899356062e-01,1.006436526557536659e-11,9.999999999899357173e-01,1.006436526557536659e-11
9.999999999899356062e-01,1.006436526557536659e-11,9.999999999899357173e-01,1.006436526557536821e-11
9.999999999899356062e-01,1.006436526557536659e-11,9.999999999899357173e-01,1.006436526557536821e-11
9.999999999899356062e-01,1.006436526557536659e-11,9.999999999899357173e-01,1.006436526557536659e-11
9.999999999899356062e-01,1.006436526557536659e-11,9.999999999899357173e-01,1.006436526557536659e-11
9.999999999899356062e-01,1.006436526557536659e-11,9.999999999899357173e-01,1.006436526557536821e-11
9.999999999899356062e-01,1.006436526557536659e-11,9.999999999899357173e-01,1.006436526557536821e-11
9.999999999899356062e-01,1.006436526557536659e-11,9.999999999899357173e-01,1.006436526557536659e-11
9.999999999899356062e-01,1.006436526557536659e-11,9.999999999899357173e-01,1.006436526557536659e-11
9.999999999899356062e-01,1.006436526557536659e-11,9.999999999899357173e-01,1.006436526557536821e-11
9.999999999899356062e-01,1.006436526557536659e-11,9.999999999899357173e-01,1.006436526557536821e-11
9.999999999899356062e-01,1.006436526557536659e-11,9.999999999899357173e-01,1.006436526557536659e-11
9.999999999899356062e-01,1.006436526557536659e-11,9.999999999899357173e-01,1.006436526557536659e-11
9.999999999899356062e-01,1.006436526557536659e-11,9.999999999899357173e-01,1.006436526557536821e-11
9.999999999899356062e-01,1.006436526557536659e-11,9.999999999899357173e-01,1.006436526557536821e-11
9.999999999899356062e-01,1.006436526557536659e-11,9.999999999899357173e-01,1.006436526557536659e-11
9.999999999899356062e-01,1.006436526557536659e-11,9.999999999899357173e-01,1.006436526557536659e-11
9.999999999899356062e-01,1.006436526557536659e-11,9.999999999899357173e-01,1.006436526557536821e-11
9.999999999899356062e-01,1.006436526557536659e-11,9.999999999899357173e-01,1.006436526557536821e-11
9.999999999899356062e-01,1.006436526557536659e-11,9.999999999899357173e-01,1.006436526557536659e-11
9.999999999899356062e-01,1.006436526557536659e-11,9.999999999899357173e-01,1.006436526557536659e-11
9.999999999899356062e-01,1.006436526557536659e-11,9.999999999899357173e-01,1.006436526557536821e-11
9.999999999899356062e-01,1.006436526557536659e-11,9.999999999899357173e-01,1.006436526557536821e-11
9.999999999955432317e-01,4.456731138890891663e-12,9.999999999955433427e-01,4.456731138890891663e-12
9.999999999955238028e-01,4.476278123312818642e-12,9.999999999955238028e-01,4.476278123312817834e-12
9.999999999899356062e-01,1.006436526557536659e-11,9.999999999899357173e-01,1.006436526557536659e-11
9.999999999899356062e-01,1.006436526557536659e-11,9.999999999899357173e-01,1.006436526557536821e-11
9.999999999899356062e-01,1.006436526557536659e-11,9.999999999899357173e-01,1.006436526557536659e-11
9.999999999899356062e-01,1.006436526557536659e-11,9.999999999899357173e-01,1.006436526557536659e-11
9.999999999899356062e-01,1.006436526557536659e-11,9.999999999899357173e-01,1.006436526557536821e-11
9.999999999899356062e-01,1.006436526557536659e-11,9.999999999899357173e-01,1.006436526557536821e-11
9.999999999899356062e-01,1.006436526557536659e-11,9.999999999899357173e-01,1.006436526557536659e-11
9.999999999899356062e-01,1.006436526557536659e-11,9.999999999899357173e-01,1.006436526557536659e-11
9.999999999899356062e-01,1.006436526557536659e-11,9.999999999899357173e-01,1.006436526557536821e-11
9.999999999899356062e-01,1.006436526557536659e-11,9.999999999899357173e-01,1.006436526557536821e-11
9.999999999899356062e-01,1.006436526557536659e-11,9.999999999899357173e-01,1.006436526557536659e-11
9.999999999899356062e-01,1.006436526557536659e-11,9.999999999899357173e-01,1.006436526557536659e-11
9.999999999899356062e-01,1.006436526557536659e-11,9.999999999899357173e-01,1.006436526557536821e-11
9.999999999899356062e-01,1.006436526557536659e-11,9.999999999899357173e-01,1.006436526557536821e-11
9.999999999899356062e-01,1.006436526557536659e-11,9.999999999899357173e-01,1.006436526557536659e-11
9.999999999899356062e-01,1.006436526557536659e-11,9.999999999899357173e-01,1.006436526557536659e-11
9.999999999955236918e-01,4.476278123312818642e-12,9.999999999955236918e-01,4.476278123312817834e-12
9.999999999899356062e-01,1.006436526557536659e-11,9.999999999899357173e-01,1.006436526557536659e-11
9.999999999899356062e-01,1.006436526557536659e-11,9.999999999899357173e-01,1.006436526557536821e-11
9.999999999899356062e-01,1.006436526557536659e-11,9.999999999899357173e-01,1.006436526557536821e-11
9.999999999899356062e-01,1.006436526557536659e-11,9.999999999899357173e-01,1.006436526557536659e-11
9.999999999953218532e-01,4.678158430719900854e-12,9.999999999953218532e-01,4.678158430719900854e-12
9.999999999953546048e-01,4.645487461534250861e-12,9.999999999953546048e-01,4.645487461534250861e-12
9.999999999899356062e-01,1.006436526557536659e-11,9.999999999899354952e-01,1.006436526557536659e-11
9.999999999915555327e-01,8.444435846311211020e-12,9.999999999915555327e-01,8.444435846311212636e-12
9.999999999949931162e-01,5.006829722137265452e-12,9.999999999949931162e-01,5.006829722137265452e-12
9.999999999899356062e-01,1.006436526557536659e-11,9.999999999899357173e-01,1.006436526557536821e-11
9.999999999899356062e-01,1.006436526557536659e-11,9.999999999899357173e-01,1.006436526557536821e-11
9.999999999899356062e-01,1.006436526557536659e-11,9.999999999899357173e-01,1.006436526557536659e-11
9.999999999899356062e-01,1.006436526557536659e-11,9.999999999899357173e-01,1.006436526557536659e-11
9.999999999899356062e-01,1.006436526557536659e-11,9.999999999899357173e-01,1.006436526557536821e-11
9.999999999899356062e-01,1.006436526557536659e-11,9.999999999899357173e-01,1.006436526557536821e-11
9.999999999899356062e-01,1.006436526557536659e-11,9.999999999899357173e-01,1.006436526557536659e-11
9.999999999899356062e-01,1.006436526557536659e-11,9.999999999899357173e-01,1.006436526557536659e-11
9.999999999899356062e-01,1.006436526557536659e-11,9.999999999899357173e-01,1.006436526557536821e-11
9.999999999953544938e-01,4.645487461534250054e-12,9.999999999953546048e-01,4.645487461534250054e-12
9.999999999955238028e-01,4.476278123312818642e-12,9.999999999955238028e-01,4.476278123312817834e-12
9.999999999899356062e-01,1.006436526557536659e-11,9.999999999899357173e-01,1.006436526557536659e-11
9.999999999899356062e-01,1.006436526557536659e-11,9.999999999899357173e-01,1.006436526557536659e-11
9.999999999927624561e-01,7.237517422417696184e-12,9.999999999927625671e-01,7.237517422417696992e-12
9.999999999951034724e-01,4.896557034086601837e-12,9.999999999951034724e-01,4.896557034086601837e-12
9.999999999899356062e-01,1.006436526557536659e-11,9.999999999899356062e-01,1.006436526557536659e-11
9.999999999899356062e-01,1.006436526557536659e-11,9.999999999899357173e-01,1.006436526557536659e-11
9.999999999899356062e-01,1.006436526557536659e-11,9.999999999899357173e-01,1.006436526557536821e-11
9.999999999899356062e-01,1.006436526557536659e-11,9.999999999899357173e-01,1.006436526557536821e-11
9.999999999899356062e-01,1.006436526557536659e-11,9.999999999899357173e-01,1.006436526557536659e-11
9.999999999899356062e-01,1.006436526557536659e-11,9.999999999899357173e-01,1.006436526557536659e-11
9.999999999899356062e-01,1.006436526557536659e-11,9.999999999899357173e-01,1.006436526557536821e-11
9.999999999899356062e-01,1.006436526557536659e-11,9.999999999899357173e-01,1.006436526557536821e-11
9.999999999899356062e-01,1.006436526557536659e-11,9.999999999899357173e-01,1.006436526557536659e-11
9.999999999933920636e-01,6.607938860822676397e-12,9.999999999933921746e-01,6.607938860822676397e-12
9.999999999899356062e-01,1.006436526557536659e-11,9.999999999899356062e-01,1.006436526557536659e-11
9.999999999899356062e-01,1.006436526557536659e-11,9.999999999899357173e-01,1.006436526557536659e-11
9.999999999899356062e-01,1.006436526557536659e-11,9.999999999899357173e-01,1.006436526557536821e-11
9.999999999899356062e-01,1.006436526557536659e-11,9.999999999899357173e-01,1.006436526557536821e-11
9.999999999899356062e-01,1.006436526557536659e-11,9.999999999899357173e-01,1.006436526557536659e-11
9.999999999899356062e-01,1.006436526557536659e-11,9.999999999899357173e-01,1.006436526557536659e-11
9.999999999899356062e-01,1.006436526557536659e-11,9.999999999899357173e-01,1.006436526557536821e-11
9.999999999899356062e-01,1.006436526557536659e-11,9.999999999899357173e-01,1.006436526557536821e-11
9.999999999899356062e-01,1.006436526557536659e-11,9.999999999899357173e-01,1.006436526557536659e-11
9.999999999899356062e-01,1.006436526557536659e-11,9.999999999899357173e-01,1.006436526557536659e-11
9.999999999899356062e-01,1.006436526557536659e-11,9.999999999899357173e-01,1.006436526557536821e-11
9.999999999899356062e-01,1.006436526557536659e-11,9.999999999899357173e-01,1.006436526557536821e-11
9.999999999899356062e-01,1.006436526557536659e-11,9.999999999899357173e-01,1.006436526557536659e-11
9.999999999899356062e-01,1.006436526557536659e-11,9.999999999899357173e-01,1.006436526557536659e-11
9.999999999899356062e-01,1.006436526557536659e-11,9.999999999899357173e-01,1.006436526557536821e-11
9.999999999899356062e-01,1.006436526557536659e-11,9.999999999899357173e-01,1.006436526557536821e-11
9.999999999860557098e-01,1.394431753167856527e-11,9.999999999860555988e-01,1.394431753167856366e-11
9.999999999899356062e-01,1.006436526557536659e-11,9.999999999899356062e-01,1.006436526557536659e-11
9.999999999899356062e-01,1.006436526557536659e-11,9.999999999899357173e-01,1.006436526557536659e-11
9.999999999899356062e-01,1.006436526557536659e-11,9.999999999899357173e-01,1.006436526557536659e-11
9.999999999899356062e-01,1.006436526557536659e-11,9.999999999899357173e-01,1.006436526557536821e-11
9.999999999899356062e-01,1.006436526557536659e-11,9.999999999899357173e-01,1.006436526557536821e-11
9.999999999899356062e-01,1.006436526557536659e-11,9.999999999899357173e-01,1.006436526557536659e-11
9.999999999899356062e-01,1.006436526557536659e-11,9.999999999899357173e-01,1.006436526557536659e-11
9.999999999899356062e-01,1.006436526557536659e-11,9.999999999899357173e-01,1.006436526557536821e-11
9.999999999899356062e-01,1.006436526557536659e-11,9.999999999899357173e-01,1.006436526557536821e-11
9.999999999899356062e-01,1.006436526557536659e-11,9.999999999899357173e-01,1.006436526557536659e-11
9.999999999899356062e-01,1.006436526557536659e-11,9.999999999899357173e-01,1.006436526557536659e-11
9.999999999899356062e-01,1.006436526557536659e-11,9.999999999899357173e-01,1.006436526557536821e-11
9.999999999899356062e-01,1.006436526557536659e-11,9.999999999899357173e-01,1.006436526557536821e-11
9.999999999899356062e-01,1.006436526557536659e-11,9.999999999899357173e-01,1.006436526557536659e-11
9.999999999899356062e-01,1.006436526557536659e-11,9.999999999899357173e-01,1.006436526557536659e-11
9.999999999899356062e-01,1.006436526557536659e-11,9.999999999899357173e-01,1.006436526557536821e-11
9.999999999899356062e-01,1.006436526557536659e-11,9.999999999899357173e-01,1.006436526557536821e-11
9.999999999899356062e-01,1.006436526557536659e-11,9.999999999899357173e-01,1.006436526557536659e-11
9.999999999899356062e-01,1.006436526557536659e-11,9.999999999899357173e-01,1.006436526557536659e-11
9.999999999899356062e-01,1.006436526557536659e-11,9.999999999899357173e-01,1.006436526557536821e-11
9.999999999899356062e-01,1.006436526557536659e-11,9.999999999899357173e-01,1.006436526557536821e-11
9.999999999899356062e-01,1.006436526557536659e-11,9.999999999899357173e-01,1.006436526557536659e-11
9.999999999899356062e-01,1.006436526557536659e-11,9.999999999899357173e-01,1.006436526557536659e-11
9.999999999899356062e-01,1.006436526557536659e-11,9.999999999899357173e-01,1.006436526557536821e-11
9.999999999899356062e-01,1.006436526557536659e-11,9.999999999899357173e-01,1.006436526557536821e-11
9.999999999899356062e-01,1.006436526557536659e-11,9.999999999899357173e-01,1.006436526557536659e-11
9.999999999899356062e-01,1.006436526557536659e-11,9.999999999899357173e-01,1.006436526557536659e-11
9.999999999899356062e-01,1.006436526557536659e-11,9.999999999899357173e-01,1.006436526557536821e-11
9.999999999899356062e-01,1.006436526557536659e-11,9.999999999899357173e-01,1.006436526557536821e-11
9.999999999899356062e-01,1.006436526557536659e-11,9.999999999899357173e-01,1.006436526557536659e-11
9.999999999899356062e-01,1.006436526557536659e-11,9.999999999899357173e-01,1.006436526557536659e-11
9.999999999899356062e-01,1.006436526557536659e-11,9.999999999899357173e-01,1.006436526557536821e-11
9.999999999899356062e-01,1.006436526557536659e-11,9.999999999899357173e-01,1.006436526557536821e-11
9.999999999899356062e-01,1.006436526557536659e-11,9.999999999899357173e-01,1.006436526557536659e-11
9.999999999899356062e-01,1.006436526557536659e-11,9.999999999899357173e-01,1.006436526557536659e-11
9.999999999899356062e-01,1.006436526557536659e-11,9.999999999899357173e-01,1.006436526557536821e-11
9.999999999899356062e-01,1.006436526557536659e-11,9.999999999899357173e-01,1.006436526557536821e-11
9.999999999899356062e-01,1.006436526557536659e-11,9.999999999899357173e-01,1.006436526557536659e-11
9.999999999899356062e-01,1.006436526557536659e-11,9.999999999899357173e-01,1.006436526557536659e-11
9.999999999899356062e-01,1.006436526557536659e-11,9.999999999899357173e-01,1.006436526557536821e-11
9.999999999899356062e-01,1.006436526557536659e-11,9.999999999899357173e-01,1.006436526557536821e-11
9.999999999952163821e-01,4.783576317964525966e-12,9.999999999952164931e-01,4.783576317964526774e-12
9.999999999899356062e-01,1.006436526557536659e-11,9.999999999899356062e-01,1.006436526557536659e-11
9.999999999940604178e-01,5.939534100323804234e-12,9.999999999940604178e-01,5.939534100323803426e-12
9.999999999899356062e-01,1.006436526557536659e-11,9.999999999899356062e-01,1.006436526557536659e-11
9.999999999899356062e-01,1.006436526557536659e-11,9.999999999899357173e-01,1.006436526557536659e-11
9.999999999899356062e-01,1.006436526557536659e-11,9.999999999899357173e-01,1.006436526557536659e-11
9.999999999899356062e-01,1.006436526557536659e-11,9.999999999899357173e-01,1.006436526557536821e-11
9.999999999899356062e-01,1.006436526557536659e-11,9.999999999899357173e-01,1.006436526557536821e-11
9.999999999955205832e-01,4.479402961216933990e-12,9.999999999955205832e-01,4.479402961216933990e-12
9.999999999899356062e-01,1.006436526557536659e-11,9.999999999899357173e-01,1.006436526557536659e-11
9.999999999899356062e-01,1.006436526557536659e-11,9.999999999899357173e-01,1.006436526557536659e-11
9.999999999899356062e-01,1.006436526557536659e-11,9.999999999899357173e-01,1.006436526557536659e-11
9.999999999899356062e-01,1.006436526557536659e-11,9.999999999899357173e-01,1.006436526557536821e-11
9.999999999899356062e-01,1.006436526557536659e-11,9.999999999899357173e-01,1.006436526557536821e-11
9.999999999899356062e-01,1.006436526557536659e-11,9.999999999899357173e-01,1.006436526557536659e-11
9.999999999899356062e-01,1.006436526557536659e-11,9.999999999899357173e-01,1.006436526557536659e-11
9.999999999899356062e-01,1.006436526557536659e-11,9.999999999899357173e-01,1.006436526557536821e-11
9.999999999899356062e-01,1.006436526557536659e-11,9.999999999899357173e-01,1.006436526557536821e-11
9.999999999899356062e-01,1.006436526557536659e-11,9.999999999899357173e-01,1.006436526557536659e-11
9.999999999899356062e-01,1.006436526557536659e-11,9.999999999899357173e-01,1.006436526557536659e-11
9.999999999899356062e-01,1.006436526557536659e-11,9.999999999899357173e-01,1.006436526557536821e-11
9.999999999899356062e-01,1.006436526557536659e-11,9.999999999899357173e-01,1.006436526557536821e-11
9.999999999899356062e-01,1.006436526557536659e-11,9.999999999899357173e-01,1.006436526557536659e-11
9.999999999899356062e-01,1.006436526557536659e-11,9.999999999899357173e-01,1.006436526557536659e-11
9.999999999837737574e-01,1.622624383836942693e-11,9.999999999837737574e-01,1.622624383836943016e-11
9.999999999899356062e-01,1.006436526557536659e-11,9.999999999899356062e-01,1.006436526557536659e-11
9.999999999899356062e-01,1.006436526557536659e-11,9.999999999899357173e-01,1.006436526557536659e-11
9.999999999899356062e-01,1.006436526557536659e-11,9.999999999899357173e-01,1.006436526557536659e-11
9.999999999899356062e-01,1.006436526557536659e-11,9.999999999899357173e-01,1.006436526557536821e-11
9.999999999899356062e-01,1.006436526557536659e-11,9.999999999899357173e-01,1.006436526557536821e-11
9.999999999906338255e-01,9.366147881026148911e-12,9.999999999906338255e-01,9.366147881026150527e-12
9.999999999954136687e-01,4.586312181167409490e-12,9.999999999954135577e-01,4.586312181167409490e-12
9.999999999899356062e-01,1.006436526557536659e-11,9.999999999899357173e-01,1.006436526557536821e-11
9.999999999899356062e-01,1.006436526557536659e-11,9.999999999899357173e-01,1.006436526557536659e-11
9.999999999899356062e-01,1.006436526557536659e-11,9.999999999899357173e-01,1.006436526557536659e-11
9.999999999899356062e-01,1.006436526557536659e-11,9.999999999899357173e-01,1.006436526557536821e-11
9.999999999952163821e-01,4.783576317964525966e-12,9.999999999952164931e-01,4.783576317964526774e-12
9.999999999923419036e-01,7.658139894305021288e-12,9.999999999923417926e-01,7.658139894305021288e-12
9.999999999908945059e-01,9.105508767062051060e-12,9.999999999908943948e-01,9.105508767062051060e-12
9.999999999899356062e-01,1.006436526557536659e-11,9.999999999899356062e-01,1.006436526557536659e-11
9.999999999899356062e-01,1.006436526557536659e-11,9.999999999899357173e-01,1.006436526557536659e-11
9.999999999899356062e-01,1.006436526557536659e-11,9.999999999899357173e-01,1.006436526557536821e-11
9.999999999954136687e-01,4.586312181167409490e-12,9.999999999954136687e-01,4.586312181167409490e-12
9.999999999905299086e-01,9.470110774942860689e-12,9.999999999905299086e-01,9.470110774942862304e-12
9.999999999899356062e-01,1.006436526557536659e-11,9.999999999899357173e-01,1.006436526557536659e-11
9.999999999899356062e-01,1.006436526557536659e-11,9.999999999899357173e-01,1.006436526557536821e-11
9.999999999899356062e-01,1.006436526557536659e-11,9.999999999899357173e-01,1.006436526557536659e-11
9.999999999899356062e-01,1.006436526557536659e-11,9.999999999899357173e-01,1.006436526557536659e-11
9.999999999899356062e-01,1.006436526557536659e-11,9.999999999899357173e-01,1.006436526557536821e-11
9.999999999899356062e-01,1.006436526557536659e-11,9.999999999899357173e-01,1.006436526557536821e-11
9.999999999720921018e-01,2.790791985147400355e-11,9.999999999720919908e-01,2.790791985147400355e-11
9.999999999953544938e-01,4.645487461534250861e-12,9.999999999953546048e-01,4.645487461534250054e-12
9.999999999899356062e-01,1.006436526557536659e-11,9.999999999899354952e-01,1.006436526557536659e-11
9.999999999899356062e-01,1.006436526557536659e-11,9.999999999899357173e-01,1.006436526557536659e-11
9.999999999899356062e-01,1.006436526557536659e-11,9.999999999899357173e-01,1.006436526557536659e-11
9.999999999946544982e-01,5.345521493438271938e-12,9.999999999946544982e-01,5.345521493438271938e-12
9.999999999922692950e-01,7.730700947381286242e-12,9.999999999922694061e-01,7.730700947381286242e-12
9.999999999899356062e-01,1.006436526557536659e-11,9.999999999899356062e-01,1.006436526557536659e-11
9.999999999899356062e-01,1.006436526557536659e-11,9.999999999899357173e-01,1.006436526557536659e-11
9.999999999899356062e-01,1.006436526557536659e-11,9.999999999899357173e-01,1.006436526557536659e-11
9.999999999899356062e-01,1.006436526557536659e-11,9.999999999899357173e-01,1.006436526557536821e-11
9.999999999899356062e-01,1.006436526557536659e-11,9.999999999899357173e-01,1.006436526557536821e-11
9.999999999899356062e-01,1.006436526557536659e-11,9.999999999899357173e-01,1.006436526557536659e-11
9.999999999899356062e-01,1.006436526557536659e-11,9.999999999899357173e-01,1.006436526557536659e-11
9.999999999899356062e-01,1.006436526557536659e-11,9.999999999899357173e-01,1.006436526557536821e-11
9.999999999899356062e-01,1.006436526557536659e-11,9.999999999899357173e-01,1.006436526557536821e-11
9.999999999899356062e-01,1.006436526557536659e-11,9.999999999899357173e-01,1.006436526557536659e-11
9.999999999899356062e-01,1.006436526557536659e-11,9.999999999899357173e-01,1.006436526557536659e-11
9.999999999899356062e-01,1.006436526557536659e-11,9.999999999899357173e-01,1.006436526557536821e-11
9.999999999949116258e-01,5.088395614210015273e-12,9.999999999949116258e-01,5.088395614210015273e-12
9.999999999899356062e-01,1.006436526557536659e-11,9.999999999899356062e-01,1.006436526557536659e-11
9.999999999899356062e-01,1.006436526557536659e-11,9.999999999899357173e-01,1.006436526557536821e-11
9.999999999899356062e-01,1.006436526557536659e-11,9.999999999899357173e-01,1.006436526557536821e-11
9.999999999899356062e-01,1.006436526557536659e-11,9.999999999899357173e-01,1.006436526557536659e-11
9.999999999899356062e-01,1.006436526557536659e-11,9.999999999899357173e-01,1.006436526557536659e-11
9.999999999951999508e-01,4.800040419931763872e-12,9.999999999951999508e-01,4.800040419931763872e-12
9.999912770566484754e-01,8.722943351540687575e-06,9.999912770566484754e-01,8.722943351540687575e-06
9.999989299898902617e-01,1.070010109734934551e-06,9.999989299898901507e-01,1.070010109734934551e-06
9.999999999899356062e-01,1.006436526557536659e-11,9.999999999899356062e-01,1.006436526557536659e-11
9.999999999899356062e-01,1.006436526557536659e-11,9.999999999899357173e-01,1.006436526557536821e-11
9.999999999899356062e-01,1.006436526557536659e-11,9.999999999899357173e-01,1.006436526557536821e-11
9.999999999899356062e-01,1.006436526557536659e-11,9.999999999899357173e-01,1.006436526557536659e-11
9.999999999899356062e-01,1.006436526557536659e-11,9.999999999899357173e-01,1.006436526557536659e-11
9.999999999899356062e-01,1.006436526557536659e-11,9.999999999899357173e-01,1.006436526557536821e-11
9.999999999899356062e-01,1.006436526557536659e-11,9.999999999899357173e-01,1.006436526557536821e-11
9.999999999899356062e-01,1.006436526557536659e-11,9.999999999899357173e-01,1.006436526557536659e-11
9.999999999922692950e-01,7.730700947381286242e-12,9.999999999922692950e-01,7.730700947381284627e-12
9.999999999899356062e-01,1.006436526557536659e-11,9.999999999899356062e-01,1.006436526557536659e-11
9.999999999899356062e-01,1.006436526557536659e-11,9.999999999899357173e-01,1.006436526557536659e-11
9.999999999954136687e-01,4.586312181167409490e-12,9.999999999954136687e-01,4.586312181167410297e-12
9.999999999954933827e-01,4.506725468249469429e-12,9.999999999954932717e-01,4.506725468249470237e-12
9.999999999941007189e-01,5.899290110926180300e-12,9.999999999941008300e-01,5.899290110926180300e-12
9.999999978183631288e-01,2.181636925044639399e-09,9.999999978183631288e-01,2.181636925044639399e-09
9.999999999899356062e-01,1.006436526557536659e-11,9.999999999899357173e-01,1.006436526557536659e-11
9.999999999899356062e-01,1.006436526557536659e-11,9.999999999899357173e-01,1.006436526557536659e-11
9.999999999899356062e-01,1.006436526557536659e-11,9.999999999899357173e-01,1.006436526557536821e-11
9.999999999899356062e-01,1.006436526557536659e-11,9.999999999899357173e-01,1.006436526557536821e-11
9.999999999955372365e-01,4.462777587683136005e-12,9.999999999955372365e-01,4.462777587683136005e-12
4.237959541171850298e-04,9.995762040458827657e-01,4.237959541171850298e-04,9.995762040458828768e-01
9.999999999899356062e-01,1.006436526557536659e-11,9.999999999899357173e-01,1.006436526557536821e-11
9.999999999899356062e-01,1.006436526557536659e-11,9.999999999899357173e-01,1.006436526557536659e-11
9.999999999899356062e-01,1.006436526557536659e-11,9.999999999899357173e-01,1.006436526557536821e-11
9.999999999899356062e-01,1.006436526557536659e-11,9.999999999899357173e-01,1.006436526557536821e-11
9.999999995101670480e-01,4.898329619689137195e-10,9.999999995101670480e-01,4.898329619689138229e-10
9.999999999899356062e-01,1.006436526557536497e-11,9.999999999899356062e-01,1.006436526557536497e-11
9.998888664507017410e-01,1.111335492982466939e-04,9.998888664507018520e-01,1.111335492982467210e-04
9.999999999954932717e-01,4.506725468249469429e-12,9.999999999954932717e-01,4.506725468249470237e-12
9.999999999929860550e-01,7.013891618672185690e-12,9.999999999929860550e-01,7.013891618672187306e-12
9.999999999899356062e-01,1.006436526557536659e-11,9.999999999899356062e-01,1.006436526557536659e-11
9.999999999899356062e-01,1.006436526557536659e-11,9.999999999899357173e-01,1.006436526557536659e-11
9.999999999899356062e-01,1.006436526557536659e-11,9.999999999899357173e-01,1.006436526557536821e-11
9.999999999899356062e-01,1.006436526557536659e-11,9.999999999899357173e-01,1.006436526557536821e-11
9.999999999899356062e-01,1.006436526557536659e-11,9.999999999899357173e-01,1.006436526557536659e-11
9.999999999899356062e-01,1.006436526557536659e-11,9.999999999899357173e-01,1.006436526557536659e-11
9.999999999899356062e-01,1.006436526557536659e-11,9.999999999899357173e-01,1.006436526557536821e-11
9.999999999899356062e-01,1.006436526557536659e-11,9.999999999899357173e-01,1.006436526557536821e-11
9.999999999899356062e-01,1.006436526557536659e-11,9.999999999899357173e-01,1.006436526557536659e-11
9.999999999899356062e-01,1.006436526557536659e-11,9.999999999899357173e-01,1.006436526557536659e-11
9.999999736610614143e-01,2.633893857269443918e-08,9.999999736610614143e-01,2.633893857269443918e-08
9.999999736610614143e-01,2.633893857269443918e-08,9.999999736610615253e-01,2.633893857269443918e-08
9.999999736610614143e-01,2.633893857269443918e-08,9.999999736610615253e-01,2.633893857269443918e-08
9.999999736610614143e-01,2.633893857269443918e-08,9.999999736610615253e-01,2.633893857269443918e-08
9.999999736610614143e-01,2.633893857269443918e-08,9.999999736610615253e-01,2.633893857269443918e-08
9.999999736610614143e-01,2.633893857269443918e-08,9.999999736610615253e-01,2.633893857269443918e-08
9.999999736610614143e-01,2.633893857269443918e-08,9.999999736610615253e-01,2.633893857269443918e-08
9.999999736610614143e-01,2.633893857269443918e-08,9.999999736610615253e-01,2.633893857269443918e-08
9.999999736610614143e-01,2.633893857269443918e-08,9.999999736610615253e-01,2.633893857269443918e-08
9.999999736610614143e-01,2.633893857269443918e-08,9.999999736610615253e-01,2.633893857269443918e-08
9.999999736610614143e-01,2.633893857269443918e-08,9.999999736610615253e-01,2.633893857269443918e-08
9.999999736610614143e-01,2.633893857269443918e-08,9.999999736610615253e-01,2.633893857269443918e-08
9.999999736610614143e-01,2.633893857269443918e-08,9.999999736610615253e-01,2.633893857269443918e-08
9.999999736610614143e-01,2.633893857269443918e-08,9.999999736610615253e-01,2.633893857269443918e-08
9.999999736610614143e-01,2.633893857269443918e-08,9.999999736610615253e-01,2.633893857269443918e-08
9.999999736610614143e-01,2.633893857269443918e-08,9.999999736610615253e-01,2.633893857269443918e-08
9.999999736610614143e-01,2.633893857269443918e-08,9.999999736610615253e-01,2.633893857269443918e-08
9.999999736610614143e-01,2.633893857269443918e-08,9.999999736610615253e-01,2.633893857269443918e-08
9.999999736610614143e-01,2.633893857269443918e-08,9.999999736610615253e-01,2.633893857269443918e-08
9.999999736610614143e-01,2.633893857269443918e-08,9.999999736610615253e-01,2.633893857269443918e-08
9.999999999899356062e-01,1.006436526557536659e-11,9.999999999899356062e-01,1.006436526557536659e-11
9.999999999899356062e-01,1.006436526557536659e-11,9.999999999899357173e-01,1.006436526557536821e-11
9.999999999899356062e-01,1.006436526557536659e-11,9.999999999899357173e-01,1.006436526557536659e-11
9.999999999899356062e-01,1.006436526557536659e-11,9.999999999899357173e-01,1.006436526557536659e-11
4.237959541171851382e-04,9.995762040458827657e-01,4.237959541171851382e-04,9.995762040458828768e-01
6.877579828310446085e-27,1.000000000000000000e+00,6.877579828310444650e-27,1.000000000000000000e+00
1.911837754375327127e-32,1.000000000000000000e+00,1.911837754375327127e-32,1.000000000000000000e+00
6.508554717770751224e-69,1.000000000000000000e+00,6.508554717770752254e-69,1.000000000000000000e+00
2.660874160976113805e-54,1.000000000000000000e+00,2.660874160976113805e-54,1.000000000000000000e+00
3.307133096660503362e-177,1.000000000000000000e+00,3.307133096660502924e-177,1.000000000000000000e+00
1.024093259736573733e-07,9.999998975906740917e-01,1.024093259736573601e-07,9.999998975906739807e-01
8.282882430991952112e-39,1.000000000000000000e+00,8.282882430991953417e-39,1.000000000000000000e+00
6.508554717770753283e-69,1.000000000000000000e+00,6.508554717770752254e-69,1.000000000000000000e+00
2.418487454746348596e-100,1.000000000000000000e+00,2.418487454746348596e-100,1.000000000000000000e+00
4.237959541171851382e-04,9.995762040458828768e-01,4.237959541171850298e-04,9.995762040458827657e-01
5.075134280289633759e-03,9.949248657197103940e-01,5.075134280289634627e-03,9.949248657197103940e-01
9.995273477505108861e-01,4.726522494890490495e-04,9.995273477505109971e-01,4.726522494890491037e-04
9.998888664507017410e-01,1.111335492982466939e-04,9.998888664507017410e-01,1.111335492982466939e-04
7.171004187937926044e-01,2.828995812062073956e-01,7.171004187937927155e-01,2.828995812062073956e-01
9.999999998528751322e-01,1.471248556222005226e-10,9.999999998528752432e-01,1.471248556222005226e-10
9.999999999650964755e-01,3.490349648693226779e-11,9.999999999650965865e-01,3.490349648693227425e-11
9.999999999928261829e-01,7.173779663402244790e-12,9.999999999928261829e-01,7.173779663402244790e-12
9.999999999773966364e-01,2.260333082440866689e-11,9.999999999773966364e-01,2.260333082440866689e-11
9.999999999650964755e-01,3.490349648693227425e-11,9.999999999650964755e-01,3.490349648693227425e-11
9.999999999954614083e-01,4.538601109276522696e-12,9.999999999954614083e-01,4.538601109276523504e-12
9.999999999933497641e-01,6.650344746761938918e-12,9.999999999933496531e-01,6.650344746761938918e-12
9.999999999954549690e-01,4.544940010514135063e-12,9.999999999954550800e-01,4.544940010514135871e-12
9.999999999955206942e-01,4.479402961216933990e-12,9.999999999955205832e-01,4.479402961216933183e-12
9.999999999952000618e-01,4.800040419931763872e-12,9.999999999952000618e-01,4.800040419931763872e-12
9.999999999899356062e-01,1.006436526557536659e-11,9.999999999899356062e-01,1.006436526557536821e-11
9.999999998528751322e-01,1.471248556222005226e-10,9.999999998528751322e-01,1.471248556222004968e-10
6.045497240068946441e-108,1.000000000000000000e+00,6.045497240068945684e-108,1.000000000000000000e+00
1.911837754375327127e-32,1.000000000000000000e+00,1.911837754375327127e-32,1.000000000000000000e+00
2.165113646084434009e-74,1.000000000000000000e+00,2.165113646084434402e-74,1.000000000000000000e+00
1.928928561691828983e-234,1.000000000000000000e+00,1.928928561691829262e-234,1.000000000000000000e+00
8.203671620646029794e-54,1.000000000000000000e+00,2.877593982323360621e-74,1.000000000000000000e+00
1.580771645252818799e-212,1.000000000000000000e+00,4.500959010898248043e-134,1.000000000000000000e+00
2.350216348675133254e-154,1.000000000000000000e+00,2.350216348675133254e-154,1.000000000000000000e+00
6.508554717770752254e-69,1.000000000000000000e+00,6.508554717770752254e-69,1.000000000000000000e+00
9.352388814067828455e-59,1.000000000000000000e+00,9.352388814067828455e-59,1.000000000000000000e+00
3.019725061982033201e-101,1.000000000000000000e+00,3.019725061982033201e-101,1.000000000000000000e+00
9.999978777076603542e-01,2.122292339732209421e-06,9.999999998999999750e-11,9.999999998999999917e-01
1.000000000000000000e+00,3.019718653241515621e-91,8.310184163049766873e-321,1.000000000000000000e+00
1.000000000000000000e+00,8.310184163049766873e-311,2.078761936316857026e-317,1.000000000000000000e+00
2.078761936316857026e-307,1.000000000000000000e+00,8.393742182415042032e-241,1.000000000000000000e+00
8.393742182415041367e-231,1.000000000000000000e+00,2.868567708349345610e-249,1.000000000000000000e+00
1.000000000000000000e+00,8.393742210874833068e-231,2.418487454746348596e-100,1.000000000000000000e+00
3.869696153037837773e-116,1.000000000000000000e+00,3.869696153037837773e-116,1.000000000000000000e+00
9.525930785982880849e-64,1.000000000000000000e+00,9.525930785982880849e-64,1.000000000000000000e+00
2.350216348675133254e-154,1.000000000000000000e+00,2.350216348675133254e-154,1.000000000000000000e+00
2.900305680487601590e-42,1.000000000000000000e+00,2.900305680487600952e-42,1.000000000000000000e+00
1.807898221838876864e-35,1.000000000000000000e+00,1.807898221838876864e-35,1.000000000000000000e+00
2.418487454746348088e-100,1.000000000000000000e+00,2.418487454746348596e-100,1.000000000000000000e+00
5.646231525212654172e-22,1.000000000000000000e+00,5.646231525212654172e-22,1.000000000000000000e+00
7.552308208795005515e-14,9.999999999999245048e-01,7.552308208795004252e-14,9.999999999999245048e-01
4.701494535626959959e-02,9.529850546437304004e-01,4.701494535626960652e-02,9.529850546437305114e-01
4.238036665501944269e-09,9.999999957619634117e-01,4.238036665501944269e-09,9.999999957619633006e-01
9.999999999954136687e-01,4.586312181167410297e-12,9.999999999954136687e-01,4.586312181167409490e-12
9.999999998528752432e-01,1.471248556222005485e-10,9.999999998528751322e-01,1.471248556222005226e-10
9.452084402548474040e-01,5.479155974515255434e-02,9.452084402548474040e-01,5.479155974515255434e-02
9.999999845245973740e-01,1.547540266019399660e-08,9.999999845245973740e-01,1.547540266019399660e-08
9.999999999910679227e-01,8.932022517283187218e-12,9.999999999910680337e-01,8.932022517283188834e-12
9.978702591859638371e-01,2.129740814036121255e-03,9.978702591859638371e-01,2.129740814036121255e-03
3.397932514560492212e-80,1.000000000000000000e+00,3.397932514560491463e-80,1.000000000000000000e+00
7.552308208795004252e-14,9.999999999999243938e-01,7.552308208795004252e-14,9.999999999999245048e-01
3.118280795817127755e-12,9.999999999968818276e-01,3.118280795817128158e-12,9.999999999968818276e-01
9.525930785982880849e-64,1.000000000000000000e+00,9.525930785982880849e-64,1.000000000000000000e+00
9.999999999941007189e-01,5.899290110926180300e-12,9.999999999941007189e-01,5.899290110926180300e-12
9.438928158119736681e-16,9.999999999999991118e-01,9.438928158119736681e-16,9.999999999999990008e-01
9.999999998528751322e-01,1.471248556222004968e-10,9.999999998528752432e-01,1.471248556222005485e-10
9.999696545150293936e-01,3.034548497055941332e-05,9.999696545150295046e-01,3.034548497055941671e-05
9.999999999937111417e-01,6.288878759535914850e-12,9.999999999937111417e-01,6.288878759535914850e-12
9.999999999720921018e-01,2.790791985147400355e-11,9.999999999720921018e-01,2.790791985147400355e-11
9.999999997909720939e-01,2.090278510371158602e-10,9.999999997909720939e-01,2.090278510371158602e-10
9.999971298270136089e-01,2.870172986448142379e-06,9.999971298270136089e-01,2.870172986448141955e-06
9.999999999899357173e-01,1.006436526557536659e-11,9.999999999899357173e-01,1.006436526557536821e-11
9.999999999955205832e-01,4.479402961216933990e-12,9.999999999955205832e-01,4.479402961216933990e-12
9.999999999948683271e-01,5.131695836195938107e-12,9.999999999948684382e-01,5.131695836195937299e-12
9.999999999899356062e-01,1.006436526557536659e-11,9.999999999899357173e-01,1.006436526557536821e-11
9.999999999899356062e-01,1.006436526557536659e-11,9.999999999899357173e-01,1.006436526557536821e-11
9.999999999899356062e-01,1.006436526557536659e-11,9.999999999899357173e-01,1.006436526557536821e-11
9.999999999899356062e-01,1.006436526557536659e-11,9.999999999899357173e-01,1.006436526557536659e-11
9.999999999899356062e-01,1.006436526557536659e-11,9.999999999899357173e-01,1.006436526557536659e-11
9.999999999899356062e-01,1.006436526557536659e-11,9.999999999899357173e-01,1.006436526557536821e-11
9.999999999955372365e-01,4.462777587683136005e-12,9.999999999955372365e-01,4.462777587683135197e-12
9.999999999899356062e-01,1.006436526557536659e-11,9.999999999899356062e-01,1.006436526557536659e-11
9.999999999933496531e-01,6.650344746761938110e-12,9.999999999933495420e-01,6.650344746761938110e-12
9.999999999952000618e-01,4.800040419931763872e-12,9.999999999952000618e-01,4.800040419931764680e-12
9.999999999908945059e-01,9.105508767062051060e-12,9.999999999908945059e-01,9.105508767062051060e-12
9.999999999949931162e-01,5.006829722137265452e-12,9.999999999949931162e-01,5.006829722137264645e-12
9.999999999899356062e-01,1.006436526557536659e-11,9.999999999899357173e-01,1.006436526557536821e-11
9.999999999899356062e-01,1.006436526557536659e-11,9.999999999899357173e-01,1.006436526557536821e-11
9.999999999913983251e-01,8.601674835606658709e-12,9.999999999913984361e-01,8.601674835606660325e-12
9.999999999955205832e-01,4.479402961216933990e-12,9.999999999955205832e-01,4.479402961216933990e-12
9.999999698367983969e-01,3.016320162128398077e-08,9.999999698367983969e-01,3.016320162128398077e-08
9.999999999955432317e-01,4.456731138890891663e-12,9.999999999955433427e-01,4.456731138890891663e-12
9.999999999899356062e-01,1.006436526557536659e-11,9.999999999899356062e-01,1.006436526557536659e-11
9.999999999899356062e-01,1.006436526557536659e-11,9.999999999899357173e-01,1.006436526557536821e-11
9.999999992258554737e-01,7.741444924958627337e-10,9.999999992258555848e-01,7.741444924958626303e-10
4.701494535626959265e-02,9.529850546437304004e-01,4.701494535626959959e-02,9.529850546437304004e-01
9.999999999720921018e-01,2.790791985147400355e-11,9.999999999720921018e-01,2.790791985147400678e-11
9.998888664507017410e-01,1.111335492982466939e-04,9.998888664507017410e-01,1.111335492982466939e-04
9.999999999905299086e-01,9.470110774942860689e-12,9.999999999905299086e-01,9.470110774942860689e-12
9.999999999954932717e-01,4.506725468249470237e-12,9.999999999954932717e-01,4.506725468249469429e-12
9.999999995101670480e-01,4.898329619689138229e-10,9.999999995101671590e-01,4.898329619689138229e-10
9.999999999899356062e-01,1.006436526557536497e-11,9.999999999899356062e-01,1.006436526557536497e-11
9.999999999809391360e-01,1.906088483044513552e-11,9.999999999809390250e-01,1.906088483044513552e-11
9.999999352164864463e-01,6.478351360295755789e-08,9.999999352164863353e-01,6.478351360295753142e-08
9.999999999720921018e-01,2.790791985147400678e-11,9.999999999720919908e-01,2.790791985147400678e-11
9.999999845245973740e-01,1.547540266019399660e-08,9.999999845245973740e-01,1.547540266019399660e-08
7.552308208795005515e-14,9.999999999999245048e-01,7.552308208795005515e-14,9.999999999999245048e-01
9.999912770566484754e-01,8.722943351540687575e-06,9.999912770566484754e-01,8.722943351540687575e-06
9.978702591859638371e-01,2.129740814036121255e-03,9.978702591859639481e-01,2.129740814036121688e-03
9.999999996834015858e-01,3.165983998486476917e-10,9.999999996834014748e-01,3.165983998486476917e-10
7.171004187937926044e-01,2.828995812062073956e-01,7.171004187937926044e-01,2.828995812062073401e-01
9.999912770566483644e-01,8.722943351540687575e-06,9.999912770566484754e-01,8.722943351540687575e-06
9.999999845245973740e-01,1.547540266019399660e-08,9.999999845245972629e-01,1.547540266019399660e-08
9.999912770566484754e-01,8.722943351540689269e-06,9.999912770566484754e-01,8.722943351540687575e-06
9.999999999941007189e-01,5.899290110926179492e-12,9.999999999941007189e-01,5.899290110926180300e-12
9.999999999954980456e-01,4.502010443801015973e-12,9.999999999954980456e-01,4.502010443801015165e-12
9.999989299898902617e-01,1.070010109734934763e-06,9.999989299898903727e-01,1.070010109734934551e-06
9.999999996834015858e-01,3.165983998486477434e-10,9.999999996834016969e-01,3.165983998486477434e-10
9.999999999720921018e-01,2.790791985147400678e-11,9.999999999720921018e-01,2.790791985147400678e-11
9.999999999954614083e-01,4.538601109276522696e-12,9.999999999954614083e-01,4.538601109276523504e-12
9.999999999899356062e-01,1.006436526557536659e-11,9.999999999899356062e-01,1.006436526557536497e-11
9.999999999915555327e-01,8.444435846311211020e-12,9.999999999915555327e-01,8.444435846311212636e-12
9.999999999955372365e-01,4.462777587683136005e-12,9.999999999955372365e-01,4.462777587683136005e-12
9.999999999926451055e-01,7.354885591091463783e-12,9.999999999926451055e-01,7.354885591091463783e-12
9.999999999927624561e-01,7.237517422417696184e-12,9.999999999927625671e-01,7.237517422417696184e-12
9.999912770566484754e-01,8.722943351540687575e-06,9.999912770566484754e-01,8.722943351540689269e-06
9.012425899552198837e-20,1.000000000000000000e+00,9.012425899552200041e-20,1.000000000000000000e+00
9.999999845245973740e-01,1.547540266019399660e-08,9.999999845245973740e-01,1.547540266019399660e-08
9.999999845245973740e-01,1.547540266019399660e-08,9.999999845245973740e-01,1.547540266019399660e-08
9.999696545150293936e-01,3.034548497055941332e-05,9.999696545150295046e-01,3.034548497055942009e-05
9.999999999720919908e-01,2.790791985147400032e-11,9.999999999720919908e-01,2.790791985147400355e-11
9.999999987502280474e-01,1.249771974258892210e-09,9.999999987502280474e-01,1.249771974258892210e-09
9.999999999948926410e-01,5.107369090437681211e-12,9.999999999948925300e-01,5.107369090437681211e-12
9.999999999203141865e-01,7.968584050879436248e-11,9.999999999203141865e-01,7.968584050879437540e-11
5.075134280289633759e-03,9.949248657197103940e-01,5.075134280289634627e-03,9.949248657197103940e-01
9.999999845245972629e-01,1.547540266019399329e-08,9.999999845245973740e-01,1.547540266019399660e-08
9.452084402548474040e-01,5.479155974515255434e-02,9.452084402548474040e-01,5.479155974515254740e-02
1.909432868908195602e-06,9.999980905671310705e-01,1.909432868908195602e-06,9.999980905671310705e-01
9.999696545150295046e-01,3.034548497055941332e-05,9.999696545150293936e-01,3.034548497055941671e-05
7.171004187937926044e-01,2.828995812062073956e-01,7.171004187937926044e-01,2.828995812062073956e-01
9.999999923441931227e-01,7.655806880159441558e-09,9.999999923441930116e-01,7.655806880159439903e-09
9.999999987502280474e-01,1.249771974258892210e-09,9.999999987502280474e-01,1.249771974258892417e-09
9.999999923441931227e-01,7.655806880159441558e-09,9.999999923441931227e-01,7.655806880159441558e-09
9.999998453444800539e-01,1.546555199387388826e-07,9.999998453444801649e-01,1.546555199387388826e-07
9.999999923441931227e-01,7.655806880159441558e-09,9.999999923441930116e-01,7.655806880159439903e-09
9.999998453444800539e-01,1.546555199387388826e-07,9.999998453444801649e-01,1.546555199387388826e-07
9.999999998902970866e-01,1.097029182933490941e-10,9.999999998902971976e-01,1.097029182933491070e-10
9.999998453444800539e-01,1.546555199387388826e-07,9.999998453444800539e-01,1.546555199387388826e-07
9.999999999650964755e-01,3.490349648693226779e-11,9.999999999650965865e-01,3.490349648693227425e-11
9.999999845245973740e-01,1.547540266019399660e-08,9.999999845245972629e-01,1.547540266019399660e-08
1.911837754375327127e-32,1.000000000000000000e+00,1.911837754375327127e-32,1.000000000000000000e+00
8.282882430991952112e-39,1.000000000000000000e+00,8.282882430991952112e-39,1.000000000000000000e+00
9.999912770566484754e-01,8.722943351540687575e-06,9.999912770566484754e-01,8.722943351540687575e-06
8.282882430991953417e-39,1.000000000000000000e+00,8.282882430991953417e-39,1.000000000000000000e+00
9.999999999411371965e-01,5.886277232111929603e-11,9.999999999411373075e-01,5.886277232111932188e-11
9.999999999837737574e-01,1.622624383836943016e-11,9.999999999837737574e-01,1.622624383836943016e-11
9.012425899552200041e-20,1.000000000000000000e+00,9.012425899552200041e-20,1.000000000000000000e+00
9.999999352164863353e-01,6.478351360295754466e-08,9.999999352164864463e-01,6.478351360295754466e-08
9.999999995101670480e-01,4.898329619689137195e-10,9.999999995101670480e-01,4.898329619689138229e-10
1.024093259736573733e-07,9.999998975906740917e-01,1.024093259736573601e-07,9.999998975906739807e-01
9.012425899552200041e-20,1.000000000000000000e+00,9.012425899552200041e-20,1.000000000000000000e+00
9.999999999542144025e-01,4.578553539551428898e-11,9.999999999542144025e-01,4.578553539551428898e-11
9.999999698367983969e-01,3.016320162128397415e-08,9.999999698367983969e-01,3.016320162128398077e-08
9.999999960903752649e-01,3.909624719461175298e-09,9.999999960903752649e-01,3.909624719461175298e-09
1.413563688463354361e-291,1.000000000000000000e+00,1.413563688463354539e-291,1.000000000000000000e+00
1.413563688463354260e-281,1.000000000000000000e+00,2.142316050022731146e-165,1.000000000000000000e+00
4.600492363018045496e-46,1.000000000000000000e+00,4.600492363018045496e-46,1.000000000000000000e+00
4.701494535626960652e-02,9.529850546437304004e-01,4.701494535626960652e-02,9.529850546437305114e-01
5.075134280289633759e-03,9.949248657197103940e-01,5.075134280289634627e-03,9.949248657197103940e-01
5.075134280289635494e-03,9.949248657197103940e-01,5.075134280289633759e-03,9.949248657197103940e-01
9.887602347579522721e-01,1.123976524204770185e-02,9.887602347579522721e-01,1.123976524204770185e-02
4.600492363018046273e-46,1.000000000000000000e+00,4.600492363018045496e-46,1.000000000000000000e+00
9.999999960903751539e-01,3.909624719461174470e-09,9.999999960903752649e-01,3.909624719461174470e-09
1.280513414466977399e-29,1.000000000000000000e+00,1.280513414466977399e-29,1.000000000000000000e+00
9.452084402548475150e-01,5.479155974515256128e-02,9.452084402548475150e-01,5.479155974515254740e-02
9.999999995101670480e-01,4.898329619689138229e-10,9.999999995101670480e-01,4.898329619689138229e-10
9.999999996834015858e-01,3.165983998486476917e-10,9.999999996834015858e-01,3.165983998486476917e-10
9.999999923441931227e-01,7.655806880159441558e-09,9.999999923441931227e-01,7.655806880159441558e-09
9.999999995101670480e-01,4.898329619689137195e-10,9.999999995101670480e-01,4.898329619689138229e-10
9.999999999809391360e-01,1.906088483044513875e-11,9.999999999809390250e-01,1.906088483044513552e-11
9.999999999411371965e-01,5.886277232111930896e-11,9.999999999411371965e-01,5.886277232111930896e-11
3.205186936486595985e-05,9.999679481306351647e-01,3.205186936486595985e-05,9.999679481306351647e-01
9.999999960903753760e-01,3.909624719461175298e-09,9.999999960903752649e-01,3.909624719461174470e-09
9.999999987502280474e-01,1.249771974258892210e-09,9.999999987502280474e-01,1.249771974258892417e-09
9.999999998528751322e-01,1.471248556222005226e-10,9.999999998528751322e-01,1.471248556222005485e-10
9.452084402548474040e-01,5.479155974515255434e-02,9.452084402548474040e-01,5.479155974515255434e-02
9.999999999946544982e-01,5.345521493438271938e-12,9.999999999946544982e-01,5.345521493438271938e-12
9.999971298270136089e-01,2.870172986448141955e-06,9.999971298270136089e-01,2.870172986448141955e-06
9.999999923441931227e-01,7.655806880159441558e-09,9.999999923441930116e-01,7.655806880159439903e-09
9.999999999948926410e-01,5.107369090437682018e-12,9.999999999948926410e-01,5.107369090437681211e-12
9.887602347579522721e-01,1.123976524204770358e-02,9.887602347579523832e-01,1.123976524204770358e-02
9.999999992258555848e-01,7.741444924958627337e-10,9.999999992258554737e-01,7.741444924958627337e-10
9.999999978183631288e-01,2.181636925044639813e-09,9.999999978183630178e-01,2.181636925044639399e-09
9.999696545150293936e-01,3.034548497055941671e-05,9.999696545150293936e-01,3.034548497055941332e-05
4.238036665501944269e-09,9.999999957619634117e-01,4.238036665501943442e-09,9.999999957619634117e-01
9.999999998528751322e-01,1.471248556222005226e-10,9.999999998528751322e-01,1.471248556222005226e-10
9.999999352164864463e-01,6.478351360295755789e-08,9.999999352164863353e-01,6.478351360295753142e-08
1.024093259736573601e-07,9.999998975906739807e-01,1.024093259736573733e-07,9.999998975906740917e-01
9.999999999773966364e-01,2.260333082440866689e-11,9.999999999773966364e-01,2.260333082440867012e-11
9.999999999837737574e-01,1.622624383836943016e-11,9.999999999837737574e-01,1.622624383836942693e-11
9.999999999894058078e-01,1.059421469870005238e-11,9.999999999894056968e-01,1.059421469870005077e-11
9.999999999879028989e-01,1.209708840225712385e-11,9.999999999879028989e-01,1.209708840225712385e-11
9.999999999952163821e-01,4.783576317964525966e-12,9.999999999952164931e-01,4.783576317964525966e-12
4.701494535626960652e-02,9.529850546437305114e-01,4.701494535626959959e-02,9.529850546437304004e-01
9.999912770566484754e-01,8.722943351540689269e-06,9.999912770566484754e-01,8.722943351540689269e-06
9.452084402548474040e-01,5.479155974515254740e-02,9.452084402548475150e-01,5.479155974515254740e-02
9.999999999906339365e-01,9.366147881026150527e-12,9.999999999906338255e-01,9.366147881026148911e-12
9.998888664507017410e-01,1.111335492982466939e-04,9.998888664507017410e-01,1.111335492982466939e-04
9.995273477505109971e-01,4.726522494890491037e-04,9.995273477505109971e-01,4.726522494890490495e-04
9.999996165722054853e-01,3.834277945064682940e-07,9.999996165722054853e-01,3.834277945064683469e-07
9.999999845245973740e-01,1.547540266019399329e-08,9.999999845245972629e-01,1.547540266019399660e-08
9.999696545150293936e-01,3.034548497055941332e-05,9.999696545150295046e-01,3.034548497055941671e-05
9.999999999955372365e-01,4.462777587683135197e-12,9.999999999955372365e-01,4.462777587683136005e-12
2.900305680487600952e-42,1.000000000000000000e+00,2.900305680487601590e-42,1.000000000000000000e+00
1.909432868908195602e-06,9.999980905671310705e-01,1.909432868908195602e-06,9.999980905671310705e-01
4.109082433261002825e-50,1.000000000000000000e+00,4.109082433261002825e-50,1.000000000000000000e+00
9.438928158119736681e-16,9.999999999999991118e-01,9.438928158119736681e-16,9.999999999999991118e-01
6.508554717770752254e-69,1.000000000000000000e+00,6.508554717770752254e-69,1.000000000000000000e+00
9.999999845245972629e-01,1.547540266019399660e-08,9.999999845245973740e-01,1.547540266019399660e-08
9.999971298270134978e-01,2.870172986448141532e-06,9.999971298270134978e-01,2.870172986448141955e-06
9.999998453444800539e-01,1.546555199387388826e-07,9.999998453444800539e-01,1.546555199387388826e-07
9.999989299898902617e-01,1.070010109734934551e-06,9.999989299898902617e-01,1.070010109734934551e-06
9.452084402548475150e-01,5.479155974515255434e-02,9.452084402548474040e-01,5.479155974515256128e-02
9.999999923441931227e-01,7.655806880159441558e-09,9.999999923441931227e-01,7.655806880159441558e-09
9.999999352164864463e-01,6.478351360295754466e-08,9.999999352164864463e-01,6.478351360295754466e-08
9.999999698367982859e-01,3.016320162128397415e-08,9.999999698367983969e-01,3.016320162128398077e-08
9.999998453444800539e-01,1.546555199387388826e-07,9.999998453444800539e-01,1.546555199387389090e-07
9.998888664507017410e-01,1.111335492982466939e-04,9.998888664507018520e-01,1.111335492982466939e-04
9.999999923441931227e-01,7.655806880159441558e-09,9.999999923441931227e-01,7.655806880159441558e-09
9.999999999946544982e-01,5.345521493438271938e-12,9.999999999946544982e-01,5.345521493438271938e-12
9.999999999953217422e-01,4.678158430719900854e-12,9.999999999953218532e-01,4.678158430719900854e-12
9.998888664507017410e-01,1.111335492982467075e-04,9.998888664507017410e-01,1.111335492982466939e-04
9.999999998902970866e-01,1.097029182933491070e-10,9.999999998902970866e-01,1.097029182933491070e-10
9.999999698367983969e-01,3.016320162128397415e-08,9.999999698367983969e-01,3.016320162128398077e-08
9.999999978183630178e-01,2.181636925044639399e-09,9.999999978183630178e-01,2.181636925044639813e-09
9.999999999954614083e-01,4.538601109276522696e-12,9.999999999954612973e-01,4.538601109276522696e-12
9.999999999928261829e-01,7.173779663402244790e-12,9.999999999928261829e-01,7.173779663402244790e-12
9.999999999908945059e-01,9.105508767062051060e-12,9.999999999908945059e-01,9.105508767062051060e-12
9.999999999720921018e-01,2.790791985147400355e-11,9.999999999720921018e-01,2.790791985147400355e-11
9.999999999916409088e-01,8.359062569314931437e-12,9.999999999916409088e-01,8.359062569314933052e-12
4.701494535626959959e-02,9.529850546437304004e-01,4.701494535626960652e-02,9.529850546437304004e-01
9.999989299898902617e-01,1.070010109734934763e-06,9.999989299898902617e-01,1.070010109734934763e-06
9.999998453444800539e-01,1.546555199387388826e-07,9.999998453444801649e-01,1.546555199387388826e-07
9.998888664507017410e-01,1.111335492982466939e-04,9.998888664507018520e-01,1.111335492982466939e-04
9.995273477505109971e-01,4.726522494890491037e-04,9.995273477505108861e-01,4.726522494890490495e-04
1.280513414466977118e-29,1.000000000000000000e+00,1.280513414466977399e-29,1.000000000000000000e+00
9.995273477505109971e-01,4.726522494890491579e-04,9.995273477505109971e-01,4.726522494890490495e-04
3.118280795817127351e-12,9.999999999968817166e-01,3.118280795817127755e-12,9.999999999968817166e-01
9.999999987502280474e-01,1.249771974258892417e-09,9.999999987502280474e-01,1.249771974258892210e-09
9.998888664507017410e-01,1.111335492982466939e-04,9.998888664507017410e-01,1.111335492982466939e-04
2.800694639660818996e-01,7.199305360339179893e-01,2.800694639660819552e-01,7.199305360339181004e-01
9.995273477505109971e-01,4.726522494890491579e-04,9.995273477505109971e-01,4.726522494890491037e-04
9.999999998528751322e-01,1.471248556222004968e-10,9.999999998528751322e-01,1.471248556222005226e-10
9.999999999879028989e-01,1.209708840225712385e-11,9.999999999879028989e-01,1.209708840225712547e-11
9.999999999203141865e-01,7.968584050879436248e-11,9.999999999203141865e-01,7.968584050879437540e-11
9.999999999937111417e-01,6.288878759535914042e-12,9.999999999937111417e-01,6.288878759535914850e-12
9.999999999411373075e-01,5.886277232111932188e-11,9.999999999411371965e-01,5.886277232111930896e-11
9.999999999928261829e-01,7.173779663402245597e-12,9.999999999928262939e-01,7.173779663402245597e-12
9.999999960903752649e-01,3.909624719461174470e-09,9.999999960903752649e-01,3.909624719461174470e-09
9.999999999203141865e-01,7.968584050879436248e-11,9.999999999203140755e-01,7.968584050879436248e-11
9.999999999650964755e-01,3.490349648693227425e-11,9.999999999650964755e-01,3.490349648693226779e-11
9.999999997909720939e-01,2.090278510371158602e-10,9.999999997909720939e-01,2.090278510371158860e-10
9.999999999906338255e-01,9.366147881026148911e-12,9.999999999906338255e-01,9.366147881026150527e-12
9.999999999941007189e-01,5.899290110926180300e-12,9.999999999941007189e-01,5.899290110926180300e-12
9.999912770566484754e-01,8.722943351540687575e-06,9.999912770566484754e-01,8.722943351540687575e-06
9.999912770566484754e-01,8.722943351540689269e-06,9.999912770566485865e-01,8.722943351540689269e-06
9.999971298270134978e-01,2.870172986448141532e-06,9.999971298270134978e-01,2.870172986448141955e-06
6.877579828310444650e-27,1.000000000000000000e+00,6.877579828310444650e-27,1.000000000000000000e+00
3.307133096660502924e-177,1.000000000000000000e+00,3.307133096660502924e-177,1.000000000000000000e+00
1.729472159156367904e-86,1.000000000000000000e+00,1.729472159156367546e-86,1.000000000000000000e+00
9.999999999203142975e-01,7.968584050879438833e-11,9.999999999203141865e-01,7.968584050879436248e-11
9.999989299898902617e-01,1.070010109734934551e-06,9.999989299898903727e-01,1.070010109734934763e-06
9.999999999203141865e-01,7.968584050879436248e-11,9.999999999203141865e-01,7.968584050879436248e-11
9.999999999955236918e-01,4.476278123312817834e-12,9.999999999955236918e-01,4.476278123312818642e-12
9.995273477505109971e-01,4.726522494890490495e-04,9.995273477505109971e-01,4.726522494890490495e-04
2.800694639660818996e-01,7.199305360339181004e-01,2.800694639660818996e-01,7.199305360339181004e-01
2.800694639660818996e-01,7.199305360339179893e-01,2.800694639660818996e-01,7.199305360339179893e-01
9.887602347579523832e-01,1.123976524204770358e-02,9.887602347579522721e-01,1.123976524204770185e-02
9.999999999954614083e-01,4.538601109276522696e-12,9.999999999954614083e-01,4.538601109276522696e-12
9.999999999773966364e-01,2.260333082440866689e-11,9.999999999773967474e-01,2.260333082440867335e-11
9.438928158119734709e-16,9.999999999999990008e-01,9.438928158119736681e-16,9.999999999999990008e-01
9.999999998902969756e-01,1.097029182933490812e-10,9.999999998902970866e-01,1.097029182933491070e-10
9.999999999936636241e-01,6.336410936240908115e-12,9.999999999936635131e-01,6.336410936240908115e-12
9.999999999918550708e-01,8.144940324079871441e-12,9.999999999918550708e-01,8.144940324079871441e-12
9.999999999899356062e-01,1.006436526557536659e-11,9.999999999899357173e-01,1.006436526557536821e-11
9.012425899552200041e-20,1.000000000000000000e+00,9.012425899552198837e-20,1.000000000000000000e+00
1.909432868908195602e-06,9.999980905671311815e-01,1.909432868908195602e-06,9.999980905671310705e-01
1.280513414466977399e-29,1.000000000000000000e+00,1.280513414466977118e-29,1.000000000000000000e+00
2.660874160976113805e-54,1.000000000000000000e+00,2.660874160976113805e-54,1.000000000000000000e+00
9.352388814067830224e-59,1.000000000000000000e+00,9.352388814067828455e-59,1.000000000000000000e+00
4.600492363018045496e-46,1.000000000000000000e+00,4.600492363018045496e-46,1.000000000000000000e+00
2.900305680487601590e-42,1.000000000000000000e+00,2.900305680487600952e-42,1.000000000000000000e+00
4.600492363018046273e-46,1.000000000000000000e+00,4.600492363018045496e-46,1.000000000000000000e+00
1.280513414466977399e-29,1.000000000000000000e+00,1.280513414466977118e-29,1.000000000000000000e+00
7.552308208795004252e-14,9.999999999999245048e-01,7.552308208795004252e-14,9.999999999999245048e-01
4.237959541171850840e-04,9.995762040458827657e-01,4.237959541171850298e-04,9.995762040458827657e-01
2.411949648358555911e-24,1.000000000000000000e+00,2.411949648358555544e-24,1.000000000000000000e+00
1.807898221838876864e-35,1.000000000000000000e+00,1.807898221838876864e-35,1.000000000000000000e+00
6.508554717770751224e-69,1.000000000000000000e+00,6.508554717770752254e-69,1.000000000000000000e+00
9.999999999944562123e-01,5.543774189712086853e-12,9.999999999944562123e-01,5.543774189712087661e-12
9.999989299898902617e-01,1.070010109734934763e-06,9.999989299898901507e-01,1.070010109734934551e-06
9.999999999720921018e-01,2.790791985147400355e-11,9.999999999720921018e-01,2.790791985147400355e-11
9.999999999899356062e-01,1.006436526557536659e-11,9.999999999899356062e-01,1.006436526557536659e-11
9.999999960903752649e-01,3.909624719461175298e-09,9.999999960903752649e-01,3.909624719461175298e-09
9.999999999955372365e-01,4.462777587683136005e-12,9.999999999955372365e-01,4.462777587683136005e-12
3.118280795817128158e-12,9.999999999968818276e-01,3.118280795817128158e-12,9.999999999968818276e-01
8.800956425886402597e-125,1.000000000000000000e+00,8.800956425886403647e-125,1.000000000000000000e+00
2.165113646084434009e-74,1.000000000000000000e+00,2.165113646084434402e-74,1.000000000000000000e+00
4.600492363018045496e-46,1.000000000000000000e+00,4.600492363018045496e-46,1.000000000000000000e+00
9.999971298270134978e-01,2.870172986448141532e-06,9.999971298270136089e-01,2.870172986448141955e-06
1.911837754375327127e-32,1.000000000000000000e+00,1.911837754375327127e-32,1.000000000000000000e+00
9.999999923441931227e-01,7.655806880159441558e-09,9.999999923441931227e-01,7.655806880159441558e-09
9.999999999650964755e-01,3.490349648693227425e-11,9.999999999650965865e-01,3.490349648693227425e-11
9.999999999650964755e-01,3.490349648693227425e-11,9.999999999650964755e-01,3.490349648693226779e-11
9.999999999411371965e-01,5.886277232111929603e-11,9.999999999411371965e-01,5.886277232111930896e-11
9.452084402548474040e-01,5.479155974515255434e-02,9.452084402548474040e-01,5.479155974515254740e-02
9.999999999953218532e-01,4.678158430719900854e-12,9.999999999953218532e-01,4.678158430719900854e-12
9.999999999203141865e-01,7.968584050879436248e-11,9.999999999203141865e-01,7.968584050879437540e-11
9.999999999203141865e-01,7.968584050879436248e-11,9.999999999203140755e-01,7.968584050879436248e-11
9.999999352164864463e-01,6.478351360295754466e-08,9.999999352164863353e-01,6.478351360295754466e-08
9.999999999809391360e-01,1.906088483044513875e-11,9.999999999809391360e-01,1.906088483044513552e-11
9.999999999946544982e-01,5.345521493438271938e-12,9.999999999946543872e-01,5.345521493438271938e-12
4.600492363018045496e-46,1.000000000000000000e+00,4.600492363018045496e-46,1.000000000000000000e+00
7.171004187967446875e-01,2.828995812032552570e-01,7.171004187967447985e-01,2.828995812032553125e-01
2.411949648341006148e-24,1.000000000000000000e+00,2.411949648341006515e-24,1.000000000000000000e+00
4.109082433261002825e-50,1.000000000000000000e+00,4.109082433290900570e-50,1.000000000000000000e+00
9.999999999949931162e-01,5.006829722137264645e-12,9.999999999949931162e-01,5.006829722100835578e-12
9.999999999879028989e-01,1.209708840234514104e-11,9.999999999879028989e-01,1.209708840234513942e-11
9.999989299898902617e-01,1.070010109742720055e-06,9.999989299898902617e-01,1.070010109742720055e-06
9.999999999905299086e-01,9.470110775011765480e-12,9.999999999905299086e-01,9.470110775011765480e-12
9.999999999913983251e-01,8.601674835606660325e-12,9.999999999913982140e-01,8.601674835669243323e-12
9.999999997909720939e-01,2.090278510340741103e-10,9.999999997909720939e-01,2.090278510340740844e-10
9.999912770566483644e-01,8.722943351604155754e-06,9.999912770566484754e-01,8.722943351604155754e-06
9.999999996834015858e-01,3.165983998486476917e-10,9.999999996834015858e-01,3.165983998486477434e-10
9.999999999949931162e-01,5.006829722137265452e-12,9.999999999949932272e-01,5.006829722137265452e-12
9.999999999923419036e-01,7.658139894249301304e-12,9.999999999923419036e-01,7.658139894305021288e-12
9.999999845245973740e-01,1.547540266030659573e-08,9.999999845245973740e-01,1.547540266041919156e-08
9.999999999411371965e-01,5.886277232026275051e-11,9.999999999411373075e-01,5.886277232069102327e-11
9.999999999905299086e-01,9.470110775080668656e-12,9.999999999905297976e-01,9.470110775080668656e-12
9.999999999953218532e-01,4.678158430719900854e-12,9.999999999953218532e-01,4.678158430685862048e-12
9.999999960903753760e-01,3.909624719432728556e-09,9.999999960903752649e-01,3.909624719432728556e-09
9.999999978183631288e-01,2.181636925044639813e-09,9.999999978183630178e-01,2.181636925044639399e-09
5.075134280252894918e-03,9.949248657197471424e-01,5.075134280252894918e-03,9.949248657197470314e-01
9.452084402548475150e-01,5.479155974515255434e-02,9.452084402548475150e-01,5.479155974515255434e-02
9.999999998902970866e-01,1.097029182941472846e-10,9.999999998902970866e-01,1.097029182941472846e-10
9.999999999950521801e-01,4.947834189859316537e-12,9.999999999950521801e-01,4.947834189859317345e-12
9.999999996834015858e-01,3.165983998463441488e-10,9.999999996834015858e-01,3.165983998463442005e-10
9.999999999954932717e-01,4.506725468151097944e-12,9.999999999954932717e-01,4.506725468151097944e-12
9.999999999953218532e-01,4.678158430719900854e-12,9.999999999953217422e-01,4.678158430719900046e-12
9.999999999939095385e-01,6.090412875496382825e-12,9.999999999939096496e-01,6.090412875496383633e-12
4.237959541171850298e-04,9.995762040458827657e-01,4.237959541141029141e-04,9.995762040458858744e-01
1.024093259729122490e-07,9.999998975906739807e-01,1.024093259729122358e-07,9.999998975906740917e-01
5.646231525253735349e-22,1.000000000000000000e+00,5.646231525253736289e-22,1.000000000000000000e+00
9.999999992258555848e-01,7.741444924902300473e-10,9.999999992258554737e-01,7.741444924958627337e-10
9.999999999906338255e-01,9.366147881026150527e-12,9.999999999906338255e-01,9.366147880958001830e-12
9.999999998528751322e-01,1.471248556232709977e-10,9.999999998528752432e-01,1.471248556232709977e-10
9.999999845245973740e-01,1.547540266008139746e-08,9.999999845245972629e-01,1.547540266008139746e-08
9.999999999944296780e-01,5.570273398680856340e-12,9.999999999944296780e-01,5.570273398680857148e-12
9.999999997909720939e-01,2.090278510340740844e-10,9.999999997909720939e-01,2.090278510340741103e-10
9.999999999953218532e-01,4.678158430719901662e-12,9.999999999953218532e-01,4.678158430719900854e-12
9.999999845245973740e-01,1.547540266008139746e-08,9.999999845245973740e-01,1.547540266008139746e-08
9.995273477505109971e-01,4.726522494890491037e-04,9.995273477505109971e-01,4.726522494890491037e-04
9.999999999879028989e-01,1.209708840216910666e-11,9.999999999879028989e-01,1.209708840216910666e-11
9.999999999922692950e-01,7.730700947493782805e-12,9.999999999922694061e-01,7.730700947493782805e-12
9.999999999955236918e-01,4.476278123280248405e-12,9.999999999955238028e-01,4.476278123280248405e-12
9.999999999938302686e-01,6.169712484105225516e-12,9.999999999938302686e-01,6.169712484105225516e-12
9.999999999905297976e-01,9.470110775080668656e-12,9.999999999905299086e-01,9.470110775080668656e-12
9.999999999899356062e-01,1.006436526564859469e-11,9.999999999899357173e-01,1.006436526564859469e-11
9.999999999899356062e-01,1.006436526564859469e-11,9.999999999899357173e-01,1.006436526564859469e-11
9.999999999947278839e-01,5.272117414920904487e-12,9.999999999947278839e-01,5.272117414920904487e-12
9.999999999899356062e-01,1.006436526557536659e-11,9.999999999899356062e-01,1.006436526564859469e-11
9.999999999935760275e-01,6.423970721660730185e-12,9.999999999935761386e-01,6.423970721660730992e-12
9.999999999944296780e-01,5.570273398640326913e-12,9.999999999944296780e-01,5.570273398680856340e-12
9.999999999943958162e-01,5.604174516265465210e-12,9.999999999943957052e-01,5.604174516224689406e-12
9.999999999946250773e-01,5.374910413988514341e-12,9.999999999946250773e-01,5.374910413988514341e-12
9.999999999899356062e-01,1.006436526564859308e-11,9.999999999899357173e-01,1.006436526564859631e-11
9.999999999949116258e-01,5.088395614284060862e-12,9.999999999949116258e-01,5.088395614284061670e-12
9.999999999953544938e-01,4.645487461568050560e-12,9.999999999953543828e-01,4.645487461568050560e-12
9.999999999941007189e-01,5.899290110969103219e-12,9.999999999941007189e-01,5.899290110969102411e-12
9.999999999899356062e-01,1.006436526564859308e-11,9.999999999899356062e-01,1.006436526564859308e-11
9.999999999899356062e-01,1.006436526564859469e-11,9.999999999899357173e-01,1.006436526564859469e-11
9.999999999954614083e-01,4.538601109243500095e-12,9.999999999954614083e-01,4.538601109243500095e-12
9.999999999947765117e-01,5.223516961363355090e-12,9.999999999947765117e-01,5.223516961363355898e-12
9.999999999954136687e-01,4.586312181134040345e-12,9.999999999954136687e-01,4.586312181134040345e-12
9.999999999913984361e-01,8.601674835606660325e-12,9.999999999913983251e-01,8.601674835606657093e-12
9.999999999899356062e-01,1.006436526564859469e-11,9.999999999899357173e-01,1.006436526564859469e-11
9.999999999899356062e-01,1.006436526564859469e-11,9.999999999899357173e-01,1.006436526564859469e-11
9.999999999899356062e-01,1.006436526564859469e-11,9.999999999899357173e-01,1.006436526564859469e-11
9.999999999955205832e-01,4.479402961216933990e-12,9.999999999955205832e-01,4.479402961216933990e-12
9.999999999910680337e-01,8.932022517543144881e-12,9.999999999910680337e-01,8.932022517543143266e-12
9.999999999922692950e-01,7.730700947550031087e-12,9.999999999922694061e-01,7.730700947550031087e-12
9.999999999919976235e-01,8.002350202690309057e-12,9.999999999919976235e-01,8.002350202690305826e-12
9.999999999915555327e-01,8.444435846249770242e-12,9.999999999915555327e-01,8.444435846249771857e-12
9.999999999916409088e-01,8.359062569314933052e-12,9.999999999916409088e-01,8.359062569254111043e-12
9.999999999929860550e-01,7.013891618774252023e-12,9.999999999929860550e-01,7.013891618774251215e-12
9.999999999908943948e-01,9.105508766929548681e-12,9.999999999908945059e-01,9.105508766929548681e-12
9.999999999899356062e-01,1.006436526564859469e-11,9.999999999899356062e-01,1.006436526564859631e-11
9.999999999913983251e-01,8.601674835544074095e-12,9.999999999913984361e-01,8.601674835544074095e-12
9.999999999954932717e-01,4.506725468151097944e-12,9.999999999954931607e-01,4.506725468151097136e-12
9.999999999949931162e-01,5.006829722064406512e-12,9.999999999949932272e-01,5.006829722064406512e-12
9.999999999953218532e-01,4.678158430787977657e-12,9.999999999953218532e-01,4.678158430787976849e-12
9.999999999947278839e-01,5.272117414997623873e-12,9.999999999947278839e-01,5.272117414997623873e-12
9.999999999929860550e-01,7.013891618774252023e-12,9.999999999929860550e-01,7.013891618774251215e-12
9.999999999954550800e-01,4.544940010514135871e-12,9.999999999954550800e-01,4.544940010514135063e-12
9.999999999950521801e-01,4.947834189751315345e-12,9.999999999950521801e-01,4.947834189751316153e-12
9.999999999942685847e-01,5.731468574141193056e-12,9.999999999942684736e-01,5.731468574141193056e-12
9.999999999936636241e-01,6.336410936333115327e-12,9.999999999936636241e-01,6.336410936333115327e-12
9.999999999954979346e-01,4.502010443768259136e-12,9.999999999954980456e-01,4.502010443768259944e-12
9.999999999939095385e-01,6.090412875540696765e-12,9.999999999939096496e-01,6.090412875540696765e-12
9.999999999951999508e-01,4.800040419861913963e-12,9.999999999951999508e-01,4.800040419861913963e-12
9.999999999955432317e-01,4.456731138761183442e-12,9.999999999955432317e-01,4.456731138761183442e-12
9.999999999954136687e-01,4.586312181134040345e-12,9.999999999954137797e-01,4.586312181134041153e-12
9.999999999944296780e-01,5.570273398680856340e-12,9.999999999944296780e-01,5.570273398680856340e-12
9.999999987502280474e-01,1.249771974222519010e-09,9.999999987502280474e-01,1.249771974222519217e-09
9.999999999894058078e-01,1.059421469908546685e-11,9.999999999894058078e-01,1.059421469908546685e-11
9.999999999773966364e-01,2.260333082440866689e-11,9.999999999773967474e-01,2.260333082440867335e-11
9.999999999952163821e-01,4.783576317929721373e-12,9.999999999952163821e-01,4.783576317929721373e-12
9.999998453444800539e-01,1.546555199409894226e-07,9.999998453444800539e-01,1.546555199409893962e-07
9.999999999720921018e-01,2.790791985147400355e-11,9.999999999720921018e-01,2.790791985147400678e-11
9.999999698367983969e-01,3.016320162172290927e-08,9.999999698367983969e-01,3.016320162172291589e-08
9.999999999954056751e-01,4.594320500626134569e-12,9.999999999954055641e-01,4.594320500626134569e-12
9.999999999928261829e-01,7.173779663558833149e-12,9.999999999928261829e-01,7.173779663611029538e-12
9.999999999916409088e-01,8.359062569314933052e-12,9.999999999916410198e-01,8.359062569314931437e-12
9.999999999860557098e-01,1.394431753157710640e-11,9.999999999860557098e-01,1.394431753167856366e-11
9.999999999954136687e-01,4.586312181134040345e-12,9.999999999954136687e-01,4.586312181100670393e-12
9.999999999773967474e-01,2.260333082440867335e-11,9.999999999773967474e-01,2.260333082440866689e-11
9.999999997909720939e-01,2.090278510355949852e-10,9.999999997909720939e-01,2.090278510355949594e-10
1.831224597351457207e-200,1.000000000000000000e+00,1.831224597351457207e-200,1.000000000000000000e+00
1.000000000000000000e+00,2.435769410017015279e-95,5.592733038423038714e-233,1.000000000000000000e+00
1.911837754375326853e-32,1.000000000000000000e+00,1.911837754389237477e-32,1.000000000000000000e+00
3.869696153065993173e-116,1.000000000000000000e+00,3.869696153065993173e-116,1.000000000000000000e+00
4.109082433350695585e-50,1.000000000000000000e+00,4.109082433320798315e-50,1.000000000000000000e+00
6.877579828310444650e-27,1.000000000000000000e+00,6.877579828310446085e-27,1.000000000000000000e+00
2.165113646084434009e-74,1.000000000000000000e+00,2.165113646084434402e-74,1.000000000000000000e+00
3.205186936533235652e-05,9.999679481306346096e-01,3.205186936533236330e-05,9.999679481306347206e-01
7.891091843309953324e-190,1.000000000000000000e+00,7.891091843309954321e-190,1.000000000000000000e+00
9.999999923441931227e-01,7.655806880103737561e-09,9.999999923441931227e-01,7.655806880159441558e-09
9.999999998902970866e-01,1.097029182933491070e-10,9.999999998902970866e-01,1.097029182933490941e-10
9.999999999952163821e-01,4.783576317929720565e-12,9.999999999952164931e-01,4.783576317929720565e-12
9.999696545150300597e-01,3.034548496989705727e-05,9.999696545150300597e-01,3.034548496989705388e-05
1.331061532841260863e-10,9.999999998668939183e-01,1.331061532841260863e-10,9.999999998668938073e-01
9.999999698367983969e-01,3.016320162172290927e-08,9.999999698367983969e-01,3.016320162172290927e-08
9.999996165722054853e-01,3.834277945036785380e-07,9.999996165722055963e-01,3.834277945036785380e-07
9.999996165722054853e-01,3.834277945036785380e-07,9.999996165722054853e-01,3.834277945036785380e-07
4.600492362951099853e-46,1.000000000000000000e+00,4.600492362951099853e-46,1.000000000000000000e+00
2.411949648288358695e-24,1.000000000000000000e+00,2.411949648288358695e-24,1.000000000000000000e+00
9.999696545150301707e-01,3.034548496989706066e-05,9.999696545150300597e-01,3.034548496989705727e-05
7.171004187908405214e-01,2.828995812091594786e-01,7.171004187908405214e-01,2.828995812091594786e-01
1.729472159156367546e-86,1.000000000000000000e+00,1.729472159156367546e-86,1.000000000000000000e+00
9.999999845245972629e-01,1.547540266008139746e-08,9.999999845245973740e-01,1.547540266008139746e-08
9.999999999953218532e-01,4.678158430787977657e-12,9.999999999953219643e-01,4.678158430787977657e-12
9.999999978183631288e-01,2.181636924997019025e-09,9.999999978183631288e-01,2.181636924997019025e-09
9.999999999837737574e-01,1.622624383860555145e-11,9.999999999837738685e-01,1.622624383860555145e-11
9.999971298270134978e-01,2.870172986510791053e-06,9.999971298270134978e-01,2.870172986510791476e-06
9.999999960903752649e-01,3.909624719375835901e-09,9.999999960903752649e-01,3.909624719375836728e-09
9.999999999860557098e-01,1.394431753157710640e-11,9.999999999860557098e-01,1.394431753157710479e-11
2.800694639587466561e-01,7.199305360412533439e-01,2.800694639587466561e-01,7.199305360412533439e-01
9.999999999879030099e-01,1.209708840216910828e-11,9.999999999879028989e-01,1.209708840216910505e-11
9.999999999894058078e-01,1.059421469908546685e-11,9.999999999894056968e-01,1.059421469908546523e-11
9.999999999937111417e-01,6.288878759581672316e-12,9.999999999937111417e-01,6.288878759581673124e-12
4.701494535626959265e-02,9.529850546437304004e-01,4.701494535626959959e-02,9.529850546437304004e-01
9.999999978183630178e-01,2.181636924997019025e-09,9.999999978183631288e-01,2.181636924997019025e-09
9.999989299898902617e-01,1.070010109750505346e-06,9.999989299898902617e-01,1.070010109750505346e-06
9.999999960903752649e-01,3.909624719375835901e-09,9.999999960903752649e-01,3.909624719375836728e-09
9.999998453444801649e-01,1.546555199409894226e-07,9.999998453444800539e-01,1.546555199409894226e-07
9.999999999933496531e-01,6.650344746568388348e-12,9.999999999933496531e-01,6.650344746616776799e-12
9.999989299898901507e-01,1.070010109758290638e-06,9.999989299898902617e-01,1.070010109750505346e-06
9.999999987502280474e-01,1.249771974222519217e-09,9.999999987502279364e-01,1.249771974222519010e-09
9.999999999955432317e-01,4.456731138761183442e-12,9.999999999955433427e-01,4.456731138761184250e-12
9.999999999937111417e-01,6.288878759673187249e-12,9.999999999937110307e-01,6.288878759673187249e-12
9.995273477505143278e-01,4.726522494856116949e-04,9.995273477505144388e-01,4.726522494856116949e-04
9.999999923441931227e-01,7.655806880159441558e-09,9.999999923441931227e-01,7.655806880159441558e-09
9.999999999894058078e-01,1.059421469908546685e-11,9.999999999894058078e-01,1.059421469908546685e-11
9.999999992258554737e-01,7.741444925240259588e-10,9.999999992258554737e-01,7.741444925240257520e-10
9.999999987502280474e-01,1.249771974222519217e-09,9.999999987502280474e-01,1.249771974222519010e-09
9.999999999879028989e-01,1.209708840216910505e-11,9.999999999879028989e-01,1.209708840216910828e-11
9.999999992258554737e-01,7.741444925240259588e-10,9.999999992258554737e-01,7.741444925240259588e-10
9.999999999923419036e-01,7.658139894137859719e-12,9.999999999923419036e-01,7.658139894137859719e-12
9.999999999773966364e-01,2.260333082440866689e-11,9.999999999773967474e-01,2.260333082440867335e-11
9.999999995101670480e-01,4.898329619653497084e-10,9.999999995101669370e-01,4.898329619653496050e-10
9.999999999809391360e-01,1.906088483044513552e-11,9.999999999809390250e-01,1.906088483044513228e-11
9.999998453444800539e-01,1.546555199398641394e-07,9.999998453444800539e-01,1.546555199398641658e-07
9.999999999953544938e-01,4.645487461601850258e-12,9.999999999953546048e-01,4.645487461601851874e-12
9.999999999952834395e-01,4.716556624748106862e-12,9.999999999952834395e-01,4.716556624748106862e-12
9.999999999894058078e-01,1.059421469908546847e-11,9.999999999894056968e-01,1.059421469908546685e-11
9.999999960903752649e-01,3.909624719404282642e-09,9.999999960903752649e-01,3.909624719404282642e-09
3.118280795839816252e-12,9.999999999968817166e-01,3.118280795839816656e-12,9.999999999968818276e-01
9.999999999860557098e-01,1.394431753147564753e-11,9.999999999860557098e-01,1.394431753147564753e-11
9.999999999773966364e-01,2.260333082440866689e-11,9.999999999773966364e-01,2.260333082440867012e-11
9.999999999946544982e-01,5.345521493554952872e-12,9.999999999946544982e-01,5.345521493554952872e-12
9.999999999411373075e-01,5.886277232026275051e-11,9.999999999411371965e-01,5.886277232026273758e-11
9.999999999952163821e-01,4.783576317964525966e-12,9.999999999952163821e-01,4.783576317964526774e-12
9.999999352164864463e-01,6.478351360390026586e-08,9.999999352164863353e-01,6.478351360390026586e-08
4.701494535626960652e-02,9.529850546437304004e-01,4.701494535626959959e-02,9.529850546437305114e-01
1.911837754403147828e-32,1.000000000000000000e+00,1.911837754403147828e-32,1.000000000000000000e+00
4.238036665440272164e-09,9.999999957619633006e-01,4.238036665440272164e-09,9.999999957619634117e-01
9.438928158257091170e-16,9.999999999999990008e-01,9.438928158257089198e-16,9.999999999999990008e-01
1.729472159168951123e-86,1.000000000000000000e+00,1.729472159168951123e-86,1.000000000000000000e+00
3.802272892172646540e-93,1.000000000000000000e+00,3.802272892172646540e-93,1.000000000000000000e+00
2.411949648305907724e-24,1.000000000000000000e+00,2.411949648305908091e-24,1.000000000000000000e+00
9.999999987502280474e-01,1.249771974222519010e-09,9.999999987502280474e-01,1.249771974222519010e-09
9.999999987502280474e-01,1.249771974222519010e-09,9.999999987502280474e-01,1.249771974222519217e-09
9.999999999952163821e-01,4.783576317964526774e-12,9.999999999952163821e-01,4.783576317964525966e-12
9.998888664507008528e-01,1.111335492990551970e-04,9.998888664507009638e-01,1.111335492990552106e-04
6.877579828310446085e-27,1.000000000000000000e+00,6.877579828310446085e-27,1.000000000000000000e+00
6.045497240068945684e-108,1.000000000000000000e+00,6.045497240068946441e-108,1.000000000000000000e+00
6.045497240068946441e-108,1.000000000000000000e+00,6.045497240068946441e-108,1.000000000000000000e+00
9.352388813999779979e-59,1.000000000000000000e+00,9.352388813999781748e-59,1.000000000000000000e+00
3.869696153065993173e-116,1.000000000000000000e+00,3.869696153065993173e-116,1.000000000000000000e+00
6.045497240068945684e-108,1.000000000000000000e+00,6.045497240068946441e-108,1.000000000000000000e+00
9.352388813999779979e-59,1.000000000000000000e+00,9.352388813999781748e-59,1.000000000000000000e+00
9.525930785982882198e-64,1.000000000000000000e+00,9.525930785982880849e-64,1.000000000000000000e+00
1.911837754403147828e-32,1.000000000000000000e+00,1.911837754403147828e-32,1.000000000000000000e+00
9.999999923441931227e-01,7.655806880159439903e-09,9.999999923441931227e-01,7.655806880159441558e-09
9.999999999918550708e-01,8.144940324198395760e-12,9.999999999918550708e-01,8.144940324198397376e-12
9.999999999899356062e-01,1.006436526586827738e-11,9.999999999899357173e-01,1.006436526586827738e-11
9.999999999913983251e-01,8.601674835669244939e-12,9.999999999913984361e-01,8.601674835669244939e-12
9.999999999913983251e-01,8.601674835669244939e-12,9.999999999913983251e-01,8.601674835669243323e-12
9.999999999542145135e-01,4.578553539551430190e-11,9.999999999542145135e-01,4.578553539551430190e-11
9.999999960903752649e-01,3.909624719404281815e-09,9.999999960903752649e-01,3.909624719404281815e-09
9.999999999899356062e-01,1.006436526586827738e-11,9.999999999899356062e-01,1.006436526586827738e-11
9.999999999918550708e-01,8.144940324198395760e-12,9.999999999918550708e-01,8.144940324198397376e-12
8.282882430931687010e-39,1.000000000000000000e+00,8.282882430931687010e-39,1.000000000000000000e+00
6.877579828310446085e-27,1.000000000000000000e+00,6.877579828310446085e-27,1.000000000000000000e+00
5.075134280179418103e-03,9.949248657198206391e-01,5.075134280179417236e-03,9.949248657198205281e-01
9.999999923441931227e-01,7.655806880159441558e-09,9.999999923441931227e-01,7.655806880159441558e-09
4.238036665440272164e-09,9.999999957619634117e-01,4.238036665440272164e-09,9.999999957619633006e-01
7.552308208795005515e-14,9.999999999999245048e-01,7.552308208795004252e-14,9.999999999999245048e-01
6.508554717818108754e-69,1.000000000000000000e+00,6.508554717818107724e-69,1.000000000000000000e+00
7.552308208795004252e-14,9.999999999999245048e-01,7.552308208795004252e-14,9.999999999999245048e-01
9.999999999954057861e-01,4.594320500626135377e-12,9.999999999954056751e-01,4.594320500626134569e-12
9.999999999953544938e-01,4.645487461601851066e-12,9.999999999953544938e-01,4.645487461601851874e-12
9.999996165722054853e-01,3.834277945036785380e-07,9.999996165722054853e-01,3.834277945036785380e-07
9.999999999952834395e-01,4.716556624748106862e-12,9.999999999952834395e-01,4.716556624748106862e-12
9.999999999922692950e-01,7.730700947606279369e-12,9.999999999922692950e-01,7.730700947606279369e-12
9.999999999899356062e-01,1.006436526586827738e-11,9.999999999899356062e-01,1.006436526586827738e-11
9.999999999899356062e-01,1.006436526586827738e-11,9.999999999899357173e-01,1.006436526586827900e-11
9.999999999923986360e-01,7.601346801630825643e-12,9.999999999923986360e-01,7.601346801630825643e-12
9.999999999945707874e-01,5.429193516044923935e-12,9.999999999945708984e-01,5.429193516044923935e-12
9.999999978183631288e-01,2.181636924997019025e-09,9.999999978183630178e-01,2.181636924997019025e-09
9.999999998528751322e-01,1.471248556243414470e-10,9.999999998528751322e-01,1.471248556243414729e-10
9.999999999879028989e-01,1.209708840216910666e-11,9.999999999879028989e-01,1.209708840216910666e-11
9.999999999899356062e-01,1.006436526586827738e-11,9.999999999899357173e-01,1.006436526586827900e-11
9.999999999908945059e-01,9.105508767062052676e-12,9.999999999908945059e-01,9.105508767062051060e-12
9.999999999954550800e-01,4.544940010447997773e-12,9.999999999954551910e-01,4.544940010447998581e-12
9.999999999946250773e-01,5.374910414144944373e-12,9.999999999946250773e-01,5.374910414144944373e-12
9.999999999894058078e-01,1.059421469908546847e-11,9.999999999894058078e-01,1.059421469908546685e-11
9.999999999899356062e-01,1.006436526586827738e-11,9.999999999899356062e-01,1.006436526586827900e-11
9.999999999899356062e-01,1.006436526586827738e-11,9.999999999899357173e-01,1.006436526586828062e-11
9.999999999945707874e-01,5.429193516044923935e-12,9.999999999945708984e-01,5.429193516044924743e-12
9.999999992258554737e-01,7.741444925240259588e-10,9.999999992258554737e-01,7.741444925240259588e-10
9.999999999913983251e-01,8.601674835669244939e-12,9.999999999913983251e-01,8.601674835669244939e-12
9.999999999899356062e-01,1.006436526586827738e-11,9.999999999899357173e-01,1.006436526586827900e-11
9.999999999411371965e-01,5.886277232026273758e-11,9.999999999411371965e-01,5.886277232026275051e-11
9.999999999809391360e-01,1.906088483044513552e-11,9.999999999809390250e-01,1.906088483044513552e-11
9.999999999899356062e-01,1.006436526579504928e-11,9.999999999899357173e-01,1.006436526572182279e-11
9.999999999899356062e-01,1.006436526586827738e-11,9.999999999899357173e-01,1.006436526586828062e-11
9.999999999954614083e-01,4.538601109177454893e-12,9.999999999954614083e-01,4.538601109177455701e-12
9.999999999203141865e-01,7.968584051285289830e-11,9.999999999203141865e-01,7.968584051285289830e-11
9.999999999943958162e-01,5.604174516183913602e-12,9.999999999943958162e-01,5.604174516183914410e-12
9.999999999899356062e-01,1.006436526586827738e-11,9.999999999899356062e-01,1.006436526586827738e-11
9.999999999899356062e-01,1.006436526586827738e-11,9.999999999899357173e-01,1.006436526586827900e-11
9.999999999542145135e-01,4.578553539551430190e-11,9.999999999542144025e-01,4.578553539551430190e-11
9.999999999899356062e-01,1.006436526586827900e-11,9.999999999899356062e-01,1.006436526586827900e-11
9.999999999919976235e-01,8.002350202399185103e-12,9.999999999919976235e-01,8.002350202399183487e-12
9.999999999950521801e-01,4.947834189751315345e-12,9.999999999950520690e-01,4.947834189751315345e-12
9.999999999954979346e-01,4.502010443702746270e-12,9.999999999954980456e-01,4.502010443702746270e-12
9.999999999899356062e-01,1.006436526586827738e-11,9.999999999899356062e-01,1.006436526586827738e-11
9.999999992258554737e-01,7.741444925183932724e-10,9.999999992258555848e-01,7.741444925183932724e-10
6.877579828310446085e-27,1.000000000000000000e+00,6.877579828310446085e-27,1.000000000000000000e+00
9.999999998902970866e-01,1.097029182949454881e-10,9.999999998902970866e-01,1.097029182949454881e-10
1.024093259714220005e-07,9.999998975906740917e-01,1.024093259714220005e-07,9.999998975906740917e-01
1.280513414466977118e-29,1.000000000000000000e+00,1.280513414466977399e-29,1.000000000000000000e+00
9.999999995101670480e-01,4.898329619653497084e-10,9.999999995101669370e-01,4.898329619653497084e-10
4.238036665440272164e-09,9.999999957619633006e-01,4.238036665440272164e-09,9.999999957619631896e-01
8.282882431052218519e-39,1.000000000000000000e+00,8.282882431052219824e-39,1.000000000000000000e+00
7.171004187878884384e-01,2.828995812121115616e-01,7.171004187878883274e-01,2.828995812121115616e-01
9.999999995101669370e-01,4.898329619653497084e-10,9.999999995101670480e-01,4.898329619653497084e-10
9.999999923441931227e-01,7.655806880270847897e-09,9.999999923441932337e-01,7.655806880270847897e-09
9.999999999953218532e-01,4.678158430753938851e-12,9.999999999953218532e-01,4.678158430753938044e-12
9.999999999650964755e-01,3.490349648769413991e-11,9.999999999650964755e-01,3.490349648769413991e-11
9.999999999941007189e-01,5.899290110926179492e-12,9.999999999941008300e-01,5.899290110926180300e-12
9.978702591859948123e-01,2.129740814005195906e-03,9.978702591859948123e-01,2.129740814005195472e-03
6.045497240024959242e-108,1.000000000000000000e+00,6.045497240024959242e-108,1.000000000000000000e+00
2.418487454728751522e-100,1.000000000000000000e+00,2.418487454728751522e-100,1.000000000000000000e+00
2.660874161053555074e-54,1.000000000000000000e+00,2.660874161053555654e-54,1.000000000000000000e+00
1.000000000000000000e+00,2.660874161092276354e-44,2.092192652296878269e-291,1.000000000000000000e+00
1.000000000000000000e+00,2.092192652312100945e-281,1.329140831224158876e-59,1.000000000000000000e+00
1.000000000000000000e+00,1.329140831233829536e-49,9.454283421639606677e-249,1.000000000000000000e+00
1.000000000000000000e+00,9.454283421708396170e-239,1.767442545176452349e-66,1.000000000000000000e+00
1.000000000000000000e+00,1.767442545176452250e-56,1.767442544996414537e-66,1.000000000000000000e+00
1.000000000000000000e+00,1.767442545022134196e-56,3.869696153094149137e-116,1.000000000000000000e+00
9.352388813931733272e-59,1.000000000000000000e+00,9.352388813931733272e-59,1.000000000000000000e+00
2.660874161053555654e-54,1.000000000000000000e+00,2.660874161053555654e-54,1.000000000000000000e+00
9.999912770566482534e-01,8.722943351604155754e-06,9.999912770566484754e-01,8.722943351604157448e-06
9.978702591859948123e-01,2.129740814005195472e-03,9.978702591859949234e-01,2.129740814005195472e-03
9.999999992258555848e-01,7.741444925183932724e-10,9.999999992258554737e-01,7.741444925183932724e-10
9.999999698367983969e-01,3.016320162172290927e-08,9.999999698367983969e-01,3.016320162172290927e-08
9.999999999411371965e-01,5.886277231940617913e-11,9.999999999411373075e-01,5.886277231940617913e-11
9.999999999950521801e-01,4.947834189751315345e-12,9.999999999950521801e-01,4.947834189751315345e-12
9.999999999928261829e-01,7.173779663663225927e-12,9.999999999928262939e-01,7.173779663663226735e-12
9.999999998902970866e-01,1.097029182949454881e-10,9.999999998902970866e-01,1.097029182949454752e-10
7.552308208795005515e-14,9.999999999999245048e-01,7.552308208795005515e-14,9.999999999999245048e-01
1.331061532841260863e-10,9.999999998668938073e-01,1.331061532841260863e-10,9.999999998668938073e-01
9.995273477505177695e-01,4.726522494821742862e-04,9.995273477505178805e-01,4.726522494821743404e-04
9.998888664507001867e-01,1.111335492998637273e-04,9.998888664507001867e-01,1.111335492998637273e-04
4.237959541079384116e-04,9.995762040458920916e-01,4.237959541079384116e-04,9.995762040458919806e-01
9.999696545150301707e-01,3.034548496989706066e-05,9.999696545150301707e-01,3.034548496989706066e-05
3.205186936509915141e-05,9.999679481306348316e-01,3.205186936509915818e-05,9.999679481306349427e-01
9.438928158394447631e-16,9.999999999999991118e-01,9.438928158394445658e-16,9.999999999999990008e-01
9.998888664507001867e-01,1.111335492998637273e-04,9.998888664507000756e-01,1.111335492998637137e-04
9.999999996834015858e-01,3.165983998486476917e-10,9.999999996834015858e-01,3.165983998486477434e-10
7.552308208795004252e-14,9.999999999999245048e-01,7.552308208795005515e-14,9.999999999999245048e-01
1.911837754403147828e-32,1.000000000000000000e+00,1.911837754403147828e-32,1.000000000000000000e+00
9.525930785913570199e-64,1.000000000000000000e+00,9.525930785913570199e-64,1.000000000000000000e+00
7.450182356820593246e-192,1.000000000000000000e+00,7.450182356820593246e-192,1.000000000000000000e+00
1.000000000000000000e+00,1.628376342257624191e-83,2.868567708286730604e-249,1.000000000000000000e+00
3.802272892144981297e-93,1.000000000000000000e+00,3.802272892144981297e-93,1.000000000000000000e+00
8.800956425694297582e-125,1.000000000000000000e+00,8.800956425694297582e-125,1.000000000000000000e+00
1.000000000000000000e+00,8.800956425630260698e-115,5.592733038382346207e-233,1.000000000000000000e+00
1.000000000000000000e+00,5.592733038341653165e-223,2.329334123144883846e-181,1.000000000000000000e+00
1.000000000000000000e+00,1.388226381453779681e-74,5.563929559873504546e-293,1.000000000000000000e+00
1.000000000000000000e+00,2.329334123127935471e-171,9.999999998999999750e-11,9.999999998999999917e-01
5.000000000000000000e-01,5.000000000000000000e-01,6.601060310505686244e-192,1.000000000000000000e+00
1.000000000000000000e+00,6.601060310409628210e-182,3.047454300785636517e-70,1.000000000000000000e+00
2.660873850570716626e-54,1.000000000000000000e+00,2.660874161053555654e-54,1.000000000000000000e+00
2.411949648323457119e-24,1.000000000000000000e+00,2.411949648323457119e-24,1.000000000000000000e+00
2.411949648323457119e-24,1.000000000000000000e+00,2.411949648323457119e-24,1.000000000000000000e+00
5.502033506859028860e-285,1.000000000000000000e+00,5.502033506859029606e-285,1.000000000000000000e+00
2.411949648323457119e-24,1.000000000000000000e+00,2.411949648323457119e-24,1.000000000000000000e+00
6.877579828310446085e-27,1.000000000000000000e+00,6.877579828310446085e-27,1.000000000000000000e+00
4.600492362951099075e-46,1.000000000000000000e+00,4.600492362951099853e-46,1.000000000000000000e+00
1.474534726293192859e-128,1.000000000000000000e+00,1.474534726293192859e-128,1.000000000000000000e+00
1.000000000000000000e+00,1.474534726293192841e-118,1.181804777819438813e-316,1.000000000000000000e+00
1.000000000000000000e+00,1.181804777819438813e-306,9.811594277653515541e-197,1.000000000000000000e+00
9.811594277796292867e-187,1.000000000000000000e+00,2.075747957418224686e-152,1.000000000000000000e+00
9.012425899421051434e-20,1.000000000000000000e+00,9.012425899421051434e-20,1.000000000000000000e+00
2.411949648323457119e-24,1.000000000000000000e+00,2.411949648323457119e-24,1.000000000000000000e+00
3.397932514634661201e-80,1.000000000000000000e+00,3.397932514634661201e-80,1.000000000000000000e+00
2.418487454728752030e-100,1.000000000000000000e+00,2.418487454728751522e-100,1.000000000000000000e+00
1.911837754403147828e-32,1.000000000000000000e+00,1.911837754403147828e-32,1.000000000000000000e+00
3.397932514634661201e-80,1.000000000000000000e+00,3.397932514634661201e-80,1.000000000000000000e+00
5.646231525335899583e-22,1.000000000000000000e+00,5.646231525335899583e-22,1.000000000000000000e+00
6.877579828310446085e-27,1.000000000000000000e+00,6.877579828310446085e-27,1.000000000000000000e+00
4.237959541079384658e-04,9.995762040458920916e-01,4.237959541079384658e-04,9.995762040458920916e-01
6.508554717818107724e-69,1.000000000000000000e+00,6.508554717818108754e-69,1.000000000000000000e+00
2.900305680529806418e-42,1.000000000000000000e+00,2.900305680529806418e-42,1.000000000000000000e+00
9.012425899421050230e-20,1.000000000000000000e+00,9.012425899421051434e-20,1.000000000000000000e+00
1.331061532841260863e-10,9.999999998668939183e-01,1.331061532841260863e-10,9.999999998668938073e-01
1.807898221812568574e-35,1.000000000000000000e+00,1.807898221812568574e-35,1.000000000000000000e+00
9.887602347579522721e-01,1.123976524204770358e-02,9.887602347579522721e-01,1.123976524204770358e-02
1.909432868935981247e-06,9.999980905671310705e-01,1.909432868935981247e-06,9.999980905671310705e-01
4.237959541079383574e-04,9.995762040458919806e-01,4.237959541079384658e-04,9.995762040458920916e-01
9.352388813931735041e-59,1.000000000000000000e+00,9.352388813931733272e-59,1.000000000000000000e+00
9.012425899421051434e-20,1.000000000000000000e+00,9.012425899421051434e-20,1.000000000000000000e+00
7.171004187878884384e-01,2.828995812121116171e-01,7.171004187878883274e-01,2.828995812121115616e-01
7.552308208795004252e-14,9.999999999999243938e-01,7.552308208795005515e-14,9.999999999999245048e-01
1.204632648630328597e-17,1.000000000000000000e+00,1.204632648630328443e-17,1.000000000000000000e+00
1.331061532841261122e-10,9.999999998668939183e-01,1.331061532841260863e-10,9.999999998668938073e-01
7.552308208795005515e-14,9.999999999999245048e-01,7.552308208795005515e-14,9.999999999999245048e-01
3.205186936509915818e-05,9.999679481306349427e-01,3.205186936509915818e-05,9.999679481306349427e-01
4.237959541079384658e-04,9.995762040458920916e-01,4.237959541079384658e-04,9.995762040458919806e-01
9.525930785913570199e-64,1.000000000000000000e+00,9.525930785913570199e-64,1.000000000000000000e+00
1.807898221812568574e-35,1.000000000000000000e+00,1.807898221812568574e-35,1.000000000000000000e+00
2.411949648323457119e-24,1.000000000000000000e+00,2.411949648323457119e-24,1.000000000000000000e+00
3.205186936509915818e-05,9.999679481306349427e-01,3.205186936509915818e-05,9.999679481306349427e-01
3.205186936509915141e-05,9.999679481306348316e-01,3.205186936509915818e-05,9.999679481306349427e-01
9.452084402540938957e-01,5.479155974590618761e-02,9.452084402540937846e-01,5.479155974590618761e-02
2.411949648323457119e-24,1.000000000000000000e+00,2.411949648323457119e-24,1.000000000000000000e+00
9.978702591859947013e-01,2.129740814005195472e-03,9.978702591859948123e-01,2.129740814005195906e-03
1.909432868935981671e-06,9.999980905671310705e-01,1.909432868935981671e-06,9.999980905671310705e-01
9.438928158394445658e-16,9.999999999999991118e-01,9.438928158394445658e-16,9.999999999999990008e-01
4.109082433380593329e-50,1.000000000000000000e+00,4.109082433380593329e-50,1.000000000000000000e+00
1.909432868935981247e-06,9.999980905671310705e-01,1.909432868935981671e-06,9.999980905671310705e-01
7.552308208795005515e-14,9.999999999999246159e-01,7.552308208795004252e-14,9.999999999999245048e-01
9.438928158394445658e-16,9.999999999999990008e-01,9.438928158394445658e-16,9.999999999999991118e-01
2.411949648323457487e-24,1.000000000000000000e+00,2.411949648323457119e-24,1.000000000000000000e+00
7.552308208795004252e-14,9.999999999999245048e-01,7.552308208795004252e-14,9.999999999999245048e-01
1.807898221812568574e-35,1.000000000000000000e+00,1.807898221812568574e-35,1.000000000000000000e+00
6.877579828310444650e-27,1.000000000000000000e+00,6.877579828310446085e-27,1.000000000000000000e+00
9.438928158394445658e-16,9.999999999999990008e-01,9.438928158394445658e-16,9.999999999999991118e-01
1.807898221812568574e-35,1.000000000000000000e+00,1.807898221812568574e-35,1.000000000000000000e+00
4.109082433380592854e-50,1.000000000000000000e+00,4.109082433380593329e-50,1.000000000000000000e+00
1.204632648630328443e-17,1.000000000000000000e+00,1.204632648630328443e-17,1.000000000000000000e+00
2.900305680529806418e-42,1.000000000000000000e+00,2.900305680529806418e-42,1.000000000000000000e+00
2.350216348743533511e-154,1.000000000000000000e+00,2.350216348743533511e-154,1.000000000000000000e+00
1.911837754403147828e-32,1.000000000000000000e+00,1.911837754403147828e-32,1.000000000000000000e+00
3.802272892144981297e-93,1.000000000000000000e+00,3.802272892144981297e-93,1.000000000000000000e+00
2.900305680529806418e-42,1.000000000000000000e+00,2.900305680529806418e-42,1.000000000000000000e+00
2.165113646115940964e-74,1.000000000000000000e+00,2.165113646115940571e-74,1.000000000000000000e+00
2.900305680529806418e-42,1.000000000000000000e+00,2.900305680529806418e-42,1.000000000000000000e+00
1.911837754403147828e-32,1.000000000000000000e+00,1.911837754403147828e-32,1.000000000000000000e+00
4.600492362951099853e-46,1.000000000000000000e+00,4.600492362951099853e-46,1.000000000000000000e+00
1.807898221812568574e-35,1.000000000000000000e+00,1.807898221812568574e-35,1.000000000000000000e+00
9.525930785913571548e-64,1.000000000000000000e+00,9.525930785913570199e-64,1.000000000000000000e+00
9.999696545150301707e-01,3.034548496989706066e-05,9.999696545150300597e-01,3.034548496989705727e-05
8.282882431052217214e-39,1.000000000000000000e+00,8.282882431052219824e-39,1.000000000000000000e+00
9.012425899421051434e-20,1.000000000000000000e+00,9.012425899421051434e-20,1.000000000000000000e+00
6.045497240024959242e-108,1.000000000000000000e+00,6.045497240024959242e-108,1.000000000000000000e+00
4.109082433380593329e-50,1.000000000000000000e+00,4.109082433380593329e-50,1.000000000000000000e+00
4.500959010767253349e-134,1.000000000000000000e+00,4.500959010767253349e-134,1.000000000000000000e+00
9.525930785913571548e-64,1.000000000000000000e+00,9.525930785913570199e-64,1.000000000000000000e+00
4.600492362951099853e-46,1.000000000000000000e+00,4.600492362951099853e-46,1.000000000000000000e+00
4.237959541079384116e-04,9.995762040458919806e-01,4.237959541079384658e-04,9.995762040458920916e-01
9.999998453444800539e-01,1.546555199398641394e-07,9.999998453444800539e-01,1.546555199398641658e-07
9.995273477505177695e-01,4.726522494821742862e-04,9.995273477505177695e-01,4.726522494821743946e-04
9.999971298270134978e-01,2.870172986552558248e-06,9.999971298270134978e-01,2.870172986552557824e-06
4.109082433380593329e-50,1.000000000000000000e+00,4.109082433380593329e-50,1.000000000000000000e+00
9.525930785913570199e-64,1.000000000000000000e+00,9.525930785913570199e-64,1.000000000000000000e+00
3.307133096708628043e-177,1.000000000000000000e+00,3.307133096708628043e-177,1.000000000000000000e+00
9.887602347579522721e-01,1.123976524204770358e-02,9.887602347579522721e-01,1.123976524204770358e-02
6.045497240024959242e-108,1.000000000000000000e+00,6.045497240024959242e-108,1.000000000000000000e+00
2.800694639572795519e-01,7.199305360427203926e-01,2.800694639572795519e-01,7.199305360427203926e-01
1.909432868935981247e-06,9.999980905671309594e-01,1.909432868935981671e-06,9.999980905671310705e-01
2.350216348743533511e-154,1.000000000000000000e+00,2.350216348743533180e-154,1.000000000000000000e+00
1.729472159168951123e-86,1.000000000000000000e+00,1.729472159168951123e-86,1.000000000000000000e+00
3.802272892144980872e-93,1.000000000000000000e+00,3.802272892144981297e-93,1.000000000000000000e+00
9.352388813931731503e-59,1.000000000000000000e+00,9.352388813931733272e-59,1.000000000000000000e+00
2.165113646115940571e-74,1.000000000000000000e+00,2.165113646115940571e-74,1.000000000000000000e+00
1.909432868935981671e-06,9.999980905671310705e-01,1.909432868935981671e-06,9.999980905671310705e-01
2.165113646115940964e-74,1.000000000000000000e+00,2.165113646115940964e-74,1.000000000000000000e+00
9.012425899421051434e-20,1.000000000000000000e+00,9.012425899421051434e-20,1.000000000000000000e+00
9.012425899421050230e-20,1.000000000000000000e+00,9.012425899421051434e-20,1.000000000000000000e+00
1.280513414466977118e-29,1.000000000000000000e+00,1.280513414466977118e-29,1.000000000000000000e+00
6.877579828310446085e-27,1.000000000000000000e+00,6.877579828310446085e-27,1.000000000000000000e+00
9.999999960903752649e-01,3.909624719432728556e-09,9.999999960903753760e-01,3.909624719432728556e-09
9.995273477505178805e-01,4.726522494821742862e-04,9.995273477505178805e-01,4.726522494821743946e-04
7.171004187878884384e-01,2.828995812121116171e-01,7.171004187878884384e-01,2.828995812121116171e-01
8.282882431052217214e-39,1.000000000000000000e+00,8.282882431052218519e-39,1.000000000000000000e+00
5.646231525335899583e-22,1.000000000000000000e+00,5.646231525335899583e-22,1.000000000000000000e+00
9.438928158394445658e-16,9.999999999999990008e-01,9.438928158394445658e-16,9.999999999999991118e-01
3.307133096708628482e-177,1.000000000000000000e+00,3.307133096708628043e-177,1.000000000000000000e+00
1.807898221812568841e-35,1.000000000000000000e+00,1.807898221812568574e-35,1.000000000000000000e+00
1.331061532841260863e-10,9.999999998668938073e-01,1.331061532841260863e-10,9.999999998668938073e-01
3.307133096708628482e-177,1.000000000000000000e+00,3.307133096708628043e-177,1.000000000000000000e+00
8.800956425694298632e-125,1.000000000000000000e+00,8.800956425694297582e-125,1.000000000000000000e+00
2.142316050022731146e-165,1.000000000000000000e+00,2.142316050022731146e-165,1.000000000000000000e+00
8.800956425694297582e-125,1.000000000000000000e+00,8.800956425694297582e-125,1.000000000000000000e+00
4.600492362951099853e-46,1.000000000000000000e+00,4.600492362951099853e-46,1.000000000000000000e+00
3.802272892144981297e-93,1.000000000000000000e+00,3.802272892144981297e-93,1.000000000000000000e+00
6.877579828310444650e-27,1.000000000000000000e+00,6.877579828310446085e-27,1.000000000000000000e+00
4.600492362951099075e-46,1.000000000000000000e+00,4.600492362951099853e-46,1.000000000000000000e+00
3.397932514634661201e-80,1.000000000000000000e+00,3.397932514634661201e-80,1.000000000000000000e+00
9.352388813931733272e-59,1.000000000000000000e+00,9.352388813931733272e-59,1.000000000000000000e+00
3.397932514634661201e-80,1.000000000000000000e+00,3.397932514634661201e-80,1.000000000000000000e+00
4.600492362951099853e-46,1.000000000000000000e+00,4.600492362951099853e-46,1.000000000000000000e+00
4.600492362951099853e-46,1.000000000000000000e+00,4.600492362951099853e-46,1.000000000000000000e+00
1.331061532841260863e-10,9.999999998668938073e-01,1.331061532841260863e-10,9.999999998668938073e-01
9.999999999946543872e-01,5.345521493593846516e-12,9.999999999946544982e-01,5.345521493593847324e-12
9.999999999203141865e-01,7.968584051285289830e-11,9.999999999203141865e-01,7.968584051285289830e-11
9.995273477505178805e-01,4.726522494821743946e-04,9.995273477505177695e-01,4.726522494821742862e-04
9.998888664507001867e-01,1.111335492998637273e-04,9.998888664507001867e-01,1.111335492998637273e-04
9.999999998902970866e-01,1.097029182949454881e-10,9.999999998902970866e-01,1.097029182949454752e-10
9.999999999947765117e-01,5.223516961363355090e-12,9.999999999947765117e-01,5.223516961363355090e-12
9.999999992258554737e-01,7.741444925127606895e-10,9.999999992258554737e-01,7.741444925183932724e-10
9.999999999947278839e-01,5.272117414844185101e-12,9.999999999947278839e-01,5.272117414805825408e-12
9.999999999954614083e-01,4.538601109177454893e-12,9.999999999954615193e-01,4.538601109177455701e-12
9.999999999937111417e-01,6.288878759673187249e-12,9.999999999937111417e-01,6.288878759673188057e-12
9.999999999946544982e-01,5.345521493554953680e-12,9.999999999946544982e-01,5.345521493554953680e-12
9.999999999951034724e-01,4.896557034193482619e-12,9.999999999951033613e-01,4.896557034193482619e-12
9.999999999919977345e-01,8.002350202399183487e-12,9.999999999919977345e-01,8.002350202399185103e-12
9.999999999932954742e-01,6.704528808002745863e-12,9.999999999932954742e-01,6.704528808002745055e-12
9.999999999955432317e-01,4.456731138793610700e-12,9.999999999955432317e-01,4.456731138793610700e-12
9.999999999923419036e-01,7.658139894137861334e-12,9.999999999923419036e-01,7.658139894137859719e-12
9.999999999954979346e-01,4.502010443702746270e-12,9.999999999954980456e-01,4.502010443702747078e-12
9.999999999947278839e-01,5.272117414844185101e-12,9.999999999947277729e-01,5.272117414844184293e-12
9.999998665735748693e-01,1.334264250867611079e-07,9.999998665735748693e-01,1.334264250867611079e-07
9.999998665735749803e-01,1.334264250867610815e-07,9.999998665735748693e-01,1.334264250867610815e-07
9.999998665735749803e-01,1.334264250867610815e-07,9.999998665735748693e-01,1.334264250867610815e-07
9.999998665735749803e-01,1.334264250867610815e-07,9.999998665735748693e-01,1.334264250867610815e-07
9.999998665735749803e-01,1.334264250867610815e-07,9.999998665735748693e-01,1.334264250867610815e-07
9.999998665735749803e-01,1.334264250867610815e-07,9.999998665735748693e-01,1.334264250867610815e-07
9.999998665735749803e-01,1.334264250867610815e-07,9.999998665735748693e-01,1.334264250867610815e-07
9.999998665735749803e-01,1.334264250867610815e-07,9.999998665735748693e-01,1.334264250867610815e-07
9.999998665735749803e-01,1.334264250867610815e-07,9.999998665735748693e-01,1.334264250867610815e-07
9.999998665735749803e-01,1.334264250867610815e-07,9.999998665735748693e-01,1.334264250867610815e-07
9.999998665735749803e-01,1.334264250867610815e-07,9.999998665735748693e-01,1.334264250867610815e-07
9.999998665735749803e-01,1.334264250867610815e-07,9.999998665735748693e-01,1.334264250867610815e-07
9.999998665735749803e-01,1.334264250867610815e-07,9.999998665735748693e-01,1.334264250867610815e-07
9.999998665735749803e-01,1.334264250867610815e-07,9.999998665735748693e-01,1.334264250867610815e-07
9.999998665735749803e-01,1.334264250867610815e-07,9.999998665735748693e-01,1.334264250867610815e-07
9.999998665735749803e-01,1.334264250867610815e-07,9.999998665735748693e-01,1.334264250867610815e-07
9.999998665735749803e-01,1.334264250867610815e-07,9.999998665735748693e-01,1.334264250867610815e-07
9.999998665735749803e-01,1.334264250867610815e-07,9.999998665735748693e-01,1.334264250867610815e-07
9.999998665735749803e-01,1.334264250867610815e-07,9.999998665735748693e-01,1.334264250867610815e-07
9.999998665735749803e-01,1.334264250867610815e-07,9.999998665735748693e-01,1.334264250867610815e-07
9.999998665735749803e-01,1.334264250867610815e-07,9.999998665735748693e-01,1.334264250867610815e-07
9.999998665735749803e-01,1.334264250867610815e-07,9.999998665735748693e-01,1.334264250867610815e-07
9.999998665735749803e-01,1.334264250867610815e-07,9.999998665735748693e-01,1.334264250867610815e-07
9.999998665735749803e-01,1.334264250867610815e-07,9.999998665735748693e-01,1.334264250867610815e-07
9.999998665735749803e-01,1.334264250867610815e-07,9.999998665735748693e-01,1.334264250867610815e-07
9.999998665735749803e-01,1.334264250867610815e-07,9.999998665735748693e-01,1.334264250867610815e-07
9.999998665735749803e-01,1.334264250867610815e-07,9.999998665735748693e-01,1.334264250867610815e-07
9.999998665735749803e-01,1.334264250867610815e-07,9.999998665735748693e-01,1.334264250867610815e-07
9.999998665735749803e-01,1.334264250867610815e-07,9.999998665735748693e-01,1.334264250867610815e-07
9.999998665735749803e-01,1.334264250867610815e-07,9.999998665735748693e-01,1.334264250867610815e-07
9.999998665735749803e-01,1.334264250867610815e-07,9.999998665735748693e-01,1.334264250867610815e-07
9.999998665735749803e-01,1.334264250867610815e-07,9.999998665735748693e-01,1.334264250867610815e-07
9.999998665735749803e-01,1.334264250867610815e-07,9.999998665735748693e-01,1.334264250867610815e-07
9.999998665735749803e-01,1.334264250867610815e-07,9.999998665735748693e-01,1.334264250867610815e-07
9.999998665735749803e-01,1.334264250867610815e-07,9.999998665735748693e-01,1.334264250867610815e-07
9.999998665735749803e-01,1.334264250867610815e-07,9.999998665735748693e-01,1.334264250867610815e-07
9.999998665735749803e-01,1.334264250867610815e-07,9.999998665735748693e-01,1.334264250867610815e-07
9.999998665735749803e-01,1.334264250867610815e-07,9.999998665735748693e-01,1.334264250867610815e-07
9.999998665735749803e-01,1.334264250867610815e-07,9.999998665735748693e-01,1.334264250867610815e-07
9.999998665735749803e-01,1.334264250867610815e-07,9.999998665735748693e-01,1.334264250867610815e-07
9.999998665735749803e-01,1.334264250867610815e-07,9.999998665735748693e-01,1.334264250867610815e-07
9.999998665735749803e-01,1.334264250867610815e-07,9.999998665735748693e-01,1.334264250867610815e-07
9.999998665735749803e-01,1.334264250867610815e-07,9.999998665735748693e-01,1.334264250867610815e-07
9.999998665735749803e-01,1.334264250867610815e-07,9.999998665735748693e-01,1.334264250867610815e-07
9.999998665735749803e-01,1.334264250867610815e-07,9.999998665735748693e-01,1.334264250867610815e-07
9.999998665735749803e-01,1.334264250867610815e-07,9.999998665735748693e-01,1.334264250867610815e-07
9.999998665735749803e-01,1.334264250867610815e-07,9.999998665735748693e-01,1.334264250867610815e-07
9.999998665735749803e-01,1.334264250867610815e-07,9.999998665735748693e-01,1.334264250867610815e-07
9.999998665735749803e-01,1.334264250867610815e-07,9.999998665735748693e-01,1.334264250867610815e-07
9.999998665735749803e-01,1.334264250867610815e-07,9.999998665735748693e-01,1.334264250867610815e-07
9.999998665735749803e-01,1.334264250867610815e-07,9.999998665735748693e-01,1.334264250867610815e-07
9.999998665735749803e-01,1.334264250867610815e-07,9.999998665735748693e-01,1.334264250867610815e-07
9.999998665735749803e-01,1.334264250867610815e-07,9.999998665735748693e-01,1.334264250867610815e-07
9.999998665735749803e-01,1.334264250867610815e-07,9.999998665735748693e-01,1.334264250867610815e-07
9.999998665735749803e-01,1.334264250867610815e-07,9.999998665735748693e-01,1.334264250867610815e-07
9.999998665735749803e-01,1.334264250867610815e-07,9.999998665735748693e-01,1.334264250867610815e-07
9.999998665735749803e-01,1.334264250867610815e-07,9.999998665735748693e-01,1.334264250867610815e-07
9.999998665735749803e-01,1.334264250867610815e-07,9.999998665735748693e-01,1.334264250867610815e-07
9.999998665735749803e-01,1.334264250867610815e-07,9.999998665735748693e-01,1.334264250867610815e-07
9.999998665735749803e-01,1.334264250867610815e-07,9.999998665735748693e-01,1.334264250867610815e-07
9.999998665735749803e-01,1.334264250867610815e-07,9.999998665735748693e-01,1.334264250867610815e-07
9.999998665735749803e-01,1.334264250867610815e-07,9.999998665735748693e-01,1.334264250867610815e-07
9.999998665735749803e-01,1.334264250867610815e-07,9.999998665735748693e-01,1.334264250867610815e-07
9.999998665735749803e-01,1.334264250867610815e-07,9.999998665735748693e-01,1.334264250867610815e-07
9.999998665735749803e-01,1.334264250867610815e-07,9.999998665735748693e-01,1.334264250867610815e-07
9.999998665735749803e-01,1.334264250867610815e-07,9.999998665735748693e-01,1.334264250867610815e-07
9.999998665735749803e-01,1.334264250867610815e-07,9.999998665735748693e-01,1.334264250867610815e-07
9.999998665735749803e-01,1.334264250867610815e-07,9.999998665735748693e-01,1.334264250867610815e-07
9.999998665735749803e-01,1.334264250867610815e-07,9.999998665735748693e-01,1.334264250867610815e-07
9.999998665735749803e-01,1.334264250867610815e-07,9.999998665735748693e-01,1.334264250867610815e-07
9.999998665735749803e-01,1.334264250867610815e-07,9.999998665735748693e-01,1.334264250867610815e-07
9.999998665735749803e-01,1.334264250867610815e-07,9.999998665735748693e-01,1.334264250867610815e-07
9.999998665735749803e-01,1.334264250867610815e-07,9.999998665735748693e-01,1.334264250867610815e-07
9.999998665735749803e-01,1.334264250867610815e-07,9.999998665735748693e-01,1.334264250867610815e-07
9.999998665735749803e-01,1.334264250867610815e-07,9.999998665735748693e-01,1.334264250867610815e-07
9.999998665735749803e-01,1.334264250867610815e-07,9.999998665735748693e-01,1.334264250867610815e-07
9.999998665735749803e-01,1.334264250867610815e-07,9.999998665735748693e-01,1.334264250867610815e-07
9.999998665735749803e-01,1.334264250867610815e-07,9.999998665735748693e-01,1.334264250867610815e-07
9.999998665735749803e-01,1.334264250867610815e-07,9.999998665735748693e-01,1.334264250867610815e-07
9.999998665735749803e-01,1.334264250867610815e-07,9.999998665735748693e-01,1.334264250867610815e-07
9.999998665735749803e-01,1.334264250867610815e-07,9.999998665735748693e-01,1.334264250867610815e-07
9.999998665735749803e-01,1.334264250867610815e-07,9.999998665735748693e-01,1.334264250867610815e-07
9.999998665735749803e-01,1.334264250867610815e-07,9.999998665735748693e-01,1.334264250867610815e-07
9.999998665735749803e-01,1.334264250867610815e-07,9.999998665735748693e-01,1.334264250867610815e-07
9.999998665735749803e-01,1.334264250867610815e-07,9.999998665735748693e-01,1.334264250867610815e-07
9.999998665735749803e-01,1.334264250867610815e-07,9.999998665735748693e-01,1.334264250867610815e-07
9.999998665735749803e-01,1.334264250867610815e-07,9.999998665735748693e-01,1.334264250867610815e-07
9.999998665735749803e-01,1.334264250867610815e-07,9.999998665735748693e-01,1.334264250867610815e-07
9.999998665735749803e-01,1.334264250867610815e-07,9.999998665735748693e-01,1.334264250867610815e-07
9.999998665735749803e-01,1.334264250867610815e-07,9.999998665735748693e-01,1.334264250867610815e-07
9.999998665735749803e-01,1.334264250867610815e-07,9.999998665735748693e-01,1.334264250867610815e-07
9.999998665735749803e-01,1.334264250867610815e-07,9.999998665735748693e-01,1.334264250867610815e-07
9.999998665735749803e-01,1.334264250867610815e-07,9.999998665735748693e-01,1.334264250867610815e-07
9.999998665735749803e-01,1.334264250867610815e-07,9.999998665735748693e-01,1.334264250867610815e-07
9.999999999899356062e-01,1.006436526601473520e-11,9.999999999899354952e-01,1.006436526601473359e-11
9.999999544119354544e-01,4.558806459979117501e-08,9.999999544119353434e-01,4.558806459979116178e-08
9.999999544119353434e-01,4.558806459979116839e-08,9.999999544119353434e-01,4.558806459979116839e-08
9.999999544119353434e-01,4.558806459979116839e-08,9.999999544119353434e-01,4.558806459979116839e-08
9.999999544119353434e-01,4.558806459979116839e-08,9.999999544119353434e-01,4.558806459979116839e-08
9.999999544119353434e-01,4.558806459979116839e-08,9.999999544119353434e-01,4.558806459979116839e-08
9.999999544119353434e-01,4.558806459979116839e-08,9.999999544119353434e-01,4.558806459979116839e-08
9.999999544119353434e-01,4.558806459979116839e-08,9.999999544119353434e-01,4.558806459979116839e-08
9.999999544119353434e-01,4.558806459979116839e-08,9.999999544119353434e-01,4.558806459979116839e-08
9.999999544119353434e-01,4.558806459979116839e-08,9.999999544119353434e-01,4.558806459979116839e-08
9.999999544119353434e-01,4.558806459979116839e-08,9.999999544119353434e-01,4.558806459979116839e-08
9.999999544119353434e-01,4.558806459979116839e-08,9.999999544119353434e-01,4.558806459979116839e-08
9.999999544119353434e-01,4.558806459979116839e-08,9.999999544119353434e-01,4.558806459979116839e-08
9.999999544119353434e-01,4.558806459979116839e-08,9.999999544119353434e-01,4.558806459979116839e-08
9.999999544119353434e-01,4.558806459979116839e-08,9.999999544119353434e-01,4.558806459979116839e-08
9.999999544119353434e-01,4.558806459979116839e-08,9.999999544119353434e-01,4.558806459979116839e-08
9.999999544119353434e-01,4.558806459979116839e-08,9.999999544119353434e-01,4.558806459979116839e-08
9.999999544119353434e-01,4.558806459979116839e-08,9.999999544119353434e-01,4.558806459979116839e-08
9.999999544119353434e-01,4.558806459979116839e-08,9.999999544119353434e-01,4.558806459979116839e-08
9.999999544119353434e-01,4.558806459979116839e-08,9.999999544119353434e-01,4.558806459979116839e-08
9.999999544119353434e-01,4.558806459979116839e-08,9.999999544119353434e-01,4.558806459979116839e-08
9.999999544119353434e-01,4.558806459979116839e-08,9.999999544119353434e-01,4.558806459979116839e-08
9.999999544119353434e-01,4.558806459979116839e-08,9.999999544119353434e-01,4.558806459979116839e-08
9.999999544119353434e-01,4.558806459979116839e-08,9.999999544119353434e-01,4.558806459979116839e-08
9.999999544119353434e-01,4.558806459979116839e-08,9.999999544119353434e-01,4.558806459979116839e-08
9.999999544119353434e-01,4.558806459979116839e-08,9.999999544119353434e-01,4.558806459979116839e-08
9.999999544119353434e-01,4.558806459979116839e-08,9.999999544119353434e-01,4.558806459979116839e-08
9.999999544119353434e-01,4.558806459979116839e-08,9.999999544119353434e-01,4.558806459979116839e-08
9.999999544119353434e-01,4.558806459979116839e-08,9.999999544119353434e-01,4.558806459979116839e-08
9.999999544119353434e-01,4.558806459979116839e-08,9.999999544119353434e-01,4.558806459979116839e-08
9.999999544119353434e-01,4.558806459979116839e-08,9.999999544119353434e-01,4.558806459979116839e-08
9.999999544119353434e-01,4.558806459979116839e-08,9.999999544119353434e-01,4.558806459979116839e-08
9.999999544119353434e-01,4.558806459979116839e-08,9.999999544119353434e-01,4.558806459979116839e-08
9.999999544119353434e-01,4.558806459979116839e-08,9.999999544119353434e-01,4.558806459979116839e-08
9.999999544119353434e-01,4.558806459979116839e-08,9.999999544119353434e-01,4.558806459979116839e-08
9.999999544119353434e-01,4.558806459979116839e-08,9.999999544119353434e-01,4.558806459979116839e-08
9.999999544119353434e-01,4.558806459979116839e-08,9.999999544119353434e-01,4.558806459979116839e-08
9.999999544119353434e-01,4.558806459979116839e-08,9.999999544119353434e-01,4.558806459979116839e-08
9.999999544119353434e-01,4.558806459979116839e-08,9.999999544119353434e-01,4.558806459979116839e-08
9.999999544119353434e-01,4.558806459979116839e-08,9.999999544119353434e-01,4.558806459979116839e-08
9.999999544119353434e-01,4.558806459979116839e-08,9.999999544119353434e-01,4.558806459979116839e-08
9.999999999899356062e-01,1.006436526601473359e-11,9.999999999899356062e-01,1.006436526601473520e-11
9.999999999899356062e-01,1.006436526601473359e-11,9.999999999899357173e-01,1.006436526601473520e-11
9.999999999899356062e-01,1.006436526601473359e-11,9.999999999899357173e-01,1.006436526601473520e-11
9.999999999899356062e-01,1.006436526601473359e-11,9.999999999899357173e-01,1.006436526601473520e-11
9.999999999899356062e-01,1.006436526601473359e-11,9.999999999899357173e-01,1.006436526601473520e-11
9.452084402533401652e-01,5.479155974665982781e-02,9.452084402533401652e-01,5.479155974665982781e-02
8.282882430991952112e-39,1.000000000000000000e+00,8.282882430991953417e-39,1.000000000000000000e+00
2.418487454728752030e-100,1.000000000000000000e+00,2.418487454728751522e-100,1.000000000000000000e+00
2.165113646100187486e-74,1.000000000000000000e+00,2.165113646100187486e-74,1.000000000000000000e+00
9.999999845245973740e-01,1.547540265996880164e-08,9.999999845245973740e-01,1.547540265996880164e-08
9.999999352164864463e-01,6.478351360437163970e-08,9.999999352164863353e-01,6.478351360437163970e-08
9.999999999953218532e-01,4.678158430753939659e-12,9.999999999953218532e-01,4.678158430753939659e-12
9.999999998902970866e-01,1.097029182957436915e-10,9.999999998902970866e-01,1.097029182957436915e-10
9.999996165722054853e-01,3.834277945064682940e-07,9.999996165722054853e-01,3.834277945064683469e-07
9.999999960903752649e-01,3.909624719461175298e-09,9.999999960903752649e-01,3.909624719461174470e-09
1.331061532841260863e-10,9.999999998668938073e-01,1.331061532841260863e-10,9.999999998668939183e-01
9.999696545150303928e-01,3.034548496967627305e-05,9.999696545150302818e-01,3.034548496967626966e-05
9.999999923441931227e-01,7.655806880215145554e-09,9.999999923441931227e-01,7.655806880215143900e-09
4.701494535594361035e-02,9.529850546440564729e-01,4.701494535594359647e-02,9.529850546440563619e-01
9.999999845245973740e-01,1.547540265996879833e-08,9.999999845245973740e-01,1.547540265996880164e-08
9.999999999411371965e-01,5.886277231897789345e-11,9.999999999411373075e-01,5.886277231897789345e-11
9.999999995101670480e-01,4.898329619653497084e-10,9.999999995101669370e-01,4.898329619653497084e-10
9.999999999939095385e-01,6.090412875496382825e-12,9.999999999939095385e-01,6.090412875496382825e-12
9.999999999773967474e-01,2.260333082440867335e-11,9.999999999773967474e-01,2.260333082440867012e-11
9.999999999951999508e-01,4.800040419966688827e-12,9.999999999951999508e-01,4.800040419966688827e-12
9.999999999944296780e-01,5.570273398761914386e-12,9.999999999944297890e-01,5.570273398761915193e-12
9.999999999955372365e-01,4.462777587715606883e-12,9.999999999955372365e-01,4.462777587715606883e-12
9.999999999809391360e-01,1.906088483030645028e-11,9.999999999809390250e-01,1.906088483030644705e-11
9.978702591860102444e-01,2.129740813989732581e-03,9.978702591860102444e-01,2.129740813989732147e-03
9.999999999906338255e-01,9.366147881026150527e-12,9.999999999906338255e-01,9.366147881026150527e-12
9.999999999899356062e-01,1.006436526601473359e-11,9.999999999899356062e-01,1.006436526601473359e-11
9.999999999899356062e-01,1.006436526601473359e-11,9.999999999899357173e-01,1.006436526601473520e-11
9.999999999899356062e-01,1.006436526601473359e-11,9.999999999899357173e-01,1.006436526601473520e-11
9.999999999899356062e-01,1.006436526601473359e-11,9.999999999899357173e-01,1.006436526601473520e-11
9.999999999899356062e-01,1.006436526601473359e-11,9.999999999899357173e-01,1.006436526601473520e-11
9.999999999899356062e-01,1.006436526601473359e-11,9.999999999899357173e-01,1.006436526601473520e-11
9.999999999899356062e-01,1.006436526601473359e-11,9.999999999899357173e-01,1.006436526601473520e-11
9.999999999899356062e-01,1.006436526601473359e-11,9.999999999899357173e-01,1.006436526601473520e-11
9.999999999908945059e-01,9.105508767062052676e-12,9.999999999908945059e-01,9.105508767062051060e-12
9.999999999899356062e-01,1.006436526601473359e-11,9.999999999899356062e-01,1.006436526601473359e-11
9.012425899421052638e-20,1.000000000000000000e+00,9.012425899421051434e-20,1.000000000000000000e+00
9.999999999899357173e-01,1.006436526601473359e-11,9.999999999899356062e-01,1.006436526601473359e-11
9.999999999899356062e-01,1.006436526601473359e-11,9.999999999899357173e-01,1.006436526601473520e-11
9.999999999899356062e-01,1.006436526601473359e-11,9.999999999899357173e-01,1.006436526601473520e-11
9.999999999899356062e-01,1.006436526601473359e-11,9.999999999899357173e-01,1.006436526601473520e-11
9.999999999899356062e-01,1.006436526601473359e-11,9.999999999899357173e-01,1.006436526601473520e-11
9.999999999915555327e-01,8.444435846188329463e-12,9.999999999915555327e-01,8.444435846188329463e-12
9.999999999918550708e-01,8.144940324079871441e-12,9.999999999918551818e-01,8.144940324079871441e-12
9.999999999899356062e-01,1.006436526601473359e-11,9.999999999899357173e-01,1.006436526601473359e-11
9.999999999899356062e-01,1.006436526601473359e-11,9.999999999899357173e-01,1.006436526601473520e-11
9.999999999927624561e-01,7.237517422365036121e-12,9.999999999927625671e-01,7.237517422365036121e-12
9.999999999899356062e-01,1.006436526601473359e-11,9.999999999899356062e-01,1.006436526601473359e-11
9.999999999899356062e-01,1.006436526601473359e-11,9.999999999899357173e-01,1.006436526601473520e-11
9.999999999899356062e-01,1.006436526601473359e-11,9.999999999899357173e-01,1.006436526601473520e-11
9.999999999899356062e-01,1.006436526601473359e-11,9.999999999899357173e-01,1.006436526601473520e-11
9.999999999926451055e-01,7.354885591359034093e-12,9.999999999926449945e-01,7.354885591359032477e-12
9.999999999899356062e-01,1.006436526601473359e-11,9.999999999899354952e-01,1.006436526601473520e-11
9.999999999899356062e-01,1.006436526601473359e-11,9.999999999899357173e-01,1.006436526601473520e-11
9.999999999899356062e-01,1.006436526601473359e-11,9.999999999899357173e-01,1.006436526601473520e-11
9.999999999899356062e-01,1.006436526601473359e-11,9.999999999899357173e-01,1.006436526601473520e-11
9.999999999899356062e-01,1.006436526601473359e-11,9.999999999899357173e-01,1.006436526601473520e-11
9.999999999899356062e-01,1.006436526601473359e-11,9.999999999899357173e-01,1.006436526601473520e-11
9.999999999899356062e-01,1.006436526601473359e-11,9.999999999899357173e-01,1.006436526601473520e-11
9.999999999899356062e-01,1.006436526601473359e-11,9.999999999899357173e-01,1.006436526601473520e-11
9.999999999913983251e-01,8.601674835669244939e-12,9.999999999913984361e-01,8.601674835669244939e-12
9.999999999899356062e-01,1.006436526601473359e-11,9.999999999899357173e-01,1.006436526601473520e-11
9.999999999899356062e-01,1.006436526601473359e-11,9.999999999899357173e-01,1.006436526601473520e-11
9.999999999899356062e-01,1.006436526601473359e-11,9.999999999899357173e-01,1.006436526601473520e-11
9.999999999899356062e-01,1.006436526601473359e-11,9.999999999899357173e-01,1.006436526601473520e-11
9.999999999879028989e-01,1.209708840208108786e-11,9.999999999879030099e-01,1.209708840208108948e-11
9.999999999899356062e-01,1.006436526601473359e-11,9.999999999899357173e-01,1.006436526601473359e-11
9.999999999899356062e-01,1.006436526601473359e-11,9.999999999899357173e-01,1.006436526601473520e-11
9.999999999899356062e-01,1.006436526601473359e-11,9.999999999899357173e-01,1.006436526601473520e-11
9.999999999899356062e-01,1.006436526601473359e-11,9.999999999899357173e-01,1.006436526601473520e-11
9.999999999899356062e-01,1.006436526601473359e-11,9.999999999899357173e-01,1.006436526601473520e-11
9.999999999899356062e-01,1.006436526601473359e-11,9.999999999899357173e-01,1.006436526601473520e-11
9.999999999899356062e-01,1.006436526601473359e-11,9.999999999899357173e-01,1.006436526601473520e-11
9.999999999899356062e-01,1.006436526601473359e-11,9.999999999899357173e-01,1.006436526601473520e-11
9.999999999899356062e-01,1.006436526601473359e-11,9.999999999899357173e-01,1.006436526601473520e-11
9.999999999899356062e-01,1.006436526601473359e-11,9.999999999899357173e-01,1.006436526601473520e-11
9.999999999899356062e-01,1.006436526601473359e-11,9.999999999899357173e-01,1.006436526601473520e-11
9.999999999899356062e-01,1.006436526601473359e-11,9.999999999899357173e-01,1.006436526601473520e-11
9.999999999899356062e-01,1.006436526601473359e-11,9.999999999899357173e-01,1.006436526601473520e-11
9.999999999899356062e-01,1.006436526601473359e-11,9.999999999899357173e-01,1.006436526601473520e-11
9.999999999899356062e-01,1.006436526601473359e-11,9.999999999899357173e-01,1.006436526601473520e-11
9.999999999773966364e-01,2.260333082440866689e-11,9.999999999773967474e-01,2.260333082440867012e-11
9.999999999929860550e-01,7.013891618570120165e-12,9.999999999929860550e-01,7.013891618570120973e-12
9.999999999899356062e-01,1.006436526601473359e-11,9.999999999899356062e-01,1.006436526601473359e-11
9.999999999899356062e-01,1.006436526601473359e-11,9.999999999899357173e-01,1.006436526601473520e-11
9.999999999899356062e-01,1.006436526601473359e-11,9.999999999899357173e-01,1.006436526601473520e-11
9.999999999899356062e-01,1.006436526601473359e-11,9.999999999899357173e-01,1.006436526601473520e-11
9.999999999937111417e-01,6.288878759673187249e-12,9.999999999937111417e-01,6.288878759673187249e-12
9.999999999899356062e-01,1.006436526601473359e-11,9.999999999899356062e-01,1.006436526601473520e-11
9.999999999922692950e-01,7.730700947662527650e-12,9.999999999922692950e-01,7.730700947662526035e-12
9.999999999899356062e-01,1.006436526601473359e-11,9.999999999899356062e-01,1.006436526601473197e-11
9.999999999899356062e-01,1.006436526601473359e-11,9.999999999899357173e-01,1.006436526601473520e-11
9.999999999899356062e-01,1.006436526601473359e-11,9.999999999899357173e-01,1.006436526601473520e-11
9.999999999899356062e-01,1.006436526601473359e-11,9.999999999899357173e-01,1.006436526601473520e-11
9.999999999899356062e-01,1.006436526601473359e-11,9.999999999899357173e-01,1.006436526601473520e-11
9.999999999899356062e-01,1.006436526601473359e-11,9.999999999899357173e-01,1.006436526601473520e-11
9.999999999899356062e-01,1.006436526601473359e-11,9.999999999899357173e-01,1.006436526601473520e-11
9.999999999915555327e-01,8.444435846188329463e-12,9.999999999915555327e-01,8.444435846188329463e-12
9.999999999899356062e-01,1.006436526601473359e-11,9.999999999899356062e-01,1.006436526601473359e-11
9.999999999899356062e-01,1.006436526601473359e-11,9.999999999899357173e-01,1.006436526601473520e-11
9.999999999953218532e-01,4.678158430753938851e-12,9.999999999953218532e-01,4.678158430753938851e-12
9.999999999899356062e-01,1.006436526601473359e-11,9.999999999899356062e-01,1.006436526601473520e-11
9.999999999899356062e-01,1.006436526601473359e-11,9.999999999899357173e-01,1.006436526601473520e-11
9.999999999899356062e-01,1.006436526601473359e-11,9.999999999899357173e-01,1.006436526601473520e-11
9.999999999899356062e-01,1.006436526601473359e-11,9.999999999899357173e-01,1.006436526601473520e-11
9.999999999899356062e-01,1.006436526601473359e-11,9.999999999899357173e-01,1.006436526601473520e-11
9.999999999899356062e-01,1.006436526601473359e-11,9.999999999899357173e-01,1.006436526601473520e-11
9.999999999899356062e-01,1.006436526601473359e-11,9.999999999899357173e-01,1.006436526601473520e-11
9.999999999899356062e-01,1.006436526601473359e-11,9.999999999899357173e-01,1.006436526601473520e-11
9.999999999899356062e-01,1.006436526601473359e-11,9.999999999899357173e-01,1.006436526601473520e-11
9.999999999899356062e-01,1.006436526601473359e-11,9.999999999899357173e-01,1.006436526601473520e-11
9.999999999899356062e-01,1.006436526601473359e-11,9.999999999899357173e-01,1.006436526601473520e-11
9.999999999899356062e-01,1.006436526601473359e-11,9.999999999899357173e-01,1.006436526601473520e-11
9.999999999899356062e-01,1.006436526601473359e-11,9.999999999899357173e-01,1.006436526601473520e-11
9.999999999899356062e-01,1.006436526601473359e-11,9.999999999899357173e-01,1.006436526601473520e-11
9.999999999899356062e-01,1.006436526601473359e-11,9.999999999899357173e-01,1.006436526601473520e-11
9.999999999899356062e-01,1.006436526601473359e-11,9.999999999899357173e-01,1.006436526601473520e-11
9.999999999899356062e-01,1.006436526601473359e-11,9.999999999899357173e-01,1.006436526601473520e-11
9.999999999899356062e-01,1.006436526601473359e-11,9.999999999899357173e-01,1.006436526601473520e-11
9.999999999899356062e-01,1.006436526601473359e-11,9.999999999899357173e-01,1.006436526601473520e-11
9.999999999899356062e-01,1.006436526601473359e-11,9.999999999899357173e-01,1.006436526601473520e-11
9.999999999899356062e-01,1.006436526601473359e-11,9.999999999899357173e-01,1.006436526601473520e-11
9.999999999899356062e-01,1.006436526601473359e-11,9.999999999899357173e-01,1.006436526601473520e-11
9.999999999899356062e-01,1.006436526601473359e-11,9.999999999899357173e-01,1.006436526601473520e-11
9.999999999899356062e-01,1.006436526601473359e-11,9.999999999899357173e-01,1.006436526601473520e-11
9.999999999899356062e-01,1.006436526601473359e-11,9.999999999899357173e-01,1.006436526601473520e-11
9.999999999899356062e-01,1.006436526601473359e-11,9.999999999899357173e-01,1.006436526601473520e-11
9.999999999954136687e-01,4.586312181234149394e-12,9.999999999954136687e-01,4.586312181234149394e-12
9.999999997909720939e-01,2.090278510371158343e-10,9.999999997909722049e-01,2.090278510371158860e-10
9.999999999947278839e-01,5.272117414844185101e-12,9.999999999947278839e-01,5.272117414844185101e-12
9.999999999899356062e-01,1.006436526601473359e-11,9.999999999899356062e-01,1.006436526601473197e-11
9.999999999899356062e-01,1.006436526601473359e-11,9.999999999899357173e-01,1.006436526601473520e-11
9.999999999899356062e-01,1.006436526601473359e-11,9.999999999899357173e-01,1.006436526601473520e-11
9.999999999899356062e-01,1.006436526601473359e-11,9.999999999899357173e-01,1.006436526601473520e-11
9.999999999899356062e-01,1.006436526601473359e-11,9.999999999899357173e-01,1.006436526601473520e-11
9.999999999899356062e-01,1.006436526601473359e-11,9.999999999899357173e-01,1.006436526601473520e-11
9.999999999899356062e-01,1.006436526601473359e-11,9.999999999899357173e-01,1.006436526601473520e-11
9.999999999899356062e-01,1.006436526601473359e-11,9.999999999899357173e-01,1.006436526601473520e-11
9.999999999899356062e-01,1.006436526601473359e-11,9.999999999899357173e-01,1.006436526601473520e-11
9.999999999899356062e-01,1.006436526601473359e-11,9.999999999899357173e-01,1.006436526601473520e-11
9.999999999899356062e-01,1.006436526601473359e-11,9.999999999899357173e-01,1.006436526601473520e-11
9.999999999899356062e-01,1.006436526601473359e-11,9.999999999899357173e-01,1.006436526601473520e-11
9.999999999899356062e-01,1.006436526601473359e-11,9.999999999899357173e-01,1.006436526601473520e-11
9.999999999899356062e-01,1.006436526601473359e-11,9.999999999899357173e-01,1.006436526601473520e-11
9.999999999899356062e-01,1.006436526601473359e-11,9.999999999899357173e-01,1.006436526601473520e-11
9.999999999899356062e-01,1.006436526601473359e-11,9.999999999899357173e-01,1.006436526601473520e-11
9.999999999899356062e-01,1.006436526601473359e-11,9.999999999899357173e-01,1.006436526601473520e-11
9.999999999899356062e-01,1.006436526601473359e-11,9.999999999899357173e-01,1.006436526601473520e-11
9.999999999899356062e-01,1.006436526601473359e-11,9.999999999899357173e-01,1.006436526601473520e-11
9.999999999899356062e-01,1.006436526601473359e-11,9.999999999899357173e-01,1.006436526601473520e-11
9.999999999899356062e-01,1.006436526601473359e-11,9.999999999899357173e-01,1.006436526601473520e-11
9.999999999899356062e-01,1.006436526601473359e-11,9.999999999899357173e-01,1.006436526601473520e-11
9.999999999899356062e-01,1.006436526601473359e-11,9.999999999899357173e-01,1.006436526601473520e-11
9.999999999899356062e-01,1.006436526601473359e-11,9.999999999899357173e-01,1.006436526601473520e-11
9.999999999899356062e-01,1.006436526601473359e-11,9.999999999899357173e-01,1.006436526601473520e-11
9.999999999899356062e-01,1.006436526601473359e-11,9.999999999899357173e-01,1.006436526601473520e-11
9.999999999899356062e-01,1.006436526601473359e-11,9.999999999899357173e-01,1.006436526601473520e-11
9.999999999899356062e-01,1.006436526601473359e-11,9.999999999899357173e-01,1.006436526601473520e-11
9.999999999899356062e-01,1.006436526601473359e-11,9.999999999899357173e-01,1.006436526601473520e-11
9.999999999899356062e-01,1.006436526601473359e-11,9.999999999899357173e-01,1.006436526601473520e-11
9.999999999899356062e-01,1.006436526601473359e-11,9.999999999899357173e-01,1.006436526601473520e-11
9.999999999899356062e-01,1.006436526601473359e-11,9.999999999899357173e-01,1.006436526601473520e-11
9.999999999899356062e-01,1.006436526601473359e-11,9.999999999899357173e-01,1.006436526601473520e-11
9.999999999899356062e-01,1.006436526601473359e-11,9.999999999899357173e-01,1.006436526601473520e-11
9.999999999899356062e-01,1.006436526601473359e-11,9.999999999899357173e-01,1.006436526601473520e-11
9.999999999899356062e-01,1.006436526601473359e-11,9.999999999899357173e-01,1.006436526601473520e-11
9.999999999899356062e-01,1.006436526601473359e-11,9.999999999899357173e-01,1.006436526601473520e-11
9.999999999899356062e-01,1.006436526601473359e-11,9.999999999899357173e-01,1.006436526601473520e-11
9.999999999899356062e-01,1.006436526601473359e-11,9.999999999899357173e-01,1.006436526601473520e-11
9.999999999899356062e-01,1.006436526601473359e-11,9.999999999899357173e-01,1.006436526601473520e-11
9.999999999899356062e-01,1.006436526601473359e-11,9.999999999899357173e-01,1.006436526601473520e-11
9.999999999899356062e-01,1.006436526601473359e-11,9.999999999899357173e-01,1.006436526601473520e-11
9.999999999899356062e-01,1.006436526601473359e-11,9.999999999899357173e-01,1.006436526601473520e-11
9.999999999899356062e-01,1.006436526601473359e-11,9.999999999899357173e-01,1.006436526601473520e-11
9.999999999899356062e-01,1.006436526601473359e-11,9.999999999899357173e-01,1.006436526601473520e-11
9.999999999899356062e-01,1.006436526601473359e-11,9.999999999899357173e-01,1.006436526601473520e-11
9.999999999899356062e-01,1.006436526601473359e-11,9.999999999899357173e-01,1.006436526601473520e-11
9.999999999899356062e-01,1.006436526601473359e-11,9.999999999899357173e-01,1.006436526601473520e-11
9.999999999899356062e-01,1.006436526601473359e-11,9.999999999899357173e-01,1.006436526601473520e-11
9.999999999899356062e-01,1.006436526601473359e-11,9.999999999899357173e-01,1.006436526601473520e-11
9.999999999923419036e-01,7.658139894137861334e-12,9.999999999923417926e-01,7.658139894137859719e-12
9.999999999899356062e-01,1.006436526601473359e-11,9.999999999899356062e-01,1.006436526601473197e-11
9.999999999899356062e-01,1.006436526601473359e-11,9.999999999899357173e-01,1.006436526601473520e-11
9.999999999899356062e-01,1.006436526601473359e-11,9.999999999899357173e-01,1.006436526601473520e-11
9.999999999899356062e-01,1.006436526601473359e-11,9.999999999899357173e-01,1.006436526601473520e-11
9.999999999899356062e-01,1.006436526601473359e-11,9.999999999899357173e-01,1.006436526601473520e-11
9.999999999899356062e-01,1.006436526601473359e-11,9.999999999899357173e-01,1.006436526601473520e-11
9.999999999899356062e-01,1.006436526601473359e-11,9.999999999899357173e-01,1.006436526601473520e-11
9.999999999899356062e-01,1.006436526601473359e-11,9.999999999899357173e-01,1.006436526601473520e-11
9.999999999899356062e-01,1.006436526601473359e-11,9.999999999899357173e-01,1.006436526601473520e-11
9.999999999899356062e-01,1.006436526601473359e-11,9.999999999899357173e-01,1.006436526601473520e-11
9.999999999899356062e-01,1.006436526601473359e-11,9.999999999899357173e-01,1.006436526601473520e-11
9.999999999899356062e-01,1.006436526601473359e-11,9.999999999899357173e-01,1.006436526601473520e-11
9.999999999899356062e-01,1.006436526601473359e-11,9.999999999899357173e-01,1.006436526601473520e-11
9.999999999899356062e-01,1.006436526601473359e-11,9.999999999899357173e-01,1.006436526601473520e-11
9.999999999899356062e-01,1.006436526601473359e-11,9.999999999899357173e-01,1.006436526601473520e-11
9.999999999899356062e-01,1.006436526601473359e-11,9.999999999899357173e-01,1.006436526601473520e-11
9.999999999899356062e-01,1.006436526601473359e-11,9.999999999899357173e-01,1.006436526601473520e-11
9.999999999899356062e-01,1.006436526601473359e-11,9.999999999899357173e-01,1.006436526601473520e-11
9.999999999899356062e-01,1.006436526601473359e-11,9.999999999899357173e-01,1.006436526601473520e-11
9.999999999899356062e-01,1.006436526601473359e-11,9.999999999899357173e-01,1.006436526601473520e-11
9.999999999899356062e-01,1.006436526601473359e-11,9.999999999899357173e-01,1.006436526601473520e-11
9.999999999899356062e-01,1.006436526601473359e-11,9.999999999899357173e-01,1.006436526601473520e-11
9.999999999953218532e-01,4.678158430753938851e-12,9.999999999953218532e-01,4.678158430753938851e-12
9.999999999899356062e-01,1.006436526601473359e-11,9.999999999899356062e-01,1.006436526601473520e-11
9.999999999899356062e-01,1.006436526601473359e-11,9.999999999899357173e-01,1.006436526601473520e-11
9.999999999899356062e-01,1.006436526601473359e-11,9.999999999899357173e-01,1.006436526601473520e-11
9.999999999899356062e-01,1.006436526601473359e-11,9.999999999899357173e-01,1.006436526601473520e-11
9.999999999899356062e-01,1.006436526601473359e-11,9.999999999899357173e-01,1.006436526601473520e-11
9.999999999899356062e-01,1.006436526601473359e-11,9.999999999899357173e-01,1.006436526601473520e-11
9.999999999899356062e-01,1.006436526601473359e-11,9.999999999899357173e-01,1.006436526601473520e-11
9.999999999899356062e-01,1.006436526601473359e-11,9.999999999899357173e-01,1.006436526601473520e-11
9.999999999899356062e-01,1.006436526601473359e-11,9.999999999899357173e-01,1.006436526601473520e-11
9.999999999899356062e-01,1.006436526601473359e-11,9.999999999899357173e-01,1.006436526601473520e-11
9.999999999899356062e-01,1.006436526601473359e-11,9.999999999899357173e-01,1.006436526601473520e-11
9.999999999899356062e-01,1.006436526601473359e-11,9.999999999899357173e-01,1.006436526601473520e-11
9.999999999899356062e-01,1.006436526601473359e-11,9.999999999899357173e-01,1.006436526601473520e-11
9.999999999899356062e-01,1.006436526601473359e-11,9.999999999899357173e-01,1.006436526601473520e-11
9.999999999899356062e-01,1.006436526601473359e-11,9.999999999899357173e-01,1.006436526601473520e-11
9.999999999951999508e-01,4.800040419966688827e-12,9.999999999951999508e-01,4.800040419966688827e-12
9.999999999899356062e-01,1.006436526601473359e-11,9.999999999899356062e-01,1.006436526601473520e-11
9.999999999949931162e-01,5.006829722100835578e-12,9.999999999949932272e-01,5.006829722100836386e-12
9.999999999899356062e-01,1.006436526601473359e-11,9.999999999899357173e-01,1.006436526601473359e-11
9.999999999899356062e-01,1.006436526601473359e-11,9.999999999899357173e-01,1.006436526601473520e-11
9.999999999899356062e-01,1.006436526601473359e-11,9.999999999899357173e-01,1.006436526601473520e-11
9.999999999899356062e-01,1.006436526601473359e-11,9.999999999899357173e-01,1.006436526601473520e-11
9.999999999899356062e-01,1.006436526601473359e-11,9.999999999899357173e-01,1.006436526601473520e-11
9.999999999899356062e-01,1.006436526601473359e-11,9.999999999899357173e-01,1.006436526601473520e-11
9.999999999899356062e-01,1.006436526601473359e-11,9.999999999899357173e-01,1.006436526601473520e-11
9.999999999899356062e-01,1.006436526601473359e-11,9.999999999899357173e-01,1.006436526601473520e-11
9.999999999899356062e-01,1.006436526601473359e-11,9.999999999899357173e-01,1.006436526601473520e-11
9.999999999899356062e-01,1.006436526601473359e-11,9.999999999899357173e-01,1.006436526601473520e-11
9.999999999899356062e-01,1.006436526601473359e-11,9.999999999899357173e-01,1.006436526601473520e-11
9.999999999879028989e-01,1.209708840208108786e-11,9.999999999879030099e-01,1.209708840208108948e-11
9.999999999954614083e-01,4.538601109177454893e-12,9.999999999954614083e-01,4.538601109177454893e-12
9.999999999899356062e-01,1.006436526601473359e-11,9.999999999899356062e-01,1.006436526601473359e-11
9.999999999899356062e-01,1.006436526601473359e-11,9.999999999899357173e-01,1.006436526601473520e-11
9.999999999899356062e-01,1.006436526601473359e-11,9.999999999899357173e-01,1.006436526601473520e-11
9.999999999899356062e-01,1.006436526601473359e-11,9.999999999899357173e-01,1.006436526601473520e-11
9.999999999899356062e-01,1.006436526601473359e-11,9.999999999899357173e-01,1.006436526601473520e-11
9.999999999953544938e-01,4.645487461635651572e-12,9.999999999953546048e-01,4.645487461635651572e-12
9.999999999908943948e-01,9.105508767062051060e-12,9.999999999908945059e-01,9.105508767062052676e-12
9.999999999952163821e-01,4.783576317964525966e-12,9.999999999952164931e-01,4.783576317964526774e-12
9.999999999899356062e-01,1.006436526601473359e-11,9.999999999899356062e-01,1.006436526601473359e-11
9.999999999899356062e-01,1.006436526601473359e-11,9.999999999899357173e-01,1.006436526601473520e-11
9.999999999899356062e-01,1.006436526601473359e-11,9.999999999899357173e-01,1.006436526601473520e-11
9.999999999899356062e-01,1.006436526601473359e-11,9.999999999899357173e-01,1.006436526601473520e-11
9.999999999899356062e-01,1.006436526601473359e-11,9.999999999899357173e-01,1.006436526601473520e-11
9.999999999899356062e-01,1.006436526601473359e-11,9.999999999899357173e-01,1.006436526601473520e-11
9.999999999899356062e-01,1.006436526601473359e-11,9.999999999899357173e-01,1.006436526601473520e-11
9.999999999899356062e-01,1.006436526601473359e-11,9.999999999899357173e-01,1.006436526601473520e-11
9.999999999899356062e-01,1.006436526601473359e-11,9.999999999899357173e-01,1.006436526601473520e-11
9.999999999899356062e-01,1.006436526601473359e-11,9.999999999899357173e-01,1.006436526601473520e-11
9.999999999954932717e-01,4.506725468249470237e-12,9.999999999954932717e-01,4.506725468249469429e-12
9.999999999899356062e-01,1.006436526601473359e-11,9.999999999899356062e-01,1.006436526601473359e-11
9.999999999899356062e-01,1.006436526601473359e-11,9.999999999899357173e-01,1.006436526601473520e-11
9.999999999899356062e-01,1.006436526601473359e-11,9.999999999899357173e-01,1.006436526601473520e-11
9.999999999941007189e-01,5.899290110926180300e-12,9.999999999941007189e-01,5.899290110926179492e-12
9.999999999938302686e-01,6.169712484284787525e-12,9.999999999938302686e-01,6.169712484284787525e-12
9.999999999933920636e-01,6.607938860822676397e-12,9.999999999933920636e-01,6.607938860822676397e-12
9.999999999899356062e-01,1.006436526601473359e-11,9.999999999899356062e-01,1.006436526601473359e-11
9.999999999899356062e-01,1.006436526601473359e-11,9.999999999899357173e-01,1.006436526601473520e-11
9.999999999899356062e-01,1.006436526601473359e-11,9.999999999899357173e-01,1.006436526601473520e-11
9.999999999899356062e-01,1.006436526601473359e-11,9.999999999899357173e-01,1.006436526601473520e-11
9.999999999899356062e-01,1.006436526601473359e-11,9.999999999899357173e-01,1.006436526601473520e-11
9.999999999899356062e-01,1.006436526601473359e-11,9.999999999899357173e-01,1.006436526601473520e-11
9.999999999899356062e-01,1.006436526601473359e-11,9.999999999899357173e-01,1.006436526601473520e-11
9.999999999899356062e-01,1.006436526601473359e-11,9.999999999899357173e-01,1.006436526601473520e-11
9.999999999899356062e-01,1.006436526601473359e-11,9.999999999899357173e-01,1.006436526601473520e-11
9.999999999899356062e-01,1.006436526601473359e-11,9.999999999899357173e-01,1.006436526601473520e-11
9.999999999899356062e-01,1.006436526601473359e-11,9.999999999899357173e-01,1.006436526601473520e-11
9.999999999894058078e-01,1.059421469916255136e-11,9.999999999894058078e-01,1.059421469916255136e-11
9.999999999899356062e-01,1.006436526601473359e-11,9.999999999899356062e-01,1.006436526601473359e-11
9.999999999899356062e-01,1.006436526601473359e-11,9.999999999899357173e-01,1.006436526601473520e-11
9.999999999899356062e-01,1.006436526601473359e-11,9.999999999899357173e-01,1.006436526601473520e-11
9.999999999899356062e-01,1.006436526601473359e-11,9.999999999899357173e-01,1.006436526601473520e-11
9.999999999899356062e-01,1.006436526601473359e-11,9.999999999899357173e-01,1.006436526601473520e-11
9.999999999899356062e-01,1.006436526601473359e-11,9.999999999899357173e-01,1.006436526601473520e-11
9.999999999899356062e-01,1.006436526601473359e-11,9.999999999899357173e-01,1.006436526601473520e-11
9.999999999899356062e-01,1.006436526601473359e-11,9.999999999899357173e-01,1.006436526601473520e-11
9.999999999899356062e-01,1.006436526601473359e-11,9.999999999899357173e-01,1.006436526601473520e-11
9.999999999899356062e-01,1.006436526601473359e-11,9.999999999899357173e-01,1.006436526601473520e-11
9.999999999899356062e-01,1.006436526601473359e-11,9.999999999899357173e-01,1.006436526601473520e-11
9.999999999899356062e-01,1.006436526601473359e-11,9.999999999899357173e-01,1.006436526601473520e-11
9.999999999899356062e-01,1.006436526601473359e-11,9.999999999899357173e-01,1.006436526601473520e-11
9.999999999899356062e-01,1.006436526601473359e-11,9.999999999899357173e-01,1.006436526601473520e-11
9.999999999899356062e-01,1.006436526601473359e-11,9.999999999899357173e-01,1.006436526601473520e-11
9.999999999899356062e-01,1.006436526601473359e-11,9.999999999899357173e-01,1.006436526601473520e-11
9.999999999899356062e-01,1.006436526601473359e-11,9.999999999899357173e-01,1.006436526601473520e-11
9.999999999899356062e-01,1.006436526601473359e-11,9.999999999899357173e-01,1.006436526601473520e-11
9.999999999899356062e-01,1.006436526601473359e-11,9.999999999899357173e-01,1.006436526601473520e-11
9.999999999953544938e-01,4.645487461635651572e-12,9.999999999953546048e-01,4.645487461635651572e-12
9.999999999899356062e-01,1.006436526601473359e-11,9.999999999899354952e-01,1.006436526601473359e-11
9.999999999899356062e-01,1.006436526601473359e-11,9.999999999899357173e-01,1.006436526601473520e-11
9.999999999899356062e-01,1.006436526601473359e-11,9.999999999899357173e-01,1.006436526601473520e-11
9.999999999899356062e-01,1.006436526601473359e-11,9.999999999899357173e-01,1.006436526601473520e-11
9.999999999899356062e-01,1.006436526601473359e-11,9.999999999899357173e-01,1.006436526601473520e-11
9.999999999899356062e-01,1.006436526601473359e-11,9.999999999899357173e-01,1.006436526601473520e-11
9.999999999899356062e-01,1.006436526601473359e-11,9.999999999899357173e-01,1.006436526601473520e-11
9.999999999899356062e-01,1.006436526601473359e-11,9.999999999899357173e-01,1.006436526601473520e-11
9.999999999899356062e-01,1.006436526601473359e-11,9.999999999899357173e-01,1.006436526601473520e-11
9.999999999899356062e-01,1.006436526601473359e-11,9.999999999899357173e-01,1.006436526601473520e-11
9.999999999899356062e-01,1.006436526601473359e-11,9.999999999899357173e-01,1.006436526601473520e-11
9.999999999899356062e-01,1.006436526601473359e-11,9.999999999899357173e-01,1.006436526601473520e-11
9.999999999899356062e-01,1.006436526601473359e-11,9.999999999899357173e-01,1.006436526601473520e-11
9.999999999899356062e-01,1.006436526601473359e-11,9.999999999899357173e-01,1.006436526601473520e-11
9.999999999837737574e-01,1.622624383860555145e-11,9.999999999837737574e-01,1.622624383860555469e-11
9.999999999899356062e-01,1.006436526601473359e-11,9.999999999899356062e-01,1.006436526601473359e-11
9.999999999899356062e-01,1.006436526601473359e-11,9.999999999899357173e-01,1.006436526601473520e-11
9.999999999899356062e-01,1.006436526601473359e-11,9.999999999899357173e-01,1.006436526601473520e-11
9.999999999899356062e-01,1.006436526601473359e-11,9.999999999899357173e-01,1.006436526601473520e-11
9.999999999899356062e-01,1.006436526601473359e-11,9.999999999899357173e-01,1.006436526601473520e-11
9.999999999899356062e-01,1.006436526601473359e-11,9.999999999899357173e-01,1.006436526601473520e-11
9.999999999899356062e-01,1.006436526601473359e-11,9.999999999899357173e-01,1.006436526601473520e-11
9.999999999899356062e-01,1.006436526601473359e-11,9.999999999899357173e-01,1.006436526601473520e-11
9.999999999899356062e-01,1.006436526601473359e-11,9.999999999899357173e-01,1.006436526601473520e-11
9.999999999899356062e-01,1.006436526601473359e-11,9.999999999899357173e-01,1.006436526601473520e-11
9.999999999899356062e-01,1.006436526601473359e-11,9.999999999899357173e-01,1.006436526601473520e-11
9.999999999899356062e-01,1.006436526601473359e-11,9.999999999899357173e-01,1.006436526601473520e-11
9.999999999899356062e-01,1.006436526601473359e-11,9.999999999899357173e-01,1.006436526601473520e-11
9.999999999899356062e-01,1.006436526601473359e-11,9.999999999899357173e-01,1.006436526601473520e-11
9.999999999899356062e-01,1.006436526601473359e-11,9.999999999899357173e-01,1.006436526601473520e-11
9.999999999899356062e-01,1.006436526601473359e-11,9.999999999899357173e-01,1.006436526601473520e-11
9.999999999899356062e-01,1.006436526601473359e-11,9.999999999899357173e-01,1.006436526601473520e-11
9.999999999899356062e-01,1.006436526601473359e-11,9.999999999899357173e-01,1.006436526601473520e-11
9.999999999899356062e-01,1.006436526601473359e-11,9.999999999899357173e-01,1.006436526601473520e-11
9.999999999899356062e-01,1.006436526601473359e-11,9.999999999899357173e-01,1.006436526601473520e-11
9.999999999899356062e-01,1.006436526601473359e-11,9.999999999899357173e-01,1.006436526601473520e-11
9.999999999899356062e-01,1.006436526601473359e-11,9.999999999899357173e-01,1.006436526601473520e-11
9.999999999899356062e-01,1.006436526601473359e-11,9.999999999899357173e-01,1.006436526601473520e-11
9.999999999933496531e-01,6.650344746519999898e-12,9.999999999933495420e-01,6.650344746520000706e-12
9.999999999899356062e-01,1.006436526601473359e-11,9.999999999899356062e-01,1.006436526601473520e-11
9.999999999899356062e-01,1.006436526601473359e-11,9.999999999899357173e-01,1.006436526601473520e-11
9.999999999899356062e-01,1.006436526601473359e-11,9.999999999899357173e-01,1.006436526601473520e-11
9.999999999899356062e-01,1.006436526601473359e-11,9.999999999899357173e-01,1.006436526601473520e-11
9.999999999899356062e-01,1.006436526601473359e-11,9.999999999899357173e-01,1.006436526601473520e-11
9.999999999899356062e-01,1.006436526601473359e-11,9.999999999899357173e-01,1.006436526601473520e-11
9.999999999899356062e-01,1.006436526601473359e-11,9.999999999899357173e-01,1.006436526601473520e-11
9.999999999899356062e-01,1.006436526601473359e-11,9.999999999899357173e-01,1.006436526601473520e-11
9.999999999899356062e-01,1.006436526601473359e-11,9.999999999899357173e-01,1.006436526601473520e-11
9.999999999899356062e-01,1.006436526601473359e-11,9.999999999899357173e-01,1.006436526601473520e-11
9.999999999899356062e-01,1.006436526601473359e-11,9.999999999899357173e-01,1.006436526601473520e-11
9.999999999899356062e-01,1.006436526601473359e-11,9.999999999899357173e-01,1.006436526601473520e-11
9.999999999899356062e-01,1.006436526601473359e-11,9.999999999899357173e-01,1.006436526601473520e-11
9.999999999899356062e-01,1.006436526601473359e-11,9.999999999899357173e-01,1.006436526601473520e-11
9.999999999899356062e-01,1.006436526601473359e-11,9.999999999899357173e-01,1.006436526601473520e-11
9.999999999899356062e-01,1.006436526601473359e-11,9.999999999899357173e-01,1.006436526601473520e-11
9.999999999939095385e-01,6.090412875496382825e-12,9.999999999939096496e-01,6.090412875496383633e-12
9.999999999955236918e-01,4.476278123312817834e-12,9.999999999955238028e-01,4.476278123312817834e-12
9.999999999899356062e-01,1.006436526601473359e-11,9.999999999899357173e-01,1.006436526601473520e-11
9.999999999899356062e-01,1.006436526601473359e-11,9.999999999899357173e-01,1.006436526601473520e-11
9.999999999899356062e-01,1.006436526601473359e-11,9.999999999899357173e-01,1.006436526601473520e-11
9.999999999899356062e-01,1.006436526601473359e-11,9.999999999899357173e-01,1.006436526601473520e-11
9.999999999955372365e-01,4.462777587715606883e-12,9.999999999955372365e-01,4.462777587715606883e-12
9.999999999899356062e-01,1.006436526601473359e-11,9.999999999899356062e-01,1.006436526601473359e-11
9.999999999899356062e-01,1.006436526601473359e-11,9.999999999899357173e-01,1.006436526601473520e-11
9.999999999899356062e-01,1.006436526601473359e-11,9.999999999899357173e-01,1.006436526601473520e-11
9.999999999899356062e-01,1.006436526601473359e-11,9.999999999899357173e-01,1.006436526601473520e-11
9.999999999955372365e-01,4.462777587715606883e-12,9.999999999955372365e-01,4.462777587715606883e-12
9.999999999899356062e-01,1.006436526601473359e-11,9.999999999899356062e-01,1.006436526601473359e-11
9.999999999899356062e-01,1.006436526601473359e-11,9.999999999899357173e-01,1.006436526601473520e-11
9.999999999899356062e-01,1.006436526601473359e-11,9.999999999899357173e-01,1.006436526601473520e-11
9.999999999899356062e-01,1.006436526601473359e-11,9.999999999899357173e-01,1.006436526601473520e-11
9.999999999954932717e-01,4.506725468249470237e-12,9.999999999954932717e-01,4.506725468249469429e-12
9.999999999899356062e-01,1.006436526601473359e-11,9.999999999899356062e-01,1.006436526601473359e-11
9.999999999899356062e-01,1.006436526601473359e-11,9.999999999899357173e-01,1.006436526601473520e-11
9.999999999955387908e-01,4.461220696168341326e-12,9.999999999955387908e-01,4.461220696168342134e-12
9.999999999923419036e-01,7.658139894137861334e-12,9.999999999923417926e-01,7.658139894137859719e-12
9.999999999899356062e-01,1.006436526601473359e-11,9.999999999899356062e-01,1.006436526601473197e-11
9.999999999899356062e-01,1.006436526601473359e-11,9.999999999899357173e-01,1.006436526601473520e-11
9.999999999899356062e-01,1.006436526601473359e-11,9.999999999899357173e-01,1.006436526601473520e-11
9.999999999899356062e-01,1.006436526601473359e-11,9.999999999899357173e-01,1.006436526601473520e-11
9.999999999899356062e-01,1.006436526601473359e-11,9.999999999899357173e-01,1.006436526601473520e-11
9.999999999899356062e-01,1.006436526601473359e-11,9.999999999899357173e-01,1.006436526601473520e-11
9.999999999773966364e-01,2.260333082440866689e-11,9.999999999773967474e-01,2.260333082440867012e-11
9.999999999899356062e-01,1.006436526601473359e-11,9.999999999899356062e-01,1.006436526601473359e-11
9.999999999899356062e-01,1.006436526601473359e-11,9.999999999899357173e-01,1.006436526601473520e-11
9.999999999899356062e-01,1.006436526601473359e-11,9.999999999899357173e-01,1.006436526601473520e-11
9.999999999899356062e-01,1.006436526601473359e-11,9.999999999899357173e-01,1.006436526601473520e-11
9.999999999899356062e-01,1.006436526601473359e-11,9.999999999899357173e-01,1.006436526601473520e-11
9.999999999899356062e-01,1.006436526601473359e-11,9.999999999899357173e-01,1.006436526601473520e-11
9.999999999899356062e-01,1.006436526601473359e-11,9.999999999899357173e-01,1.006436526601473520e-11
9.999999999899356062e-01,1.006436526601473359e-11,9.999999999899357173e-01,1.006436526601473520e-11
9.999999999899356062e-01,1.006436526601473359e-11,9.999999999899357173e-01,1.006436526601473520e-11
9.999999999899356062e-01,1.006436526601473359e-11,9.999999999899357173e-01,1.006436526601473520e-11
9.999999999899356062e-01,1.006436526601473359e-11,9.999999999899357173e-01,1.006436526601473520e-11
9.999999999944296780e-01,5.570273398761915193e-12,9.999999999944297890e-01,5.570273398761916001e-12
9.999999999899356062e-01,1.006436526601473359e-11,9.999999999899357173e-01,1.006436526601473520e-11
9.999999999899356062e-01,1.006436526601473359e-11,9.999999999899357173e-01,1.006436526601473520e-11
9.999999999899356062e-01,1.006436526601473359e-11,9.999999999899357173e-01,1.006436526601473520e-11
9.999999999899356062e-01,1.006436526601473359e-11,9.999999999899357173e-01,1.006436526601473520e-11
9.999999999899356062e-01,1.006436526601473359e-11,9.999999999899357173e-01,1.006436526601473520e-11
9.999999999899356062e-01,1.006436526601473359e-11,9.999999999899357173e-01,1.006436526601473520e-11
9.999999999899356062e-01,1.006436526601473359e-11,9.999999999899357173e-01,1.006436526601473520e-11
9.999999999899356062e-01,1.006436526601473359e-11,9.999999999899357173e-01,1.006436526601473520e-11
9.999999999899356062e-01,1.006436526601473359e-11,9.999999999899357173e-01,1.006436526601473520e-11
9.999999999955236918e-01,4.476278123312817834e-12,9.999999999955236918e-01,4.476278123312817834e-12
9.999999999899356062e-01,1.006436526601473359e-11,9.999999999899357173e-01,1.006436526601473520e-11
9.999999999899356062e-01,1.006436526601473359e-11,9.999999999899357173e-01,1.006436526601473520e-11
9.999999999948926410e-01,5.107369090512003066e-12,9.999999999948925300e-01,5.107369090512003066e-12
9.999999999942685847e-01,5.731468574141193056e-12,9.999999999942684736e-01,5.731468574141193056e-12
9.999999999899356062e-01,1.006436526601473359e-11,9.999999999899356062e-01,1.006436526601473520e-11
9.999999999899356062e-01,1.006436526601473359e-11,9.999999999899357173e-01,1.006436526601473520e-11
9.999999999928261829e-01,7.173779663715421509e-12,9.999999999928262939e-01,7.173779663715422317e-12
9.999999999899356062e-01,1.006436526601473359e-11,9.999999999899356062e-01,1.006436526601473359e-11
9.999999999899356062e-01,1.006436526601473359e-11,9.999999999899357173e-01,1.006436526601473520e-11
9.999999999899356062e-01,1.006436526601473359e-11,9.999999999899357173e-01,1.006436526601473520e-11
9.999999999899356062e-01,1.006436526601473359e-11,9.999999999899357173e-01,1.006436526601473520e-11
9.999999999899356062e-01,1.006436526601473359e-11,9.999999999899357173e-01,1.006436526601473520e-11
9.999999999942685847e-01,5.731468574141193056e-12,9.999999999942685847e-01,5.731468574141193863e-12
9.999999999899356062e-01,1.006436526601473359e-11,9.999999999899356062e-01,1.006436526601473520e-11
9.999999999899356062e-01,1.006436526601473359e-11,9.999999999899357173e-01,1.006436526601473520e-11
9.999999999894058078e-01,1.059421469916255136e-11,9.999999999894058078e-01,1.059421469916255136e-11
9.999999999899356062e-01,1.006436526601473359e-11,9.999999999899356062e-01,1.006436526601473359e-11
9.999999999899356062e-01,1.006436526601473359e-11,9.999999999899357173e-01,1.006436526601473520e-11
9.999999999899356062e-01,1.006436526601473359e-11,9.999999999899357173e-01,1.006436526601473520e-11
9.999999999899356062e-01,1.006436526601473359e-11,9.999999999899357173e-01,1.006436526601473520e-11
9.999999999899356062e-01,1.006436526601473359e-11,9.999999999899357173e-01,1.006436526601473520e-11
9.999999999899356062e-01,1.006436526601473359e-11,9.999999999899357173e-01,1.006436526601473520e-11
9.999999999899356062e-01,1.006436526601473359e-11,9.999999999899357173e-01,1.006436526601473520e-11
9.999999999899356062e-01,1.006436526601473359e-11,9.999999999899357173e-01,1.006436526601473520e-11
9.999999999899356062e-01,1.006436526601473359e-11,9.999999999899357173e-01,1.006436526601473520e-11
9.999999999899356062e-01,1.006436526601473359e-11,9.999999999899357173e-01,1.006436526601473520e-11
9.999999999899356062e-01,1.006436526601473359e-11,9.999999999899357173e-01,1.006436526601473520e-11
9.999999999899356062e-01,1.006436526601473359e-11,9.999999999899357173e-01,1.006436526601473520e-11
9.999999999899356062e-01,1.006436526601473359e-11,9.999999999899357173e-01,1.006436526601473520e-11
9.999999999899356062e-01,1.006436526601473359e-11,9.999999999899357173e-01,1.006436526601473520e-11
9.999999999899356062e-01,1.006436526601473359e-11,9.999999999899357173e-01,1.006436526601473520e-11
9.999999999899356062e-01,1.006436526601473359e-11,9.999999999899357173e-01,1.006436526601473520e-11
9.999999999899356062e-01,1.006436526601473359e-11,9.999999999899357173e-01,1.006436526601473520e-11
9.999999999899356062e-01,1.006436526601473359e-11,9.999999999899357173e-01,1.006436526601473520e-11
9.999999999899356062e-01,1.006436526601473359e-11,9.999999999899357173e-01,1.006436526601473520e-11
9.999999999899356062e-01,1.006436526601473359e-11,9.999999999899357173e-01,1.006436526601473520e-11
9.999999999899356062e-01,1.006436526601473359e-11,9.999999999899357173e-01,1.006436526601473520e-11
9.999999999899356062e-01,1.006436526601473359e-11,9.999999999899357173e-01,1.006436526601473520e-11
9.999999999899356062e-01,1.006436526601473359e-11,9.999999999899357173e-01,1.006436526601473520e-11
9.999999999954932717e-01,4.506725468249470237e-12,9.999999999954932717e-01,4.506725468249469429e-12
9.999999999899356062e-01,1.006436526601473359e-11,9.999999999899356062e-01,1.006436526601473359e-11
9.999999999899356062e-01,1.006436526601473359e-11,9.999999999899357173e-01,1.006436526601473520e-11
9.999999999899356062e-01,1.006436526601473359e-11,9.999999999899357173e-01,1.006436526601473520e-11
9.999999999899356062e-01,1.006436526601473359e-11,9.999999999899357173e-01,1.006436526601473520e-11
9.999999999899356062e-01,1.006436526601473359e-11,9.999999999899357173e-01,1.006436526601473520e-11
9.999999999899356062e-01,1.006436526601473359e-11,9.999999999899357173e-01,1.006436526601473520e-11
9.999999999899356062e-01,1.006436526601473359e-11,9.999999999899357173e-01,1.006436526601473520e-11
9.999999999899356062e-01,1.006436526601473359e-11,9.999999999899357173e-01,1.006436526601473520e-11
9.999999999899356062e-01,1.006436526601473359e-11,9.999999999899357173e-01,1.006436526601473520e-11
9.999999999899356062e-01,1.006436526601473359e-11,9.999999999899357173e-01,1.006436526601473520e-11
9.999999999899356062e-01,1.006436526601473359e-11,9.999999999899357173e-01,1.006436526601473520e-11
9.999999999899356062e-01,1.006436526601473359e-11,9.999999999899357173e-01,1.006436526601473520e-11
9.999999999899356062e-01,1.006436526601473359e-11,9.999999999899357173e-01,1.006436526601473520e-11
9.999999999949116258e-01,5.088395614135968875e-12,9.999999999949116258e-01,5.088395614135969683e-12
9.999999999899356062e-01,1.006436526601473359e-11,9.999999999899356062e-01,1.006436526601473359e-11
9.999999999899356062e-01,1.006436526601473359e-11,9.999999999899357173e-01,1.006436526601473520e-11
9.999999999899356062e-01,1.006436526601473359e-11,9.999999999899357173e-01,1.006436526601473520e-11
9.999999999899356062e-01,1.006436526601473359e-11,9.999999999899357173e-01,1.006436526601473520e-11
9.999999999899356062e-01,1.006436526601473359e-11,9.999999999899357173e-01,1.006436526601473520e-11
9.999999999945707874e-01,5.429193516163432098e-12,9.999999999945708984e-01,5.429193516163432098e-12
9.999999999955236918e-01,4.476278123312817834e-12,9.999999999955236918e-01,4.476278123312818642e-12
9.999999999899356062e-01,1.006436526601473359e-11,9.999999999899357173e-01,1.006436526601473520e-11
9.999999999919976235e-01,8.002350202399185103e-12,9.999999999919976235e-01,8.002350202399183487e-12
9.999999999899356062e-01,1.006436526601473359e-11,9.999999999899356062e-01,1.006436526601473359e-11
9.999999999899356062e-01,1.006436526601473359e-11,9.999999999899357173e-01,1.006436526601473520e-11
9.999999999899356062e-01,1.006436526601473359e-11,9.999999999899357173e-01,1.006436526601473520e-11
9.999999999899356062e-01,1.006436526601473359e-11,9.999999999899357173e-01,1.006436526601473520e-11
9.999999999899356062e-01,1.006436526601473359e-11,9.999999999899357173e-01,1.006436526601473520e-11
9.999999999899356062e-01,1.006436526601473359e-11,9.999999999899357173e-01,1.006436526601473520e-11
9.999999999899356062e-01,1.006436526601473359e-11,9.999999999899357173e-01,1.006436526601473520e-11
9.999999999933496531e-01,6.650344746519999898e-12,9.999999999933495420e-01,6.650344746520000706e-12
9.999999999918549598e-01,8.144940324079871441e-12,9.999999999918550708e-01,8.144940324079871441e-12
9.999999999913983251e-01,8.601674835669244939e-12,9.999999999913983251e-01,8.601674835731829553e-12
9.999999999952834395e-01,4.716556624713789368e-12,9.999999999952834395e-01,4.716556624713789368e-12
9.999999999899356062e-01,1.006436526601473359e-11,9.999999999899356062e-01,1.006436526601473359e-11
9.999999999899356062e-01,1.006436526601473359e-11,9.999999999899357173e-01,1.006436526601473520e-11
9.999999999899356062e-01,1.006436526601473359e-11,9.999999999899357173e-01,1.006436526601473520e-11
9.999999999899356062e-01,1.006436526601473359e-11,9.999999999899357173e-01,1.006436526601473520e-11
9.999999999899356062e-01,1.006436526601473359e-11,9.999999999899357173e-01,1.006436526601473520e-11
9.999999999899356062e-01,1.006436526601473359e-11,9.999999999899357173e-01,1.006436526601473520e-11
9.999999999899356062e-01,1.006436526601473359e-11,9.999999999899357173e-01,1.006436526601473520e-11
9.999999999899356062e-01,1.006436526601473359e-11,9.999999999899357173e-01,1.006436526601473520e-11
9.999999999899356062e-01,1.006436526601473359e-11,9.999999999899357173e-01,1.006436526601473520e-11
9.999999999899356062e-01,1.006436526601473359e-11,9.999999999899357173e-01,1.006436526601473520e-11
9.999999999899356062e-01,1.006436526601473359e-11,9.999999999899357173e-01,1.006436526601473520e-11
9.999999999899356062e-01,1.006436526601473359e-11,9.999999999899357173e-01,1.006436526601473520e-11
9.999999999949931162e-01,5.006829722100835578e-12,9.999999999949932272e-01,5.006829722100836386e-12
9.999999999650964755e-01,3.490349648744018253e-11,9.999999999650965865e-01,3.490349648744018900e-11
9.999999999899356062e-01,1.006436526601473359e-11,9.999999999899357173e-01,1.006436526601473520e-11
9.999999999899356062e-01,1.006436526601473359e-11,9.999999999899357173e-01,1.006436526601473520e-11
9.999999999899356062e-01,1.006436526601473359e-11,9.999999999899357173e-01,1.006436526601473520e-11
9.999999999899356062e-01,1.006436526601473359e-11,9.999999999899357173e-01,1.006436526601473520e-11
9.999999999899356062e-01,1.006436526601473359e-11,9.999999999899357173e-01,1.006436526601473520e-11
9.999999999899356062e-01,1.006436526601473359e-11,9.999999999899357173e-01,1.006436526601473520e-11
9.999999999899356062e-01,1.006436526601473359e-11,9.999999999899357173e-01,1.006436526601473520e-11
9.999999999899356062e-01,1.006436526601473359e-11,9.999999999899357173e-01,1.006436526601473520e-11
9.999999999899356062e-01,1.006436526601473359e-11,9.999999999899357173e-01,1.006436526601473520e-11
9.999999999954550800e-01,4.544940010514135871e-12,9.999999999954550800e-01,4.544940010514135871e-12
9.999999999899356062e-01,1.006436526601473359e-11,9.999999999899356062e-01,1.006436526601473359e-11
9.999999999899356062e-01,1.006436526601473359e-11,9.999999999899357173e-01,1.006436526601473520e-11
9.999999999899356062e-01,1.006436526601473359e-11,9.999999999899357173e-01,1.006436526601473520e-11
9.999999999899356062e-01,1.006436526601473359e-11,9.999999999899357173e-01,1.006436526601473520e-11
9.999999999899356062e-01,1.006436526601473359e-11,9.999999999899357173e-01,1.006436526601473520e-11
9.999999999899356062e-01,1.006436526601473359e-11,9.999999999899357173e-01,1.006436526601473520e-11
9.999999999899356062e-01,1.006436526601473359e-11,9.999999999899357173e-01,1.006436526601473520e-11
9.999999999954136687e-01,4.586312181234149394e-12,9.999999999954136687e-01,4.586312181234149394e-12
9.999999999899356062e-01,1.006436526601473359e-11,9.999999999899357173e-01,1.006436526601473359e-11
9.999999999899356062e-01,1.006436526601473359e-11,9.999999999899357173e-01,1.006436526601473520e-11
9.999999999899356062e-01,1.006436526601473359e-11,9.999999999899357173e-01,1.006436526601473520e-11
9.999999999899356062e-01,1.006436526601473359e-11,9.999999999899357173e-01,1.006436526601473520e-11
9.999999999899356062e-01,1.006436526601473359e-11,9.999999999899357173e-01,1.006436526601473520e-11
9.999999999899356062e-01,1.006436526601473359e-11,9.999999999899357173e-01,1.006436526601473520e-11
9.999999999899356062e-01,1.006436526601473359e-11,9.999999999899357173e-01,1.006436526601473520e-11
9.999999999899356062e-01,1.006436526601473359e-11,9.999999999899357173e-01,1.006436526601473520e-11
9.999999304448655701e-01,6.955513440490444612e-08,9.999999304448656812e-01,6.955513440490444612e-08
9.999999304448655701e-01,6.955513440490444612e-08,9.999999304448656812e-01,6.955513440490445936e-08
9.999999304448655701e-01,6.955513440490444612e-08,9.999999304448656812e-01,6.955513440490445936e-08
9.999999304448655701e-01,6.955513440490444612e-08,9.999999304448656812e-01,6.955513440490445936e-08
9.999999304448655701e-01,6.955513440490444612e-08,9.999999304448656812e-01,6.955513440490445936e-08
9.999999304448655701e-01,6.955513440490444612e-08,9.999999304448656812e-01,6.955513440490445936e-08
9.999999304448655701e-01,6.955513440490444612e-08,9.999999304448656812e-01,6.955513440490445936e-08
9.999999304448655701e-01,6.955513440490444612e-08,9.999999304448656812e-01,6.955513440490445936e-08
9.999999304448655701e-01,6.955513440490444612e-08,9.999999304448656812e-01,6.955513440490445936e-08
9.999999304448655701e-01,6.955513440490444612e-08,9.999999304448656812e-01,6.955513440490445936e-08
9.999999304448655701e-01,6.955513440490444612e-08,9.999999304448656812e-01,6.955513440490445936e-08
9.999999304448655701e-01,6.955513440490444612e-08,9.999999304448656812e-01,6.955513440490445936e-08
9.999999304448655701e-01,6.955513440490444612e-08,9.999999304448656812e-01,6.955513440490445936e-08
9.999999304448655701e-01,6.955513440490444612e-08,9.999999304448656812e-01,6.955513440490445936e-08
9.999999304448655701e-01,6.955513440490444612e-08,9.999999304448656812e-01,6.955513440490445936e-08
9.999999304448655701e-01,6.955513440490444612e-08,9.999999304448656812e-01,6.955513440490445936e-08
9.999999304448655701e-01,6.955513440490444612e-08,9.999999304448656812e-01,6.955513440490445936e-08
9.999999304448655701e-01,6.955513440490444612e-08,9.999999304448656812e-01,6.955513440490445936e-08
9.999999304448655701e-01,6.955513440490444612e-08,9.999999304448656812e-01,6.955513440490445936e-08
9.999999304448655701e-01,6.955513440490444612e-08,9.999999304448656812e-01,6.955513440490445936e-08
9.999999304448655701e-01,6.955513440490444612e-08,9.999999304448656812e-01,6.955513440490445936e-08
9.999999304448655701e-01,6.955513440490444612e-08,9.999999304448656812e-01,6.955513440490445936e-08
9.999999304448655701e-01,6.955513440490444612e-08,9.999999304448656812e-01,6.955513440490445936e-08
9.999999304448655701e-01,6.955513440490444612e-08,9.999999304448656812e-01,6.955513440490445936e-08
9.999999304448655701e-01,6.955513440490444612e-08,9.999999304448656812e-01,6.955513440490445936e-08
9.999999304448655701e-01,6.955513440490444612e-08,9.999999304448656812e-01,6.955513440490445936e-08
9.999999304448655701e-01,6.955513440490444612e-08,9.999999304448656812e-01,6.955513440490445936e-08
9.999999304448655701e-01,6.955513440490444612e-08,9.999999304448656812e-01,6.955513440490445936e-08
9.999999304448655701e-01,6.955513440490444612e-08,9.999999304448656812e-01,6.955513440490445936e-08
9.999999304448655701e-01,6.955513440490444612e-08,9.999999304448656812e-01,6.955513440490445936e-08
9.999999999899356062e-01,1.006436526601473359e-11,9.999999999899356062e-01,1.006436526601473359e-11
9.999999999899356062e-01,1.006436526601473359e-11,9.999999999899357173e-01,1.006436526601473520e-11
9.999999999899356062e-01,1.006436526601473359e-11,9.999999999899357173e-01,1.006436526601473520e-11
1.204632648630328443e-17,1.000000000000000000e+00,1.204632648630328597e-17,1.000000000000000000e+00
2.900305680508703685e-42,1.000000000000000000e+00,2.900305680508703685e-42,1.000000000000000000e+00
1.280513414466977118e-29,1.000000000000000000e+00,1.280513414466977118e-29,1.000000000000000000e+00
1.024093259706768497e-07,9.999998975906739807e-01,1.024093259706768629e-07,9.999998975906739807e-01
9.525930785913570199e-64,1.000000000000000000e+00,9.525930785913570199e-64,1.000000000000000000e+00
1.729472159156367546e-86,1.000000000000000000e+00,1.729472159156367546e-86,1.000000000000000000e+00
1.133231708868346983e-217,1.000000000000000000e+00,1.133231708868346983e-217,1.000000000000000000e+00
1.807898221812568306e-35,1.000000000000000000e+00,1.807898221812568574e-35,1.000000000000000000e+00
4.500959010832750207e-134,1.000000000000000000e+00,4.500959010832751184e-134,1.000000000000000000e+00
2.418487454728752030e-100,1.000000000000000000e+00,2.418487454728751522e-100,1.000000000000000000e+00
1.204632648630328443e-17,1.000000000000000000e+00,1.204632648630328443e-17,1.000000000000000000e+00
4.238036665409436526e-09,9.999999957619634117e-01,4.238036665409436526e-09,9.999999957619634117e-01
2.660874161072915971e-54,1.000000000000000000e+00,2.660874161072915971e-54,1.000000000000000000e+00
3.118280795953258338e-12,9.999999999968816056e-01,3.118280795953258742e-12,9.999999999968818276e-01
5.075134280179416368e-03,9.949248657198206391e-01,5.075134280179417236e-03,9.949248657198205281e-01
9.999696545150302818e-01,3.034548496967627305e-05,9.999696545150302818e-01,3.034548496967627305e-05
9.999998453444800539e-01,1.546555199409894226e-07,9.999998453444800539e-01,1.546555199409894226e-07
9.999999999916409088e-01,8.359062569314931437e-12,9.999999999916409088e-01,8.359062569314931437e-12
7.552308208795004252e-14,9.999999999999245048e-01,7.552308208795004252e-14,9.999999999999243938e-01
9.999999999203140755e-01,7.968584051343268729e-11,9.999999999203141865e-01,7.968584051343268729e-11
9.999999999928261829e-01,7.173779663715422317e-12,9.999999999928262939e-01,7.173779663715422317e-12
9.999999999948926410e-01,5.107369090512003066e-12,9.999999999948926410e-01,5.107369090512003873e-12
9.999999999650964755e-01,3.490349648744018253e-11,9.999999999650965865e-01,3.490349648744018900e-11
9.999999999948683271e-01,5.131695836195938107e-12,9.999999999948682161e-01,5.131695836195937299e-12
9.999999999933496531e-01,6.650344746519999898e-12,9.999999999933496531e-01,6.650344746519999898e-12
9.999999999894058078e-01,1.059421469916255136e-11,9.999999999894058078e-01,1.059421469916255136e-11
9.999999999937111417e-01,6.288878759673187249e-12,9.999999999937111417e-01,6.288878759673187249e-12
9.999999999906339365e-01,9.366147881026150527e-12,9.999999999906338255e-01,9.366147881026150527e-12
9.999999999879028989e-01,1.209708840208108786e-11,9.999999999879028989e-01,1.209708840208108786e-11
9.999999999946544982e-01,5.345521493554953680e-12,9.999999999946544982e-01,5.345521493554952872e-12
9.999999999899356062e-01,1.006436526601473359e-11,9.999999999899357173e-01,1.006436526601473520e-11
9.999999992258554737e-01,7.741444925127605861e-10,9.999999992258555848e-01,7.741444925127607929e-10
9.999999999542145135e-01,4.578553539551429544e-11,9.999999999542145135e-01,4.578553539551429544e-11
9.999999999899356062e-01,1.006436526601473520e-11,9.999999999899356062e-01,1.006436526601473359e-11
9.999999999953544938e-01,4.645487461635651572e-12,9.999999999953546048e-01,4.645487461635651572e-12
9.999999999203141865e-01,7.968584051343268729e-11,9.999999999203141865e-01,7.968584051343270022e-11
9.999999999933496531e-01,6.650344746520000706e-12,9.999999999933496531e-01,6.650344746519999898e-12
9.999999999944296780e-01,5.570273398761914386e-12,9.999999999944296780e-01,5.570273398761915193e-12
9.999999999953544938e-01,4.645487461635651572e-12,9.999999999953544938e-01,4.645487461635651572e-12
9.999999999650964755e-01,3.490349648744018253e-11,9.999999999650965865e-01,3.490349648744018900e-11
9.999999999933496531e-01,6.650344746520000706e-12,9.999999999933496531e-01,6.650344746519999898e-12
9.995273477505143278e-01,4.726522494856116949e-04,9.995273477505144388e-01,4.726522494856116949e-04
9.887602347578714479e-01,1.123976524212856425e-02,9.887602347578714479e-01,1.123976524212856425e-02
1.807898221812568574e-35,1.000000000000000000e+00,1.807898221812568574e-35,1.000000000000000000e+00
4.600492362951099853e-46,1.000000000000000000e+00,4.600492362951099853e-46,1.000000000000000000e+00
8.282882430991952112e-39,1.000000000000000000e+00,8.282882430991952112e-39,1.000000000000000000e+00
5.791212680264434689e-49,1.000000000000000000e+00,5.791212680264434689e-49,1.000000000000000000e+00
1.390950192334912723e-70,1.000000000000000000e+00,9.999999998999999750e-11,9.999999998999999917e-01
8.055288391524809416e-109,1.000000000000000000e+00,9.187090367294292162e-283,1.000000000000000000e+00
1.000000000000000000e+00,8.055288391642030012e-109,5.592733038382346207e-233,1.000000000000000000e+00
1.807898221812568574e-35,1.000000000000000000e+00,1.807898221812568574e-35,1.000000000000000000e+00
9.525930785913571548e-64,1.000000000000000000e+00,9.525930785913570199e-64,1.000000000000000000e+00
2.647869429057981356e-203,1.000000000000000000e+00,2.647869429057981356e-203,1.000000000000000000e+00
1.000000000000000000e+00,2.647869429057981320e-193,6.853698544392947130e-202,1.000000000000000000e+00
1.000000000000000000e+00,6.158252613904727706e-36,5.661252541246351546e-310,1.000000000000000000e+00
6.853698544442814231e-192,1.000000000000000000e+00,2.142316050022731146e-165,1.000000000000000000e+00
8.282882430991953417e-39,1.000000000000000000e+00,8.282882430991952112e-39,1.000000000000000000e+00
2.660874161072915971e-54,1.000000000000000000e+00,2.660874161072915971e-54,1.000000000000000000e+00
8.800956425694297582e-125,1.000000000000000000e+00,8.800956425694297582e-125,1.000000000000000000e+00
4.109082433440388344e-50,1.000000000000000000e+00,4.109082433440388344e-50,1.000000000000000000e+00
2.660874161072915392e-54,1.000000000000000000e+00,2.660874161072915971e-54,1.000000000000000000e+00
3.802272892117316055e-93,1.000000000000000000e+00,3.802272892117316055e-93,1.000000000000000000e+00
2.900305680508703685e-42,1.000000000000000000e+00,2.900305680508703685e-42,1.000000000000000000e+00
1.729472159156367546e-86,1.000000000000000000e+00,1.729472159156367546e-86,1.000000000000000000e+00
4.701494535594361729e-02,9.529850546440564729e-01,4.701494535594360341e-02,9.529850546440563619e-01
4.600492362951099853e-46,1.000000000000000000e+00,4.600492362951099853e-46,1.000000000000000000e+00
2.868567708286731100e-249,1.000000000000000000e+00,2.868567708286730604e-249,1.000000000000000000e+00
1.204632648630328597e-17,1.000000000000000000e+00,1.204632648630328443e-17,1.000000000000000000e+00
9.999999978183631288e-01,2.181636924981145843e-09,9.999999978183631288e-01,2.181636924981145429e-09
9.999999999941007189e-01,5.899290110926179492e-12,9.999999999941007189e-01,5.899290110926179492e-12
9.999999999773967474e-01,2.260333082440867335e-11,9.999999999773967474e-01,2.260333082440867012e-11
9.999999999913983251e-01,8.601674835669244939e-12,9.999999999913983251e-01,8.601674835669244939e-12
9.999999999955236918e-01,4.476278123312817834e-12,9.999999999955235808e-01,4.476278123312817026e-12
9.999999999899356062e-01,1.006436526601473359e-11,9.999999999899357173e-01,1.006436526601473520e-11
9.999999999899356062e-01,1.006436526601473359e-11,9.999999999899357173e-01,1.006436526601473520e-11
9.999999999919976235e-01,8.002350202399185103e-12,9.999999999919976235e-01,8.002350202399183487e-12
9.999999999899356062e-01,1.006436526601473359e-11,9.999999999899356062e-01,1.006436526601473359e-11
9.999999999905299086e-01,9.470110775218478238e-12,9.999999999905299086e-01,9.470110775218478238e-12
9.999999999951034724e-01,4.896557034193483427e-12,9.999999999951034724e-01,4.896557034193483427e-12
9.999999999951034724e-01,4.896557034193482619e-12,9.999999999951034724e-01,4.896557034193482619e-12
9.999999999899356062e-01,1.006436526601473359e-11,9.999999999899356062e-01,1.006436526601473197e-11
9.999999999899356062e-01,1.006436526601473359e-11,9.999999999899357173e-01,1.006436526601473520e-11
9.999999999952163821e-01,4.783576317964525966e-12,9.999999999952164931e-01,4.783576317964526774e-12
9.999971298270133868e-01,2.870172986531674650e-06,9.999971298270134978e-01,2.870172986531674650e-06
9.999999999879028989e-01,1.209708840208108786e-11,9.999999999879028989e-01,1.209708840208108624e-11
9.999999999899356062e-01,1.006436526601473359e-11,9.999999999899357173e-01,1.006436526601473359e-11
9.999999999899356062e-01,1.006436526601473359e-11,9.999999999899357173e-01,1.006436526601473520e-11
9.999999999954614083e-01,4.538601109177454893e-12,9.999999999954614083e-01,4.538601109177454893e-12
9.999999999899356062e-01,1.006436526601473359e-11,9.999999999899356062e-01,1.006436526601473359e-11
9.999999999837737574e-01,1.622624383860555145e-11,9.999999999837737574e-01,1.622624383860555145e-11
9.999999999955432317e-01,4.456731138793610700e-12,9.999999999955432317e-01,4.456731138793610700e-12
9.999999999905297976e-01,9.470110775218476623e-12,9.999999999905299086e-01,9.470110775218476623e-12
9.999999999954056751e-01,4.594320500626134569e-12,9.999999999954055641e-01,4.594320500626133761e-12
9.999999999948926410e-01,5.107369090512003066e-12,9.999999999948926410e-01,5.107369090512003873e-12
9.999999999951034724e-01,4.896557034193482619e-12,9.999999999951034724e-01,4.896557034193483427e-12
9.999999999923987470e-01,7.601346801464903229e-12,9.999999999923986360e-01,7.601346801464903229e-12
9.999999999905299086e-01,9.470110775218478238e-12,9.999999999905299086e-01,9.470110775218478238e-12
9.999999999913983251e-01,8.601674835669244939e-12,9.999999999913982140e-01,8.601674835731829553e-12
9.999999999919976235e-01,8.002350202399185103e-12,9.999999999919976235e-01,8.002350202399183487e-12
9.999999999955387908e-01,4.461220696168341326e-12,9.999999999955389018e-01,4.461220696168342134e-12
9.999999999899356062e-01,1.006436526601473359e-11,9.999999999899356062e-01,1.006436526601473359e-11
9.999999999913983251e-01,8.601674835669244939e-12,9.999999999913984361e-01,8.601674835669244939e-12
9.999999999908945059e-01,9.105508767062052676e-12,9.999999999908945059e-01,9.105508767062052676e-12
9.999999999773966364e-01,2.260333082440866689e-11,9.999999999773967474e-01,2.260333082440867012e-11
5.646231525294817466e-22,1.000000000000000000e+00,5.646231525294817466e-22,1.000000000000000000e+00
3.118280795953258742e-12,9.999999999968818276e-01,3.118280795953258742e-12,9.999999999968818276e-01
5.075134280179416368e-03,9.949248657198206391e-01,5.075134280179417236e-03,9.949248657198205281e-01
9.999999999933496531e-01,6.650344746519999898e-12,9.999999999933496531e-01,6.650344746520000706e-12
7.171004187893644799e-01,2.828995812106355756e-01,7.171004187893643689e-01,2.828995812106355201e-01
9.999971298270134978e-01,2.870172986531675074e-06,9.999971298270133868e-01,2.870172986531674650e-06
9.999999960903752649e-01,3.909624719461175298e-09,9.999999960903752649e-01,3.909624719461174470e-09
9.999912770566482534e-01,8.722943351731088723e-06,9.999912770566482534e-01,8.722943351731090417e-06
9.999971298270133868e-01,2.870172986531674650e-06,9.999971298270134978e-01,2.870172986531675074e-06
5.075134280179417236e-03,9.949248657198205281e-01,5.075134280179416368e-03,9.949248657198205281e-01
9.999999999951999508e-01,4.800040419966688827e-12,9.999999999952000618e-01,4.800040419966688827e-12
9.999999999954136687e-01,4.586312181234150202e-12,9.999999999954136687e-01,4.586312181234150202e-12
9.999999999899356062e-01,1.006436526601473359e-11,9.999999999899357173e-01,1.006436526601473520e-11
9.999999999905299086e-01,9.470110775218478238e-12,9.999999999905299086e-01,9.470110775218478238e-12
9.999999698367983969e-01,3.016320162172290927e-08,9.999999698367983969e-01,3.016320162172290265e-08
9.999999996834015858e-01,3.165983998440406576e-10,9.999999996834015858e-01,3.165983998440406059e-10
9.887602347578713369e-01,1.123976524212856425e-02,9.887602347578714479e-01,1.123976524212856598e-02
9.999999987502280474e-01,1.249771974204332411e-09,9.999999987502280474e-01,1.249771974204332411e-09
9.995273477505144388e-01,4.726522494856117492e-04,9.995273477505144388e-01,4.726522494856116949e-04
3.869696153122304537e-116,1.000000000000000000e+00,3.869696153122305101e-116,1.000000000000000000e+00
6.508554717865464225e-69,1.000000000000000000e+00,6.508554717865464225e-69,1.000000000000000000e+00
5.592733038382345313e-233,1.000000000000000000e+00,5.592733038382346207e-233,1.000000000000000000e+00
1.000000000000000000e+00,5.592733038423038568e-223,2.418487454728751522e-100,1.000000000000000000e+00
2.142316050022731146e-165,1.000000000000000000e+00,2.142316050022731146e-165,1.000000000000000000e+00
2.660874161072915971e-54,1.000000000000000000e+00,2.660874161072915971e-54,1.000000000000000000e+00
9.978702591860102444e-01,2.129740813989732147e-03,9.978702591860103555e-01,2.129740813989733014e-03
9.978702591860102444e-01,2.129740813989732581e-03,9.978702591860102444e-01,2.129740813989732581e-03
1.002134286194345477e-10,9.999999998997866069e-01,4.695406814308875295e-08,9.999999530459318109e-01
5.000000000000000000e-01,5.000000000000000000e-01,3.397932514659384198e-80,1.000000000000000000e+00
8.282882430991953417e-39,1.000000000000000000e+00,8.282882430991952112e-39,1.000000000000000000e+00
9.999999999916409088e-01,8.359062569314931437e-12,9.999999999916409088e-01,8.359062569314933052e-12
9.999999999720921018e-01,2.790791985147400355e-11,9.999999999720921018e-01,2.790791985147401001e-11
9.999999995101670480e-01,4.898329619653497084e-10,9.999999995101670480e-01,4.898329619653497084e-10
9.998888664507000756e-01,1.111335492998637137e-04,9.998888664507001867e-01,1.111335492998637273e-04
2.142316050022731146e-165,1.000000000000000000e+00,2.142316050022731146e-165,1.000000000000000000e+00
2.418487454728751522e-100,1.000000000000000000e+00,2.418487454728751522e-100,1.000000000000000000e+00
9.999999352164863353e-01,6.478351360437162646e-08,9.999999352164864463e-01,6.478351360437162646e-08
9.999971298270134978e-01,2.870172986531674650e-06,9.999971298270134978e-01,2.870172986531674650e-06
9.999999999879028989e-01,1.209708840208108786e-11,9.999999999879028989e-01,1.209708840208108624e-11
9.999999999918550708e-01,8.144940324079871441e-12,9.999999999918550708e-01,8.144940324079871441e-12
9.999999999952834395e-01,4.716556624713789368e-12,9.999999999952835505e-01,4.716556624713789368e-12
9.999996165722054853e-01,3.834277945064683469e-07,9.999996165722054853e-01,3.834277945064683469e-07
1.373808131947802352e-266,1.000000000000000000e+00,1.373808131947802352e-266,1.000000000000000000e+00
1.000000000000000000e+00,1.373808131947802168e-256,6.045497240068946441e-108,1.000000000000000000e+00
1.000000000000000000e+00,6.045497239980972491e-98,6.594072236494273518e-287,1.000000000000000000e+00
6.594072236542250804e-277,1.000000000000000000e+00,4.500959010832751184e-134,1.000000000000000000e+00
9.999999978183631288e-01,2.181636924981145429e-09,9.999999978183631288e-01,2.181636924981145429e-09
3.205186936509915818e-05,9.999679481306349427e-01,3.205186936509915818e-05,9.999679481306348316e-01
9.999696545150302818e-01,3.034548496967627305e-05,9.999696545150302818e-01,3.034548496967626966e-05
9.438928158463121917e-16,9.999999999999990008e-01,9.438928158463123889e-16,9.999999999999991118e-01
9.998888664507000756e-01,1.111335492998637273e-04,9.998888664507000756e-01,1.111335492998637137e-04
9.999912770566482534e-01,8.722943351731090417e-06,9.999912770566482534e-01,8.722943351731088723e-06
9.995273477505144388e-01,4.726522494856116949e-04,9.995273477505143278e-01,4.726522494856116407e-04
9.999996165722054853e-01,3.834277945064682940e-07,9.999996165722054853e-01,3.834277945064683469e-07
9.995273477505143278e-01,4.726522494856116949e-04,9.995273477505143278e-01,4.726522494856116949e-04
9.999999997909720939e-01,2.090278510371158343e-10,9.999999997909720939e-01,2.090278510371158602e-10
9.999999999650964755e-01,3.490349648744018253e-11,9.999999999650964755e-01,3.490349648744018253e-11
9.999999995101670480e-01,4.898329619653497084e-10,9.999999995101669370e-01,4.898329619653497084e-10
9.999999845245973740e-01,1.547540265996879833e-08,9.999999845245972629e-01,1.547540265996879833e-08
9.887602347578714479e-01,1.123976524212856425e-02,9.887602347578714479e-01,1.123976524212856425e-02
9.999971298270134978e-01,2.870172986531674650e-06,9.999971298270133868e-01,2.870172986531674650e-06
4.237959541079384116e-04,9.995762040458919806e-01,4.237959541079384116e-04,9.995762040458920916e-01
9.999999960903752649e-01,3.909624719461175298e-09,9.999999960903752649e-01,3.909624719461174470e-09
9.999999999837737574e-01,1.622624383860555145e-11,9.999999999837738685e-01,1.622624383860555145e-11
9.999999999542145135e-01,4.578553539551430190e-11,9.999999999542144025e-01,4.578553539551429544e-11
9.999999999894058078e-01,1.059421469916254974e-11,9.999999999894056968e-01,1.059421469916254974e-11
9.999989299898902617e-01,1.070010109750505346e-06,9.999989299898902617e-01,1.070010109750505134e-06
7.171004187893644799e-01,2.828995812106355756e-01,7.171004187893644799e-01,2.828995812106355756e-01
9.999696545150303928e-01,3.034548496967627644e-05,9.999696545150302818e-01,3.034548496967626966e-05
9.999999999809391360e-01,1.906088483030645028e-11,9.999999999809391360e-01,1.906088483030645028e-11
9.999999999203141865e-01,7.968584051343268729e-11,9.999999999203141865e-01,7.968584051343270022e-11
9.999999845245973740e-01,1.547540265996880164e-08,9.999999845245972629e-01,1.547540265996879833e-08
9.999989299898902617e-01,1.070010109750505346e-06,9.999989299898903727e-01,1.070010109750505346e-06
9.999999998902970866e-01,1.097029182957436915e-10,9.999999998902969756e-01,1.097029182957436915e-10
9.999999923441931227e-01,7.655806880215145554e-09,9.999999923441931227e-01,7.655806880215143900e-09
9.999999999894058078e-01,1.059421469916254974e-11,9.999999999894058078e-01,1.059421469916254974e-11
9.999999845245973740e-01,1.547540265996880164e-08,9.999999845245972629e-01,1.547540265996879833e-08
9.999999999941007189e-01,5.899290110926179492e-12,9.999999999941007189e-01,5.899290110926178684e-12
9.999999978183631288e-01,2.181636924981145429e-09,9.999999978183631288e-01,2.181636924981145843e-09
9.999999999894058078e-01,1.059421469916254974e-11,9.999999999894058078e-01,1.059421469916255136e-11
9.999999999906338255e-01,9.366147881026148911e-12,9.999999999906338255e-01,9.366147881026148911e-12
9.999999992258554737e-01,7.741444925127605861e-10,9.999999992258554737e-01,7.741444925127605861e-10
9.999999998528751322e-01,1.471248556222005226e-10,9.999999998528751322e-01,1.471248556222005226e-10
9.999999999947765117e-01,5.223516961325349211e-12,9.999999999947765117e-01,5.223516961325349211e-12
9.999999960903753760e-01,3.909624719461175298e-09,9.999999960903753760e-01,3.909624719461175298e-09
9.438928158463121917e-16,9.999999999999990008e-01,9.438928158463125861e-16,9.999999999999991118e-01
9.999999997909722049e-01,2.090278510371158860e-10,9.999999997909720939e-01,2.090278510371158343e-10
9.999999992258554737e-01,7.741444925127605861e-10,9.999999992258555848e-01,7.741444925127605861e-10
4.238036665409436526e-09,9.999999957619633006e-01,4.238036665409436526e-09,9.999999957619633006e-01
9.999971298270134978e-01,2.870172986531674227e-06,9.999971298270134978e-01,2.870172986531674650e-06
4.237959541079384116e-04,9.995762040458919806e-01,4.237959541079384116e-04,9.995762040458920916e-01
9.999696545150303928e-01,3.034548496967627305e-05,9.999696545150302818e-01,3.034548496967626966e-05
9.995273477505143278e-01,4.726522494856116949e-04,9.995273477505143278e-01,4.726522494856116949e-04
9.999696545150302818e-01,3.034548496967627305e-05,9.999696545150303928e-01,3.034548496967627305e-05
9.999999998902970866e-01,1.097029182957436786e-10,9.999999998902970866e-01,1.097029182957436786e-10
9.999999999906338255e-01,9.366147881026148911e-12,9.999999999906339365e-01,9.366147881026150527e-12
9.999999996834015858e-01,3.165983998440406059e-10,9.999999996834016969e-01,3.165983998440406059e-10
9.998888664507001867e-01,1.111335492998637273e-04,9.998888664507000756e-01,1.111335492998637273e-04
7.171004187893643689e-01,2.828995812106355756e-01,7.171004187893644799e-01,2.828995812106355756e-01
9.999999998902971976e-01,1.097029182957436915e-10,9.999999998902970866e-01,1.097029182957436915e-10
9.999696545150302818e-01,3.034548496967626966e-05,9.999696545150302818e-01,3.034548496967627305e-05
5.075134280179417236e-03,9.949248657198205281e-01,5.075134280179418103e-03,9.949248657198206391e-01
9.999999698367983969e-01,3.016320162172290265e-08,9.999999698367983969e-01,3.016320162172290927e-08
9.999999997909722049e-01,2.090278510371158860e-10,9.999999997909720939e-01,2.090278510371158602e-10
5.075134280179417236e-03,9.949248657198205281e-01,5.075134280179417236e-03,9.949248657198205281e-01
9.999999995101670480e-01,4.898329619653497084e-10,9.999999995101670480e-01,4.898329619653498118e-10
9.999696545150303928e-01,3.034548496967627305e-05,9.999696545150302818e-01,3.034548496967627305e-05
9.998888664507001867e-01,1.111335492998637273e-04,9.998888664507001867e-01,1.111335492998637273e-04
9.999999998902970866e-01,1.097029182957436915e-10,9.999999998902970866e-01,1.097029182957436657e-10
9.887602347578713369e-01,1.123976524212856425e-02,9.887602347578714479e-01,1.123976524212856251e-02
9.999999845245973740e-01,1.547540265996879833e-08,9.999999845245972629e-01,1.547540265996879833e-08
9.999999999203141865e-01,7.968584051343270022e-11,9.999999999203141865e-01,7.968584051343268729e-11
9.995273477505144388e-01,4.726522494856117492e-04,9.995273477505143278e-01,4.726522494856116949e-04
9.999999995101670480e-01,4.898329619653497084e-10,9.999999995101670480e-01,4.898329619653497084e-10
4.701494535594360341e-02,9.529850546440563619e-01,4.701494535594361035e-02,9.529850546440564729e-01
9.999996165722054853e-01,3.834277945064682940e-07,9.999996165722054853e-01,3.834277945064683469e-07
9.999999992258554737e-01,7.741444925127605861e-10,9.999999992258554737e-01,7.741444925127605861e-10
9.999996165722054853e-01,3.834277945064683469e-07,9.999996165722054853e-01,3.834277945064683999e-07
9.999912770566483644e-01,8.722943351731090417e-06,9.999912770566483644e-01,8.722943351731090417e-06
9.999999923441930116e-01,7.655806880215143900e-09,9.999999923441930116e-01,7.655806880215143900e-09
4.237959541079384116e-04,9.995762040458920916e-01,4.237959541079385200e-04,9.995762040458922026e-01
9.998888664507000756e-01,1.111335492998637137e-04,9.998888664507000756e-01,1.111335492998637137e-04
3.118280795953258338e-12,9.999999999968817166e-01,3.118280795953258742e-12,9.999999999968817166e-01
9.999999992258555848e-01,7.741444925127606895e-10,9.999999992258554737e-01,7.741444925127606895e-10
9.999989299898902617e-01,1.070010109750505134e-06,9.999989299898902617e-01,1.070010109750505134e-06
9.999998453444800539e-01,1.546555199409894226e-07,9.999998453444801649e-01,1.546555199409894491e-07
9.999999352164864463e-01,6.478351360437163970e-08,9.999999352164864463e-01,6.478351360437163970e-08
7.171004187893644799e-01,2.828995812106355756e-01,7.171004187893643689e-01,2.828995812106355201e-01
4.238036665409436526e-09,9.999999957619633006e-01,4.238036665409436526e-09,9.999999957619634117e-01
9.999999352164863353e-01,6.478351360437162646e-08,9.999999352164864463e-01,6.478351360437162646e-08
4.238036665409436526e-09,9.999999957619634117e-01,4.238036665409436526e-09,9.999999957619634117e-01
9.998888664507001867e-01,1.111335492998637137e-04,9.998888664507001867e-01,1.111335492998637137e-04
9.887602347578714479e-01,1.123976524212856425e-02,9.887602347578714479e-01,1.123976524212856425e-02
9.999912770566483644e-01,8.722943351731090417e-06,9.999912770566483644e-01,8.722943351731090417e-06
2.800694639572796074e-01,7.199305360427203926e-01,2.800694639572795519e-01,7.199305360427203926e-01
9.999999352164863353e-01,6.478351360437161323e-08,9.999999352164863353e-01,6.478351360437162646e-08
1.331061532841260863e-10,9.999999998668938073e-01,1.331061532841260863e-10,9.999999998668938073e-01
9.999696545150303928e-01,3.034548496967627305e-05,9.999696545150302818e-01,3.034548496967626966e-05
2.800694639572795519e-01,7.199305360427203926e-01,2.800694639572795519e-01,7.199305360427203926e-01
4.237959541079384658e-04,9.995762040458920916e-01,4.237959541079384658e-04,9.995762040458920916e-01
4.237959541079384658e-04,9.995762040458919806e-01,4.237959541079384658e-04,9.995762040458920916e-01
5.075134280179417236e-03,9.949248657198206391e-01,5.075134280179417236e-03,9.949248657198206391e-01
9.999999845245972629e-01,1.547540265996879833e-08,9.999999845245973740e-01,1.547540265996879833e-08
9.999999999773966364e-01,2.260333082440867012e-11,9.999999999773967474e-01,2.260333082440867012e-11
9.999971298270133868e-01,2.870172986531674650e-06,9.999971298270133868e-01,2.870172986531674650e-06
9.999996165722055963e-01,3.834277945064683469e-07,9.999996165722053743e-01,3.834277945064682940e-07
9.999996165722054853e-01,3.834277945064683469e-07,9.999996165722054853e-01,3.834277945064683999e-07
9.978702591860102444e-01,2.129740813989732581e-03,9.978702591860102444e-01,2.129740813989732581e-03
9.999999698367983969e-01,3.016320162172291589e-08,9.999999698367985079e-01,3.016320162172290927e-08
9.999999999928261829e-01,7.173779663715421509e-12,9.999999999928261829e-01,7.173779663715422317e-12
9.999696545150302818e-01,3.034548496967626966e-05,9.999696545150303928e-01,3.034548496967627305e-05
9.999999999720919908e-01,2.790791985147400032e-11,9.999999999720919908e-01,2.790791985147400678e-11
9.999999923441931227e-01,7.655806880215143900e-09,9.999999923441931227e-01,7.655806880215145554e-09
9.452084402533401652e-01,5.479155974665982781e-02,9.452084402533402763e-01,5.479155974665982087e-02
4.238036665409436526e-09,9.999999957619634117e-01,4.238036665409436526e-09,9.999999957619633006e-01
9.452084402533401652e-01,5.479155974665982087e-02,9.452084402533401652e-01,5.479155974665982087e-02
5.075134280179417236e-03,9.949248657198206391e-01,5.075134280179417236e-03,9.949248657198206391e-01
9.525930785913570199e-64,1.000000000000000000e+00,9.525930785913571548e-64,1.000000000000000000e+00
1.331061532841260863e-10,9.999999998668939183e-01,1.331061532841260863e-10,9.999999998668938073e-01
2.660874161072915971e-54,1.000000000000000000e+00,2.660874161072915971e-54,1.000000000000000000e+00
1.729472159156367546e-86,1.000000000000000000e+00,1.729472159156367546e-86,1.000000000000000000e+00
2.411949648323457119e-24,1.000000000000000000e+00,2.411949648323457119e-24,1.000000000000000000e+00
9.999912770566482534e-01,8.722943351731090417e-06,9.999912770566482534e-01,8.722943351731090417e-06
9.999999999923417926e-01,7.658139894137859719e-12,9.999999999923417926e-01,7.658139894137859719e-12
9.452084402533401652e-01,5.479155974665982781e-02,9.452084402533402763e-01,5.479155974665982781e-02
7.348060592005921878e-144,1.000000000000000000e+00,7.348060592005923016e-144,1.000000000000000000e+00
1.000000000000000000e+00,7.348060592059387687e-134,7.891091843309953324e-190,1.000000000000000000e+00
1.807898221812568574e-35,1.000000000000000000e+00,1.807898221812568574e-35,1.000000000000000000e+00
5.646231525294817466e-22,1.000000000000000000e+00,5.646231525294817466e-22,1.000000000000000000e+00
5.502033506899062136e-285,1.000000000000000000e+00,5.502033506899062883e-285,1.000000000000000000e+00
9.998888664507000756e-01,1.111335492998637137e-04,9.998888664507000756e-01,1.111335492998637137e-04
9.452084402533401652e-01,5.479155974665982087e-02,9.452084402533401652e-01,5.479155974665982087e-02
6.877579828410526687e-27,1.000000000000000000e+00,6.877579828410528122e-27,1.000000000000000000e+00
9.999998453444800539e-01,1.546555199409894226e-07,9.999998453444800539e-01,1.546555199409894226e-07
4.701494535594360341e-02,9.529850546440563619e-01,4.701494535594360341e-02,9.529850546440563619e-01
9.999999352164863353e-01,6.478351360437162646e-08,9.999999352164863353e-01,6.478351360437162646e-08
9.999999992258555848e-01,7.741444925127606895e-10,9.999999992258554737e-01,7.741444925127605861e-10
9.995273477505143278e-01,4.726522494856116949e-04,9.995273477505144388e-01,4.726522494856116949e-04
4.237959541079384116e-04,9.995762040458920916e-01,4.237959541079384116e-04,9.995762040458920916e-01
9.999696545150303928e-01,3.034548496967627305e-05,9.999696545150302818e-01,3.034548496967626966e-05
4.237959541079384116e-04,9.995762040458919806e-01,4.237959541079384658e-04,9.995762040458919806e-01
9.352388813795638089e-59,1.000000000000000000e+00,9.352388813795638089e-59,1.000000000000000000e+00
2.142316050007143785e-165,1.000000000000000000e+00,2.142316050022731146e-165,1.000000000000000000e+00
9.887602347578714479e-01,1.123976524212856425e-02,9.887602347578714479e-01,1.123976524212856425e-02
3.118280795953258742e-12,9.999999999968817166e-01,3.118280795953258338e-12,9.999999999968817166e-01
2.350216348743533842e-154,1.000000000000000000e+00,2.350216348743533511e-154,1.000000000000000000e+00
3.397932514659384198e-80,1.000000000000000000e+00,3.397932514659384198e-80,1.000000000000000000e+00
2.165113646100187879e-74,1.000000000000000000e+00,2.165113646100187486e-74,1.000000000000000000e+00
1.133231708868346782e-217,1.000000000000000000e+00,1.133231708868346983e-217,1.000000000000000000e+00
2.165113646100187486e-74,1.000000000000000000e+00,2.165113646100187486e-74,1.000000000000000000e+00
9.999999997909722049e-01,2.090278510371158860e-10,9.999999997909720939e-01,2.090278510371158343e-10
1.331061532841260863e-10,9.999999998668938073e-01,1.331061532841260863e-10,9.999999998668938073e-01
5.646231525294817466e-22,1.000000000000000000e+00,5.646231525294817466e-22,1.000000000000000000e+00
9.999999999955432317e-01,4.456731138793609892e-12,9.999999999955432317e-01,4.456731138793610700e-12
9.999912770566482534e-01,8.722943351731090417e-06,9.999912770566482534e-01,8.722943351731090417e-06
9.999999995101670480e-01,4.898329619653497084e-10,9.999999995101670480e-01,4.898329619653498118e-10
9.999998453444800539e-01,1.546555199409894226e-07,9.999998453444800539e-01,1.546555199409893962e-07
9.999999698367983969e-01,3.016320162172290927e-08,9.999999698367983969e-01,3.016320162172290927e-08
9.999999999860557098e-01,1.394431753157710640e-11,9.999999999860557098e-01,1.394431753157710640e-11
9.999912770566482534e-01,8.722943351731090417e-06,9.999912770566483644e-01,8.722943351731088723e-06
4.238036665409435698e-09,9.999999957619633006e-01,4.238036665409436526e-09,9.999999957619634117e-01
9.995273477505144388e-01,4.726522494856116949e-04,9.995273477505144388e-01,4.726522494856116949e-04
9.999999998902970866e-01,1.097029182957436915e-10,9.999999998902970866e-01,1.097029182957436786e-10
9.999999999203141865e-01,7.968584051343268729e-11,9.999999999203140755e-01,7.968584051343270022e-11
9.999696545150302818e-01,3.034548496967626966e-05,9.999696545150303928e-01,3.034548496967627644e-05
9.999998453444800539e-01,1.546555199409894226e-07,9.999998453444800539e-01,1.546555199409894226e-07
9.999999999916409088e-01,8.359062569314931437e-12,9.999999999916409088e-01,8.359062569314933052e-12
9.999999995101670480e-01,4.898329619653497084e-10,9.999999995101670480e-01,4.898329619653498118e-10
9.887602347578714479e-01,1.123976524212856425e-02,9.887602347578714479e-01,1.123976524212856425e-02
9.999999999773967474e-01,2.260333082440867335e-11,9.999999999773967474e-01,2.260333082440867012e-11
9.999999999899356062e-01,1.006436526601473359e-11,9.999999999899356062e-01,1.006436526601473359e-11
9.999999996834015858e-01,3.165983998440406059e-10,9.999999996834014748e-01,3.165983998440405542e-10
9.999999999954979346e-01,4.502010443702746270e-12,9.999999999954979346e-01,4.502010443702746270e-12
9.999999999650964755e-01,3.490349648744018253e-11,9.999999999650964755e-01,3.490349648744018253e-11
9.999999999954550800e-01,4.544940010514135871e-12,9.999999999954551910e-01,4.544940010514135871e-12
9.999999999905297976e-01,9.470110775218476623e-12,9.999999999905299086e-01,9.470110775218478238e-12
9.999999960903752649e-01,3.909624719461175298e-09,9.999999960903751539e-01,3.909624719461174470e-09
9.999999999937111417e-01,6.288878759673187249e-12,9.999999999937111417e-01,6.288878759673187249e-12
9.999999999955432317e-01,4.456731138793610700e-12,9.999999999955432317e-01,4.456731138793610700e-12
9.999999999933496531e-01,6.650344746519999898e-12,9.999999999933496531e-01,6.650344746520000706e-12
9.999999996834015858e-01,3.165983998440406059e-10,9.999999996834015858e-01,3.165983998440406059e-10
9.999999999879028989e-01,1.209708840208108786e-11,9.999999999879030099e-01,1.209708840208108786e-11
9.999999960903752649e-01,3.909624719461175298e-09,9.999999960903752649e-01,3.909624719461175298e-09
9.999999999894058078e-01,1.059421469916254974e-11,9.999999999894058078e-01,1.059421469916254974e-11
9.999999999954979346e-01,4.502010443702746270e-12,9.999999999954979346e-01,4.502010443702746270e-12
9.999999999899356062e-01,1.006436526601473359e-11,9.999999999899356062e-01,1.006436526601473359e-11
9.999999999203141865e-01,7.968584051343268729e-11,9.999999999203141865e-01,7.968584051343270022e-11
2.800694639572796074e-01,7.199305360427203926e-01,2.800694639572796074e-01,7.199305360427203926e-01
9.999912770566481424e-01,8.722943351731088723e-06,9.999912770566481424e-01,8.722943351731090417e-06
3.205186936509915818e-05,9.999679481306348316e-01,3.205186936509915818e-05,9.999679481306349427e-01
9.999999999952835505e-01,4.716556624713790983e-12,9.999999999952834395e-01,4.716556624713790176e-12
9.999999999930926364e-01,6.907402739750977961e-12,9.999999999930926364e-01,6.907402739750977961e-12
9.999999999949931162e-01,5.006829722137265452e-12,9.999999999949932272e-01,5.006829722137265452e-12
9.999999999952834395e-01,4.716556624713789368e-12,9.999999999952834395e-01,4.716556624713789368e-12
9.999999999773967474e-01,2.260333082440867335e-11,9.999999999773966364e-01,2.260333082440867335e-11
9.999989299898902617e-01,1.070010109750505346e-06,9.999989299898902617e-01,1.070010109750505346e-06
9.452084402533401652e-01,5.479155974665982781e-02,9.452084402533400542e-01,5.479155974665982087e-02
9.999999999930926364e-01,6.907402739750977153e-12,9.999999999930926364e-01,6.907402739750977153e-12
9.999999999951034724e-01,4.896557034193482619e-12,9.999999999951034724e-01,4.896557034193482619e-12
9.999999999899356062e-01,1.006436526601473359e-11,9.999999999899356062e-01,1.006436526601473197e-11
9.999999999899356062e-01,1.006436526601473359e-11,9.999999999899357173e-01,1.006436526601473520e-11
9.999999999953218532e-01,4.678158430753938851e-12,9.999999999953218532e-01,4.678158430753938851e-12
9.999999999943958162e-01,5.604174516183914410e-12,9.999999999943959272e-01,5.604174516183915218e-12
9.999999999899356062e-01,1.006436526601473359e-11,9.999999999899356062e-01,1.006436526601473197e-11
9.999999999936636241e-01,6.336410936379218529e-12,9.999999999936636241e-01,6.336410936379218529e-12
9.999999999899356062e-01,1.006436526601473359e-11,9.999999999899356062e-01,1.006436526601473359e-11
9.999999999879028989e-01,1.209708840208108786e-11,9.999999999879030099e-01,1.209708840208108948e-11
9.999999999860557098e-01,1.394431753157710640e-11,9.999999999860557098e-01,1.394431753157710640e-11
9.978702591860102444e-01,2.129740813989732581e-03,9.978702591860102444e-01,2.129740813989732581e-03
9.999999352164864463e-01,6.478351360437163970e-08,9.999999352164864463e-01,6.478351360437163970e-08
9.999999999809391360e-01,1.906088483030645028e-11,9.999999999809391360e-01,1.906088483030645028e-11
3.205186936509915818e-05,9.999679481306349427e-01,3.205186936509915818e-05,9.999679481306349427e-01
2.546349943138081497e-256,1.000000000000000000e+00,2.546349943138081497e-256,1.000000000000000000e+00
2.546349943156608210e-246,1.000000000000000000e+00,2.350216348743533511e-154,1.000000000000000000e+00
3.118280795953258742e-12,9.999999999968818276e-01,3.118280795953258742e-12,9.999999999968818276e-01
8.282882430991953417e-39,1.000000000000000000e+00,8.282882430991952112e-39,1.000000000000000000e+00
8.800956425694298632e-125,1.000000000000000000e+00,8.800956425694297582e-125,1.000000000000000000e+00
1.911837754403148101e-32,1.000000000000000000e+00,1.911837754403147828e-32,1.000000000000000000e+00
2.900305680508703685e-42,1.000000000000000000e+00,2.900305680508703685e-42,1.000000000000000000e+00
3.802272892117316055e-93,1.000000000000000000e+00,3.802272892117316055e-93,1.000000000000000000e+00
2.142316050022730905e-165,1.000000000000000000e+00,2.142316050022731146e-165,1.000000000000000000e+00
9.352388813795638089e-59,1.000000000000000000e+00,9.352388813795638089e-59,1.000000000000000000e+00
4.500959010832751184e-134,1.000000000000000000e+00,4.500959010832751184e-134,1.000000000000000000e+00
1.204632648630328443e-17,1.000000000000000000e+00,1.204632648630328443e-17,1.000000000000000000e+00
9.999999999650965865e-01,3.490349648744018900e-11,9.999999999650964755e-01,3.490349648744018253e-11
9.999999997909720939e-01,2.090278510371158602e-10,9.999999997909720939e-01,2.090278510371158602e-10
1.911837754403147828e-32,1.000000000000000000e+00,1.911837754403147828e-32,1.000000000000000000e+00
3.205186936509915818e-05,9.999679481306348316e-01,3.205186936509915818e-05,9.999679481306349427e-01
9.978702591860102444e-01,2.129740813989732581e-03,9.978702591860102444e-01,2.129740813989732581e-03
9.999999999894058078e-01,1.059421469916254974e-11,9.999999999894056968e-01,1.059421469916254974e-11
9.999999998902970866e-01,1.097029182957436786e-10,9.999999998902970866e-01,1.097029182957436915e-10
9.999999999542145135e-01,4.578553539551430190e-11,9.999999999542144025e-01,4.578553539551428898e-11
9.999999999929860550e-01,7.013891618570120165e-12,9.999999999929861660e-01,7.013891618570120165e-12
9.999999999809391360e-01,1.906088483030645028e-11,9.999999999809391360e-01,1.906088483030645028e-11
9.999989299898902617e-01,1.070010109750505346e-06,9.999989299898902617e-01,1.070010109750505346e-06
9.999999999894058078e-01,1.059421469916255136e-11,9.999999999894058078e-01,1.059421469916255136e-11
9.999999978183631288e-01,2.181636924981145843e-09,9.999999978183630178e-01,2.181636924981145429e-09
9.999999845245973740e-01,1.547540265996879833e-08,9.999999845245972629e-01,1.547540265996879833e-08
5.075134280179417236e-03,9.949248657198205281e-01,5.075134280179417236e-03,9.949248657198205281e-01
5.075134280179417236e-03,9.949248657198206391e-01,5.075134280179417236e-03,9.949248657198206391e-01
7.552308208795004252e-14,9.999999999999245048e-01,7.552308208795005515e-14,9.999999999999245048e-01
3.118280795953259146e-12,9.999999999968818276e-01,3.118280795953258742e-12,9.999999999968818276e-01
9.012425899421051434e-20,1.000000000000000000e+00,9.012425899421051434e-20,1.000000000000000000e+00
9.999999997909720939e-01,2.090278510371158602e-10,9.999999997909720939e-01,2.090278510371158343e-10
9.999999978183631288e-01,2.181636924981145843e-09,9.999999978183630178e-01,2.181636924981145843e-09
7.348060592005923016e-144,1.000000000000000000e+00,7.348060592005923016e-144,1.000000000000000000e+00
7.552308208795004252e-14,9.999999999999243938e-01,7.552308208795004252e-14,9.999999999999245048e-01
9.999999999941007189e-01,5.899290110926179492e-12,9.999999999941007189e-01,5.899290110926180300e-12
9.999999960903753760e-01,3.909624719461175298e-09,9.999999960903752649e-01,3.909624719461174470e-09
9.999999698367983969e-01,3.016320162172290927e-08,9.999999698367982859e-01,3.016320162172290927e-08
9.999999999954979346e-01,4.502010443702746270e-12,9.999999999954979346e-01,4.502010443702746270e-12
9.999912770566482534e-01,8.722943351731090417e-06,9.999912770566482534e-01,8.722943351731090417e-06
9.999999995101670480e-01,4.898329619653497084e-10,9.999999995101670480e-01,4.898329619653497084e-10
9.999999999411371965e-01,5.886277231897789345e-11,9.999999999411371965e-01,5.886277231897789345e-11
9.999999997909720939e-01,2.090278510371158343e-10,9.999999997909720939e-01,2.090278510371158602e-10
9.999999987502280474e-01,1.249771974204332617e-09,9.999999987502280474e-01,1.249771974204332617e-09
9.998888664507001867e-01,1.111335492998637408e-04,9.998888664507001867e-01,1.111335492998637408e-04
9.999999923441931227e-01,7.655806880215143900e-09,9.999999923441931227e-01,7.655806880215143900e-09
9.999999999773966364e-01,2.260333082440867012e-11,9.999999999773967474e-01,2.260333082440867335e-11
9.999999999837737574e-01,1.622624383860555145e-11,9.999999999837737574e-01,1.622624383860555145e-11
9.999996165722054853e-01,3.834277945064683469e-07,9.999996165722054853e-01,3.834277945064682940e-07
9.999999999933496531e-01,6.650344746520000706e-12,9.999999999933496531e-01,6.650344746520001514e-12
9.999998453444800539e-01,1.546555199409894226e-07,9.999998453444800539e-01,1.546555199409894226e-07
9.999989299898901507e-01,1.070010109750505346e-06,9.999989299898902617e-01,1.070010109750505346e-06
9.999999999542145135e-01,4.578553539551428898e-11,9.999999999542145135e-01,4.578553539551429544e-11
1.280513414466977118e-29,1.000000000000000000e+00,1.280513414466977118e-29,1.000000000000000000e+00
2.800694639572795519e-01,7.199305360427203926e-01,2.800694639572795519e-01,7.199305360427203926e-01
9.999999960903752649e-01,3.909624719461174470e-09,9.999999960903753760e-01,3.909624719461175298e-09
9.999999845245972629e-01,1.547540265996879833e-08,9.999999845245973740e-01,1.547540265996879833e-08
1.024093259706768629e-07,9.999998975906740917e-01,1.024093259706768762e-07,9.999998975906740917e-01
3.205186936509915818e-05,9.999679481306348316e-01,3.205186936509915818e-05,9.999679481306349427e-01
2.418487454728751522e-100,1.000000000000000000e+00,2.418487454728752030e-100,1.000000000000000000e+00
2.647869429057981356e-203,1.000000000000000000e+00,2.647869429057981356e-203,1.000000000000000000e+00
4.600492362951100631e-46,1.000000000000000000e+00,4.600492362951099853e-46,1.000000000000000000e+00
1.909432868935981247e-06,9.999980905671311815e-01,1.909432868935981671e-06,9.999980905671310705e-01
6.045497240068945684e-108,1.000000000000000000e+00,6.045497240068945684e-108,1.000000000000000000e+00
1.000000000000000000e+00,6.045497240068946245e-98,1.133231708868346983e-217,1.000000000000000000e+00
3.802272892117315629e-93,1.000000000000000000e+00,3.802272892117316055e-93,1.000000000000000000e+00
9.999999999919977345e-01,8.002350202399185103e-12,9.999999999919977345e-01,8.002350202399183487e-12
9.999999999937111417e-01,6.288878759673187249e-12,9.999999999937111417e-01,6.288878759673187249e-12
9.887602347578714479e-01,1.123976524212856425e-02,9.887602347578714479e-01,1.123976524212856425e-02
9.999999998528751322e-01,1.471248556222005485e-10,9.999999998528751322e-01,1.471248556222004968e-10
9.999999999411371965e-01,5.886277231897789345e-11,9.999999999411373075e-01,5.886277231897790637e-11
9.999999999899356062e-01,1.006436526601473359e-11,9.999999999899356062e-01,1.006436526601473359e-11
9.999999999899356062e-01,1.006436526601473359e-11,9.999999999899357173e-01,1.006436526601473520e-11
9.999999999906338255e-01,9.366147881026148911e-12,9.999999999906338255e-01,9.366147881026148911e-12
9.999696545150302818e-01,3.034548496967626966e-05,9.999696545150302818e-01,3.034548496967627305e-05
9.999999960903752649e-01,3.909624719461174470e-09,9.999999960903752649e-01,3.909624719461174470e-09
9.999999978183631288e-01,2.181636924981145843e-09,9.999999978183630178e-01,2.181636924981145429e-09
9.999999999913983251e-01,8.601674835669244939e-12,9.999999999913983251e-01,8.601674835669244939e-12
9.999999999899356062e-01,1.006436526601473359e-11,9.999999999899357173e-01,1.006436526601473520e-11
9.999999999949116258e-01,5.088395614135968875e-12,9.999999999949116258e-01,5.088395614135969683e-12
9.999999999905297976e-01,9.470110775218476623e-12,9.999999999905299086e-01,9.470110775218476623e-12
9.999999999906338255e-01,9.366147881026148911e-12,9.999999999906338255e-01,9.366147881026148911e-12
9.999999987502280474e-01,1.249771974204332617e-09,9.999999987502280474e-01,1.249771974204332617e-09
9.999999999650964755e-01,3.490349648744018253e-11,9.999999999650965865e-01,3.490349648744018900e-11
9.999999999948926410e-01,5.107369090512003873e-12,9.999999999948926410e-01,5.107369090512003066e-12
9.999999999928261829e-01,7.173779663715421509e-12,9.999999999928261829e-01,7.173779663715422317e-12
9.999999999894058078e-01,1.059421469916255136e-11,9.999999999894058078e-01,1.059421469916254974e-11
9.999999999948926410e-01,5.107369090512003066e-12,9.999999999948925300e-01,5.107369090512002258e-12
9.999999999955205832e-01,4.479402961119157849e-12,9.999999999955204721e-01,4.479402961119158657e-12
9.999998453444800539e-01,1.546555199409894226e-07,9.999998453444800539e-01,1.546555199409893962e-07
9.999999999837737574e-01,1.622624383860555145e-11,9.999999999837738685e-01,1.622624383860555145e-11
9.999999999930926364e-01,6.907402739750977961e-12,9.999999999930926364e-01,6.907402739750977961e-12
4.500959010832751184e-134,1.000000000000000000e+00,4.500959010832751184e-134,1.000000000000000000e+00
9.999999999809391360e-01,1.906088483030644705e-11,9.999999999809391360e-01,1.906088483030645028e-11
3.869696153122304537e-116,1.000000000000000000e+00,3.869696153122305101e-116,1.000000000000000000e+00
9.999996165722054853e-01,3.834277945064682940e-07,9.999996165722054853e-01,3.834277945064683469e-07
7.171004187893644799e-01,2.828995812106355756e-01,7.171004187893644799e-01,2.828995812106355756e-01
4.500959010832751184e-134,1.000000000000000000e+00,4.500959010832751184e-134,1.000000000000000000e+00
3.118280795953259146e-12,9.999999999968817166e-01,3.118280795953258742e-12,9.999999999968818276e-01
2.411949648323457119e-24,1.000000000000000000e+00,2.411949648323457119e-24,1.000000000000000000e+00
1.729472159156367904e-86,1.000000000000000000e+00,1.729472159156367546e-86,1.000000000000000000e+00
9.999971298270136089e-01,2.870172986531675074e-06,9.999971298270133868e-01,2.870172986531674650e-06
9.999999998902970866e-01,1.097029182957436786e-10,9.999999998902970866e-01,1.097029182957436786e-10
9.999999999916409088e-01,8.359062569314933052e-12,9.999999999916410198e-01,8.359062569314931437e-12
9.999999996834015858e-01,3.165983998440406059e-10,9.999999996834015858e-01,3.165983998440406059e-10
9.999696545150302818e-01,3.034548496967627305e-05,9.999696545150302818e-01,3.034548496967627644e-05
9.999998453444800539e-01,1.546555199409894226e-07,9.999998453444800539e-01,1.546555199409894226e-07
9.999999999942685847e-01,5.731468574141193056e-12,9.999999999942685847e-01,5.731468574141193056e-12
9.999999999899356062e-01,1.006436526601473359e-11,9.999999999899356062e-01,1.006436526601473520e-11
9.999999999951034724e-01,4.896557034193483427e-12,9.999999999951034724e-01,4.896557034193483427e-12
9.999999999955432317e-01,4.456731138793610700e-12,9.999999999955433427e-01,4.456731138793610700e-12
9.998888664507000756e-01,1.111335492998637137e-04,9.998888664507000756e-01,1.111335492998637137e-04
9.999999999952163821e-01,4.783576317964525966e-12,9.999999999952164931e-01,4.783576317964526774e-12
9.999999999899356062e-01,1.006436526601473359e-11,9.999999999899356062e-01,1.006436526601473520e-11
9.999999999954550800e-01,4.544940010514135871e-12,9.999999999954550800e-01,4.544940010514135871e-12
9.999999999915556437e-01,8.444435846188331079e-12,9.999999999915556437e-01,8.444435846188331079e-12
9.999999999899356062e-01,1.006436526601473359e-11,9.999999999899356062e-01,1.006436526601473359e-11
9.999999999899356062e-01,1.006436526601473359e-11,9.999999999899357173e-01,1.006436526601473520e-11
9.999999999923986360e-01,7.601346801464903229e-12,9.999999999923986360e-01,7.601346801464903229e-12
9.999999999899356062e-01,1.006436526601473359e-11,9.999999999899356062e-01,1.006436526601473520e-11
9.999999999939095385e-01,6.090412875496382825e-12,9.999999999939096496e-01,6.090412875496383633e-12
9.999999999942015272e-01,5.798478635386659122e-12,9.999999999942015272e-01,5.798478635386659122e-12
9.999999999542144025e-01,4.578553539551428898e-11,9.999999999542145135e-01,4.578553539551429544e-11
9.999999999879028989e-01,1.209708840208108786e-11,9.999999999879030099e-01,1.209708840208108786e-11
9.999999999947278839e-01,5.272117414844185101e-12,9.999999999947278839e-01,5.272117414844185101e-12
9.999999999899356062e-01,1.006436526601473359e-11,9.999999999899356062e-01,1.006436526601473359e-11
9.999999999899356062e-01,1.006436526601473359e-11,9.999999999899357173e-01,1.006436526601473520e-11
9.999999999935760275e-01,6.423970721800951839e-12,9.999999999935761386e-01,6.423970721800952647e-12
9.999696545150302818e-01,3.034548496967626966e-05,9.999696545150302818e-01,3.034548496967626966e-05
9.999999999948683271e-01,5.131695836195937299e-12,9.999999999948682161e-01,5.131695836195937299e-12
9.999999999933496531e-01,6.650344746519999898e-12,9.999999999933496531e-01,6.650344746519999898e-12
9.999999999837736464e-01,1.622624383860554822e-11,9.999999999837737574e-01,1.622624383860555469e-11
9.999999999946544982e-01,5.345521493554953680e-12,9.999999999946544982e-01,5.345521493554952872e-12
9.999999999899356062e-01,1.006436526601473359e-11,9.999999999899357173e-01,1.006436526601473520e-11
9.999999999923986360e-01,7.601346801464903229e-12,9.999999999923986360e-01,7.601346801464903229e-12
9.999696545150302818e-01,3.034548496967626966e-05,9.999696545150303928e-01,3.034548496967627305e-05
9.999999698367983969e-01,3.016320162172290927e-08,9.999999698367982859e-01,3.016320162172290927e-08
9.999999999899356062e-01,1.006436526601473359e-11,9.999999999899356062e-01,1.006436526601473520e-11
9.999999999932954742e-01,6.704528808002745863e-12,9.999999999932954742e-01,6.704528808002745863e-12
9.999999987502280474e-01,1.249771974204332617e-09,9.999999987502280474e-01,1.249771974204332617e-09
4.701494535594361035e-02,9.529850546440563619e-01,4.701494535594360341e-02,9.529850546440563619e-01
9.999696545150303928e-01,3.034548496967627305e-05,9.999696545150303928e-01,3.034548496967627305e-05
9.998888664507001867e-01,1.111335492998637273e-04,9.998888664507001867e-01,1.111335492998637273e-04
9.999989299898902617e-01,1.070010109750505346e-06,9.999989299898901507e-01,1.070010109750505346e-06
1.331061532841261122e-10,9.999999998668939183e-01,1.331061532841260605e-10,9.999999998668938073e-01
1.204632648630328597e-17,1.000000000000000000e+00,1.204632648630328443e-17,1.000000000000000000e+00
9.999999999955372365e-01,4.462777587715606075e-12,9.999999999955372365e-01,4.462777587715606883e-12
7.171004187893644799e-01,2.828995812106355756e-01,7.171004187893643689e-01,2.828995812106355756e-01
1.909432868935981247e-06,9.999980905671310705e-01,1.909432868935981247e-06,9.999980905671310705e-01
9.995273477505144388e-01,4.726522494856116407e-04,9.995273477505143278e-01,4.726522494856117492e-04
9.998888664507001867e-01,1.111335492998637273e-04,9.998888664507001867e-01,1.111335492998637273e-04
3.869696153122304537e-116,1.000000000000000000e+00,3.869696153122305101e-116,1.000000000000000000e+00
1.204632648630328597e-17,1.000000000000000000e+00,1.204632648630328443e-17,1.000000000000000000e+00
8.282882430991952112e-39,1.000000000000000000e+00,8.282882430991952112e-39,1.000000000000000000e+00
5.646231525294817466e-22,1.000000000000000000e+00,5.646231525294817466e-22,1.000000000000000000e+00
4.500959010832751184e-134,1.000000000000000000e+00,4.500959010832751184e-134,1.000000000000000000e+00
2.800694639572796074e-01,7.199305360427205036e-01,2.800694639572795519e-01,7.199305360427203926e-01
9.999999923441931227e-01,7.655806880215143900e-09,9.999999923441931227e-01,7.655806880215145554e-09
9.999989299898902617e-01,1.070010109750505346e-06,9.999989299898903727e-01,1.070010109750505558e-06
9.999999999203141865e-01,7.968584051343270022e-11,9.999999999203141865e-01,7.968584051343268729e-11
9.999999999948926410e-01,5.107369090437681211e-12,9.999999999948926410e-01,5.107369090437682018e-12
6.877579828410528122e-27,1.000000000000000000e+00,6.877579828410528122e-27,1.000000000000000000e+00
9.999999999946544982e-01,5.345521493554952872e-12,9.999999999946544982e-01,5.345521493554953680e-12
9.012425899289904031e-20,1.000000000000000000e+00,9.012425899289904031e-20,1.000000000000000000e+00
1.911837754403147828e-32,1.000000000000000000e+00,1.911837754403147828e-32,1.000000000000000000e+00
9.995273477505144388e-01,4.726522494856116949e-04,9.995273477505143278e-01,4.726522494856116949e-04
9.999999999905299086e-01,9.470110775287381414e-12,9.999999999905299086e-01,9.470110775287383029e-12
9.999999845245973740e-01,1.547540266008140077e-08,9.999999845245972629e-01,1.547540266008139746e-08
9.998888664507000756e-01,1.111335492998637273e-04,9.998888664507001867e-01,1.111335492998637408e-04
9.999999999947278839e-01,5.272117414844185101e-12,9.999999999947278839e-01,5.272117414844185101e-12
2.411949648323457119e-24,1.000000000000000000e+00,2.411949648323457119e-24,1.000000000000000000e+00
1.909432868935981671e-06,9.999980905671310705e-01,1.909432868935981671e-06,9.999980905671310705e-01
4.600492363018045496e-46,1.000000000000000000e+00,4.600492363018045496e-46,1.000000000000000000e+00
3.397932514708830940e-80,1.000000000000000000e+00,3.397932514708830940e-80,1.000000000000000000e+00
9.995273477505144388e-01,4.726522494856117492e-04,9.995273477505143278e-01,4.726522494856116949e-04
9.999999999915555327e-01,8.444435846188329463e-12,9.999999999915555327e-01,8.444435846188329463e-12
9.999999999952834395e-01,4.716556624679471874e-12,9.999999999952834395e-01,4.716556624679471066e-12
9.999999999944296780e-01,5.570273398802443812e-12,9.999999999944296780e-01,5.570273398802444620e-12
9.999999352164864463e-01,6.478351360437162646e-08,9.999999352164864463e-01,6.478351360437163970e-08
9.999999999926451055e-01,7.354885591305519385e-12,9.999999999926452166e-01,7.354885591305519385e-12
9.999999999950521801e-01,4.947834189787315473e-12,9.999999999950520690e-01,4.947834189787316281e-12
9.999999999923419036e-01,7.658139894137861334e-12,9.999999999923419036e-01,7.658139894137861334e-12
9.999999698367983969e-01,3.016320162238130533e-08,9.999999698367982859e-01,3.016320162238129872e-08
9.999999999941007189e-01,5.899290110926179492e-12,9.999999999941006079e-01,5.899290110926179492e-12
9.999999999899356062e-01,1.006436526594150549e-11,9.999999999899356062e-01,1.006436526594150549e-11
9.999999999951034724e-01,4.896557034193483427e-12,9.999999999951034724e-01,4.896557034193483427e-12
9.999999999837736464e-01,1.622624383848748758e-11,9.999999999837737574e-01,1.622624383848749081e-11
9.999999999860557098e-01,1.394431753178002253e-11,9.999999999860557098e-01,1.394431753178002091e-11
7.891091843252538294e-190,1.000000000000000000e+00,7.891091843252539291e-190,1.000000000000000000e+00
9.525930785844259549e-64,1.000000000000000000e+00,9.525930785844260898e-64,1.000000000000000000e+00
6.045497239936985602e-108,1.000000000000000000e+00,6.045497239936985602e-108,1.000000000000000000e+00
2.418487454728751522e-100,1.000000000000000000e+00,2.418487454728751522e-100,1.000000000000000000e+00
6.508554717865463195e-69,1.000000000000000000e+00,6.508554717865464225e-69,1.000000000000000000e+00
1.000000000000000000e+00,6.508554717723395724e-59,1.101808112347408839e-310,1.000000000000000000e+00
1.101808112347408811e-300,1.000000000000000000e+00,1.296423892740005841e-222,1.000000000000000000e+00
1.296423892730572870e-212,1.000000000000000000e+00,2.198038200112894898e-261,1.000000000000000000e+00
1.000000000000000000e+00,1.296423892730572870e-212,9.999999998999999750e-11,9.999999998999999917e-01
5.000000000000000000e-01,5.000000000000000000e-01,2.793836116700818021e-300,1.000000000000000000e+00
2.793836116721145900e-290,1.000000000000000000e+00,2.418487454728751522e-100,1.000000000000000000e+00
8.800956425758332587e-125,1.000000000000000000e+00,8.800956425758332587e-125,1.000000000000000000e+00
3.118280795953258338e-12,9.999999999968817166e-01,3.118280795953258742e-12,9.999999999968818276e-01
9.999999999720921018e-01,2.790791985147400678e-11,9.999999999720921018e-01,2.790791985147400355e-11
9.999999999908945059e-01,9.105508767128303057e-12,9.999999999908945059e-01,9.105508767128303057e-12
9.999999999899356062e-01,1.006436526594150549e-11,9.999999999899356062e-01,1.006436526594150710e-11
9.999999999949931162e-01,5.006829722100835578e-12,9.999999999949932272e-01,5.006829722100836386e-12
9.999999999899356062e-01,1.006436526594150549e-11,9.999999999899357173e-01,1.006436526594150710e-11
9.999999999954979346e-01,4.502010443702746270e-12,9.999999999954980456e-01,4.502010443702747078e-12
9.999696545150300597e-01,3.034548496989705727e-05,9.999696545150301707e-01,3.034548496989706066e-05
2.272408445840171585e-252,1.000000000000000000e+00,2.272408445840172069e-252,1.000000000000000000e+00
7.548476610729800640e-23,1.000000000000000000e+00,9.999999998999999750e-11,9.999999998999999917e-01
1.000000000000000000e+00,1.715322200344939149e-264,8.800956425758332587e-125,1.000000000000000000e+00
4.500959010832751184e-134,1.000000000000000000e+00,4.500959010832751184e-134,1.000000000000000000e+00
1.000000000000000000e+00,4.500959010832750659e-124,1.831224597324809262e-200,1.000000000000000000e+00
1.000000000000000000e+00,2.435769410017015944e-95,1.514964629783017183e-293,1.000000000000000000e+00
1.000000000000000000e+00,1.831224597311485381e-190,7.334345680689343979e-289,1.000000000000000000e+00
1.000000000000000000e+00,7.334345680635978644e-279,1.618699149176368462e-302,1.000000000000000000e+00
1.618699149141035755e-292,1.000000000000000000e+00,9.999999998999999750e-11,9.999999998999999917e-01
1.000000000000000000e+00,1.618699149141035755e-292,3.169998524101641440e-48,1.000000000000000000e+00
1.086036530869774287e-157,1.000000000000000000e+00,2.729905062720005960e-208,1.000000000000000000e+00
4.485891082488792279e-32,1.000000000000000000e+00,4.256074506857161873e-281,1.000000000000000000e+00
1.545597670387778794e-226,1.000000000000000000e+00,2.590593633256264760e-248,1.000000000000000000e+00
1.545597670387778794e-226,1.000000000000000000e+00,2.647869429057981356e-203,1.000000000000000000e+00
5.646231525335899583e-22,1.000000000000000000e+00,5.646231525335899583e-22,1.000000000000000000e+00
9.352388813999781748e-59,1.000000000000000000e+00,9.352388813999781748e-59,1.000000000000000000e+00
4.600492363018045496e-46,1.000000000000000000e+00,4.600492363018045496e-46,1.000000000000000000e+00
8.800956425758332587e-125,1.000000000000000000e+00,8.800956425758332587e-125,1.000000000000000000e+00
9.999999999650964755e-01,3.490349648769413991e-11,9.999999999650964755e-01,3.490349648769413991e-11
1.331061532841260863e-10,9.999999998668938073e-01,1.331061532841260863e-10,9.999999998668938073e-01
9.995273477505143278e-01,4.726522494856117492e-04,9.995273477505144388e-01,4.726522494856116949e-04
1.204632648630328443e-17,1.000000000000000000e+00,1.204632648630328443e-17,1.000000000000000000e+00
9.998888664507001867e-01,1.111335492998637408e-04,9.998888664507000756e-01,1.111335492998637137e-04
9.999999999894056968e-01,1.059421469923963264e-11,9.999999999894058078e-01,1.059421469923963264e-11
9.999912770566483644e-01,8.722943351604155754e-06,9.999912770566484754e-01,8.722943351604155754e-06
9.999999999955372365e-01,4.462777587715606075e-12,9.999999999955373475e-01,4.462777587715606883e-12
9.999999997909720939e-01,2.090278510371158343e-10,9.999999997909720939e-01,2.090278510371158860e-10
9.999999999837737574e-01,1.622624383848749081e-11,9.999999999837738685e-01,1.622624383848749081e-11
9.999971298270134978e-01,2.870172986552557824e-06,9.999971298270134978e-01,2.870172986552558248e-06
9.999999999946544982e-01,5.345521493554953680e-12,9.999999999946543872e-01,5.345521493554952872e-12
9.999971298270133868e-01,2.870172986552557824e-06,9.999971298270134978e-01,2.870172986552557824e-06
9.452084402540938957e-01,5.479155974590618761e-02,9.452084402540938957e-01,5.479155974590618761e-02
1.024093259736573733e-07,9.999998975906739807e-01,1.024093259736573601e-07,9.999998975906739807e-01
2.411949648323457487e-24,1.000000000000000000e+00,2.411949648323457487e-24,1.000000000000000000e+00
1.331061532841260605e-10,9.999999998668938073e-01,1.331061532841260863e-10,9.999999998668938073e-01
9.887602347579523832e-01,1.123976524204770358e-02,9.887602347579522721e-01,1.123976524204770185e-02
7.171004187908405214e-01,2.828995812091595341e-01,7.171004187908405214e-01,2.828995812091594786e-01
9.438928158463121917e-16,9.999999999999991118e-01,9.438928158463121917e-16,9.999999999999990008e-01
1.331061532841260605e-10,9.999999998668938073e-01,1.331061532841260863e-10,9.999999998668938073e-01
9.999912770566483644e-01,8.722943351604155754e-06,9.999912770566483644e-01,8.722943351604155754e-06
9.452084402540938957e-01,5.479155974590618761e-02,9.452084402540937846e-01,5.479155974590618067e-02
5.075134280179417236e-03,9.949248657198206391e-01,5.075134280179417236e-03,9.949248657198206391e-01
5.075134280179417236e-03,9.949248657198206391e-01,5.075134280179417236e-03,9.949248657198206391e-01
3.205186936509915141e-05,9.999679481306348316e-01,3.205186936509915818e-05,9.999679481306348316e-01
9.999999998528750211e-01,1.471248556232709977e-10,9.999999998528752432e-01,1.471248556232709977e-10
2.800694639572796074e-01,7.199305360427203926e-01,2.800694639572795519e-01,7.199305360427203926e-01
9.978702591859792692e-01,2.129740814020658363e-03,9.978702591859793802e-01,2.129740814020658797e-03
8.282882430931685705e-39,1.000000000000000000e+00,8.282882430931687010e-39,1.000000000000000000e+00
2.900305680550909150e-42,1.000000000000000000e+00,2.900305680550908513e-42,1.000000000000000000e+00
4.238036665409437353e-09,9.999999957619633006e-01,4.238036665409436526e-09,9.999999957619634117e-01
9.999999960903751539e-01,3.909624719461174470e-09,9.999999960903752649e-01,3.909624719461175298e-09
9.999999999955432317e-01,4.456731138826037957e-12,9.999999999955431207e-01,4.456731138826037149e-12
9.999999999954056751e-01,4.594320500659562682e-12,9.999999999954055641e-01,4.594320500659562682e-12
5.646231525335899583e-22,1.000000000000000000e+00,5.646231525335899583e-22,1.000000000000000000e+00
9.999971298270133868e-01,2.870172986552557824e-06,9.999971298270133868e-01,2.870172986552557824e-06
9.999999997909722049e-01,2.090278510371158602e-10,9.999999997909720939e-01,2.090278510371158343e-10
9.999999999919976235e-01,8.002350202457409247e-12,9.999999999919976235e-01,8.002350202457409247e-12
9.999996165722054853e-01,3.834277945064683469e-07,9.999996165722054853e-01,3.834277945064682940e-07
1.204632648630328443e-17,1.000000000000000000e+00,1.204632648630328597e-17,1.000000000000000000e+00
1.331061532841261122e-10,9.999999998668939183e-01,1.331061532841260863e-10,9.999999998668938073e-01
9.012425899289904031e-20,1.000000000000000000e+00,9.012425899289904031e-20,1.000000000000000000e+00
1.280513414457660165e-29,1.000000000000000000e+00,1.280513414457660165e-29,1.000000000000000000e+00
7.552308208795004252e-14,9.999999999999245048e-01,7.552308208795004252e-14,9.999999999999245048e-01
9.438928158463121917e-16,9.999999999999990008e-01,9.438928158463123889e-16,9.999999999999991118e-01
1.024093259736573866e-07,9.999998975906740917e-01,1.024093259736573601e-07,9.999998975906739807e-01
2.411949648323457487e-24,1.000000000000000000e+00,2.411949648323457487e-24,1.000000000000000000e+00
4.237959541079384116e-04,9.995762040458919806e-01,4.237959541079384658e-04,9.995762040458920916e-01
1.909432868935981247e-06,9.999980905671310705e-01,1.909432868935981671e-06,9.999980905671310705e-01
9.978702591859794913e-01,2.129740814020658363e-03,9.978702591859793802e-01,2.129740814020658363e-03
7.552308208795002990e-14,9.999999999999245048e-01,7.552308208795002990e-14,9.999999999999245048e-01
1.024093259736573601e-07,9.999998975906739807e-01,1.024093259736573601e-07,9.999998975906739807e-01
9.999996165722054853e-01,3.834277945064683469e-07,9.999996165722054853e-01,3.834277945064683469e-07
5.075134280179417236e-03,9.949248657198205281e-01,5.075134280179418103e-03,9.949248657198205281e-01
9.452084402540937846e-01,5.479155974590618761e-02,9.452084402540937846e-01,5.479155974590618761e-02
9.999999999894058078e-01,1.059421469923963264e-11,9.999999999894058078e-01,1.059421469923963264e-11
9.999999999941007189e-01,5.899290110926180300e-12,9.999999999941006079e-01,5.899290110926178684e-12
9.999996165722054853e-01,3.834277945064683469e-07,9.999996165722054853e-01,3.834277945064683469e-07
2.165113646131694048e-74,1.000000000000000000e+00,2.165113646131694048e-74,1.000000000000000000e+00
1.729472159156367546e-86,1.000000000000000000e+00,1.729472159156367546e-86,1.000000000000000000e+00
9.452084402540937846e-01,5.479155974590618761e-02,9.452084402540937846e-01,5.479155974590618761e-02
1.204632648630328443e-17,1.000000000000000000e+00,1.204632648630328443e-17,1.000000000000000000e+00
1.204632648630328443e-17,1.000000000000000000e+00,1.204632648630328443e-17,1.000000000000000000e+00
9.999696545150300597e-01,3.034548496989705727e-05,9.999696545150300597e-01,3.034548496989705727e-05
9.995273477505143278e-01,4.726522494856116949e-04,9.995273477505143278e-01,4.726522494856116949e-04
3.869696153150460501e-116,1.000000000000000000e+00,3.869696153150460501e-116,1.000000000000000000e+00
4.237959541079384658e-04,9.995762040458920916e-01,4.237959541079384658e-04,9.995762040458920916e-01
9.999989299898902617e-01,1.070010109758290638e-06,9.999989299898902617e-01,1.070010109758290638e-06
4.109082433440388344e-50,1.000000000000000000e+00,4.109082433440388818e-50,1.000000000000000000e+00
2.800694639572795519e-01,7.199305360427203926e-01,2.800694639572795519e-01,7.199305360427203926e-01
2.418487454728752030e-100,1.000000000000000000e+00,2.418487454728752030e-100,1.000000000000000000e+00
1.807898221812568306e-35,1.000000000000000000e+00,1.807898221812568574e-35,1.000000000000000000e+00
9.999999999899356062e-01,1.006436526594150710e-11,9.999999999899356062e-01,1.006436526594150549e-11
9.999999999953218532e-01,4.678158430719900854e-12,9.999999999953218532e-01,4.678158430719900854e-12
7.348060592059387583e-144,1.000000000000000000e+00,7.348060592059387583e-144,1.000000000000000000e+00
1.807898221812568306e-35,1.000000000000000000e+00,1.807898221812568574e-35,1.000000000000000000e+00
9.999999698367983969e-01,3.016320162238131195e-08,9.999999698367983969e-01,3.016320162238131195e-08
1.909432868935981671e-06,9.999980905671310705e-01,1.909432868935981671e-06,9.999980905671311815e-01
9.352388813999779979e-59,1.000000000000000000e+00,9.352388813999781748e-59,1.000000000000000000e+00
9.012425899289904031e-20,1.000000000000000000e+00,9.012425899289904031e-20,1.000000000000000000e+00
9.999999978183630178e-01,2.181636924981145429e-09,9.999999978183631288e-01,2.181636924981145429e-09
1.911837754403148101e-32,1.000000000000000000e+00,1.911837754403147828e-32,1.000000000000000000e+00
9.999999998528751322e-01,1.471248556232709719e-10,9.999999998528752432e-01,1.471248556232710236e-10
9.352388813999781748e-59,1.000000000000000000e+00,9.352388813999779979e-59,1.000000000000000000e+00
8.800956425758333637e-125,1.000000000000000000e+00,8.800956425758332587e-125,1.000000000000000000e+00
9.999999999947764007e-01,5.223516961249336644e-12,9.999999999947765117e-01,5.223516961249337452e-12
9.999999999899356062e-01,1.006436526594150549e-11,9.999999999899357173e-01,1.006436526594150710e-11
9.999999999899356062e-01,1.006436526594150549e-11,9.999999999899357173e-01,1.006436526594150710e-11
9.999999999899356062e-01,1.006436526594150549e-11,9.999999999899357173e-01,1.006436526594150710e-11
9.999999999899356062e-01,1.006436526594150549e-11,9.999999999899357173e-01,1.006436526594150710e-11
9.999999999899356062e-01,1.006436526594150549e-11,9.999999999899357173e-01,1.006436526594150710e-11
9.999999999899356062e-01,1.006436526594150549e-11,9.999999999899357173e-01,1.006436526594150710e-11
9.999999999899356062e-01,1.006436526594150549e-11,9.999999999899357173e-01,1.006436526594150710e-11
9.999999999899356062e-01,1.006436526594150549e-11,9.999999999899357173e-01,1.006436526594150710e-11
9.999999999899356062e-01,1.006436526594150549e-11,9.999999999899357173e-01,1.006436526594150710e-11
9.999999999899356062e-01,1.006436526594150549e-11,9.999999999899357173e-01,1.006436526594150710e-11
9.999999999929860550e-01,7.013891618570120165e-12,9.999999999929861660e-01,7.013891618570120973e-12
2.142316050022731146e-165,1.000000000000000000e+00,2.142316050022731146e-165,1.000000000000000000e+00
1.331061532841260863e-10,9.999999998668938073e-01,1.331061532841260863e-10,9.999999998668938073e-01
4.289891047123339796e-01,5.710108952876661315e-01,1.000000000030967223e-10,9.999999998999999917e-01
5.000000000000000000e-01,5.000000000000000000e-01,3.307133096684565484e-177,1.000000000000000000e+00
1.729472159156367904e-86,1.000000000000000000e+00,1.729472159156367546e-86,1.000000000000000000e+00
3.869696153150461064e-116,1.000000000000000000e+00,3.869696153150460501e-116,1.000000000000000000e+00
9.012425899289902827e-20,1.000000000000000000e+00,9.012425899289904031e-20,1.000000000000000000e+00
2.900305680550908513e-42,1.000000000000000000e+00,2.900305680550908513e-42,1.000000000000000000e+00
7.891091843252538294e-190,1.000000000000000000e+00,7.891091843252538294e-190,1.000000000000000000e+00
9.352388813999779979e-59,1.000000000000000000e+00,9.352388813999781748e-59,1.000000000000000000e+00
3.869696153150460501e-116,1.000000000000000000e+00,3.869696153150460501e-116,1.000000000000000000e+00
2.165113646131694048e-74,1.000000000000000000e+00,2.165113646131694048e-74,1.000000000000000000e+00
4.109082433440388344e-50,1.000000000000000000e+00,4.109082433440388344e-50,1.000000000000000000e+00
2.142316050007143544e-165,1.000000000000000000e+00,2.142316050022731146e-165,1.000000000000000000e+00
7.348060592059388721e-144,1.000000000000000000e+00,7.348060592059387583e-144,1.000000000000000000e+00
1.280513414457660165e-29,1.000000000000000000e+00,1.280513414457660165e-29,1.000000000000000000e+00
1.024093259736573469e-07,9.999998975906739807e-01,1.024093259736573601e-07,9.999998975906739807e-01
7.171004187908405214e-01,2.828995812091594786e-01,7.171004187908404104e-01,2.828995812091594786e-01
2.800694639572796074e-01,7.199305360427203926e-01,2.800694639572796074e-01,7.199305360427203926e-01
1.024093259736573601e-07,9.999998975906739807e-01,1.024093259736573866e-07,9.999998975906740917e-01
9.452084402540937846e-01,5.479155974590618761e-02,9.452084402540937846e-01,5.479155974590618761e-02
7.171004187908404104e-01,2.828995812091595341e-01,7.171004187908405214e-01,2.828995812091594786e-01
9.999999845245972629e-01,1.547540266008139746e-08,9.999999845245973740e-01,1.547540266008139746e-08
9.999999997909722049e-01,2.090278510371158602e-10,9.999999997909722049e-01,2.090278510371158343e-10
9.887602347579522721e-01,1.123976524204770185e-02,9.887602347579522721e-01,1.123976524204770185e-02
4.600492363018046273e-46,1.000000000000000000e+00,4.600492363018045496e-46,1.000000000000000000e+00
2.800694639572795519e-01,7.199305360427203926e-01,2.800694639572795519e-01,7.199305360427203926e-01
9.999999999773967474e-01,2.260333082473759396e-11,9.999999999773966364e-01,2.260333082473759396e-11
1.331061532841260863e-10,9.999999998668938073e-01,1.331061532841260863e-10,9.999999998668938073e-01
8.282882430931687010e-39,1.000000000000000000e+00,8.282882430931687010e-39,1.000000000000000000e+00
1.373808131957797945e-266,1.000000000000000000e+00,1.373808131957797945e-266,1.000000000000000000e+00
1.000000000000000000e+00,1.373808131947802168e-256,2.165113646131694048e-74,1.000000000000000000e+00
9.012425899289904031e-20,1.000000000000000000e+00,9.012425899289904031e-20,1.000000000000000000e+00
2.165113646131694048e-74,1.000000000000000000e+00,2.165113646131694048e-74,1.000000000000000000e+00
1.280513414457660445e-29,1.000000000000000000e+00,1.280513414457660165e-29,1.000000000000000000e+00
8.800956425758333637e-125,1.000000000000000000e+00,8.800956425758332587e-125,1.000000000000000000e+00
3.802272892144981297e-93,1.000000000000000000e+00,3.802272892144981297e-93,1.000000000000000000e+00
9.999999304448655701e-01,6.955513440490444612e-08,9.999999304448655701e-01,6.955513440490443289e-08
9.999999304448655701e-01,6.955513440490444612e-08,9.999999304448656812e-01,6.955513440490445936e-08
9.999999304448655701e-01,6.955513440490444612e-08,9.999999304448656812e-01,6.955513440490445936e-08
9.999999304448655701e-01,6.955513440490444612e-08,9.999999304448656812e-01,6.955513440490445936e-08
9.999999304448655701e-01,6.955513440490444612e-08,9.999999304448656812e-01,6.955513440490445936e-08
9.999999304448655701e-01,6.955513440490444612e-08,9.999999304448656812e-01,6.955513440490445936e-08
9.999999304448655701e-01,6.955513440490444612e-08,9.999999304448656812e-01,6.955513440490445936e-08
9.999999304448655701e-01,6.955513440490444612e-08,9.999999304448656812e-01,6.955513440490445936e-08
9.999999304448655701e-01,6.955513440490444612e-08,9.999999304448656812e-01,6.955513440490445936e-08
9.999999304448655701e-01,6.955513440490444612e-08,9.999999304448656812e-01,6.955513440490445936e-08
9.999999999899356062e-01,1.006436526594150549e-11,9.999999999899356062e-01,1.006436526594150549e-11
9.999999999899356062e-01,1.006436526594150549e-11,9.999999999899357173e-01,1.006436526594150710e-11
9.999999999899356062e-01,1.006436526594150549e-11,9.999999999899357173e-01,1.006436526594150710e-11
9.999999999899356062e-01,1.006436526594150549e-11,9.999999999899357173e-01,1.006436526594150710e-11
1.729472159156367546e-86,1.000000000000000000e+00,1.729472159156367546e-86,1.000000000000000000e+00
6.877579828410526687e-27,1.000000000000000000e+00,6.877579828410528122e-27,1.000000000000000000e+00
2.900305680550908513e-42,1.000000000000000000e+00,2.900305680550908513e-42,1.000000000000000000e+00
8.282882430931687010e-39,1.000000000000000000e+00,8.282882430931687010e-39,1.000000000000000000e+00
2.900305680550909150e-42,1.000000000000000000e+00,2.900305680550908513e-42,1.000000000000000000e+00
5.646231525335899583e-22,1.000000000000000000e+00,5.646231525335899583e-22,1.000000000000000000e+00
1.204632648630328443e-17,1.000000000000000000e+00,1.204632648630328443e-17,1.000000000000000000e+00
6.045497239936986358e-108,1.000000000000000000e+00,6.045497239936985602e-108,1.000000000000000000e+00
2.660874161072915971e-54,1.000000000000000000e+00,2.660874161072915971e-54,1.000000000000000000e+00
6.877579828410526687e-27,1.000000000000000000e+00,6.877579828410528122e-27,1.000000000000000000e+00
1.911837754403147828e-32,1.000000000000000000e+00,1.911837754403147828e-32,1.000000000000000000e+00
6.508554717865464225e-69,1.000000000000000000e+00,6.508554717865464225e-69,1.000000000000000000e+00
4.109082433440388344e-50,1.000000000000000000e+00,4.109082433440388344e-50,1.000000000000000000e+00
9.999999996834015858e-01,3.165983998440406576e-10,9.999999996834015858e-01,3.165983998440406059e-10
9.999999999948683271e-01,5.131695836158599465e-12,9.999999999948683271e-01,5.131695836158599465e-12
4.109082433440388344e-50,1.000000000000000000e+00,4.109082433440388344e-50,1.000000000000000000e+00
9.999999999837737574e-01,1.622624383848748758e-11,9.999999999837736464e-01,1.622624383848748758e-11
2.800694639572796074e-01,7.199305360427205036e-01,2.800694639572796074e-01,7.199305360427205036e-01
9.999999999954137797e-01,4.586312181200780250e-12,9.999999999954136687e-01,4.586312181200780250e-12
2.800694639572795519e-01,7.199305360427203926e-01,2.800694639572796074e-01,7.199305360427205036e-01
9.999999999879030099e-01,1.209708840208108786e-11,9.999999999879028989e-01,1.209708840208108786e-11
9.999999845245973740e-01,1.547540266008140077e-08,9.999999845245973740e-01,1.547540266008139746e-08
9.999971298270133868e-01,2.870172986552557824e-06,9.999971298270134978e-01,2.870172986552558248e-06
9.012425899289904031e-20,1.000000000000000000e+00,9.012425899289905234e-20,1.000000000000000000e+00
5.075134280179416368e-03,9.949248657198206391e-01,5.075134280179417236e-03,9.949248657198205281e-01
9.999999999203141865e-01,7.968584051343270022e-11,9.999999999203140755e-01,7.968584051343268729e-11
9.999999999879028989e-01,1.209708840208108786e-11,9.999999999879030099e-01,1.209708840208108948e-11
9.999999999954979346e-01,4.502010443702746270e-12,9.999999999954979346e-01,4.502010443702746270e-12
9.999999999955205832e-01,4.479402961119157849e-12,9.999999999955205832e-01,4.479402961119157849e-12
9.999999999860557098e-01,1.394431753178002253e-11,9.999999999860558209e-01,1.394431753178002253e-11
9.999999999916409088e-01,8.359062569314933052e-12,9.999999999916409088e-01,8.359062569314931437e-12
9.999999999947765117e-01,5.223516961249337452e-12,9.999999999947764007e-01,5.223516961249336644e-12
9.999999999913984361e-01,8.601674835794415783e-12,9.999999999913983251e-01,8.601674835794414168e-12
9.999999999837737574e-01,1.622624383848748758e-11,9.999999999837738685e-01,1.622624383848749081e-11
9.999999998528751322e-01,1.471248556232709977e-10,9.999999998528750211e-01,1.471248556232709977e-10
9.999999999938302686e-01,6.169712484195006924e-12,9.999999999938302686e-01,6.169712484195006116e-12
9.999999999949931162e-01,5.006829722137265452e-12,9.999999999949931162e-01,5.006829722137264645e-12
9.999999996834015858e-01,3.165983998440406059e-10,9.999999996834015858e-01,3.165983998440406059e-10
9.999999999954614083e-01,4.538601109177455701e-12,9.999999999954614083e-01,4.538601109177455701e-12
9.999999999773967474e-01,2.260333082473759396e-11,9.999999999773967474e-01,2.260333082473759396e-11
9.999999999918550708e-01,8.144940324079871441e-12,9.999999999918550708e-01,8.144940324079871441e-12
9.999999999650964755e-01,3.490349648769413991e-11,9.999999999650964755e-01,3.490349648769413991e-11
9.999999997909720939e-01,2.090278510371158602e-10,9.999999997909720939e-01,2.090278510371158860e-10
1.204632648630328597e-17,1.000000000000000000e+00,1.204632648630328597e-17,1.000000000000000000e+00
9.999999999952164931e-01,4.783576317964525966e-12,9.999999999952163821e-01,4.783576317964525966e-12
9.999999995101669370e-01,4.898329619689137195e-10,9.999999995101670480e-01,4.898329619689137195e-10
9.999999998528751322e-01,1.471248556232709977e-10,9.999999998528752432e-01,1.471248556232709977e-10
9.999999999899356062e-01,1.006436526594150710e-11,9.999999999899354952e-01,1.006436526594150549e-11
9.999999999899356062e-01,1.006436526594150549e-11,9.999999999899357173e-01,1.006436526594150710e-11
9.999999999899356062e-01,1.006436526594150549e-11,9.999999999899357173e-01,1.006436526594150710e-11
9.999999999906338255e-01,9.366147880958001830e-12,9.999999999906338255e-01,9.366147880958001830e-12
9.999999999952163821e-01,4.783576317964525966e-12,9.999999999952164931e-01,4.783576317964526774e-12
9.999999999860557098e-01,1.394431753178002253e-11,9.999999999860557098e-01,1.394431753178002415e-11
9.999999999894058078e-01,1.059421469923963425e-11,9.999999999894058078e-01,1.059421469923963264e-11
9.999999999899356062e-01,1.006436526594150549e-11,9.999999999899356062e-01,1.006436526594150549e-11
9.999999999899356062e-01,1.006436526594150549e-11,9.999999999899357173e-01,1.006436526594150710e-11
9.999999999899356062e-01,1.006436526594150549e-11,9.999999999899357173e-01,1.006436526594150710e-11
9.999999999899356062e-01,1.006436526594150549e-11,9.999999999899357173e-01,1.006436526594150710e-11
9.999999999926451055e-01,7.354885591305519385e-12,9.999999999926449945e-01,7.354885591305519385e-12
9.999999998528751322e-01,1.471248556232709977e-10,9.999999998528751322e-01,1.471248556232709977e-10
9.999999999938302686e-01,6.169712484195006924e-12,9.999999999938302686e-01,6.169712484195006116e-12
9.999999999899356062e-01,1.006436526594150549e-11,9.999999999899356062e-01,1.006436526594150549e-11
9.999999999906338255e-01,9.366147880958001830e-12,9.999999999906338255e-01,9.366147880958001830e-12
9.999999999542145135e-01,4.578553539518116784e-11,9.999999999542145135e-01,4.578553539518116137e-11
9.999999999899356062e-01,1.006436526594150710e-11,9.999999999899356062e-01,1.006436526594150549e-11
9.999999999955236918e-01,4.476278123280248405e-12,9.999999999955236918e-01,4.476278123280249213e-12
9.999999999899356062e-01,1.006436526594150549e-11,9.999999999899357173e-01,1.006436526594150710e-11
9.995273477505144388e-01,4.726522494856116407e-04,9.995273477505144388e-01,4.726522494856117492e-04
9.999999999908945059e-01,9.105508767128303057e-12,9.999999999908945059e-01,9.105508767128303057e-12
2.411949648323457119e-24,1.000000000000000000e+00,2.411949648323457119e-24,1.000000000000000000e+00
9.999999999951033613e-01,4.896557034193482619e-12,9.999999999951034724e-01,4.896557034193482619e-12
9.999999996834015858e-01,3.165983998440406059e-10,9.999999996834015858e-01,3.165983998440406059e-10
9.999912770566483644e-01,8.722943351604154060e-06,9.999912770566483644e-01,8.722943351604155754e-06
9.999999999949932272e-01,5.006829722100835578e-12,9.999999999949931162e-01,5.006829722100835578e-12
9.999999999905297976e-01,9.470110775287381414e-12,9.999999999905299086e-01,9.470110775287381414e-12
9.999999999899356062e-01,1.006436526594150549e-11,9.999999999899357173e-01,1.006436526594150710e-11
9.999999999899356062e-01,1.006436526594150549e-11,9.999999999899357173e-01,1.006436526594150710e-11
9.999999999940604178e-01,5.939534100410235722e-12,9.999999999940604178e-01,5.939534100410235722e-12
9.999999999949931162e-01,5.006829722100835578e-12,9.999999999949932272e-01,5.006829722100836386e-12
9.999999999908943948e-01,9.105508767128301442e-12,9.999999999908945059e-01,9.105508767128303057e-12
9.999999999935760275e-01,6.423970721800951839e-12,9.999999999935760275e-01,6.423970721800951031e-12
9.999999999913984361e-01,8.601674835794415783e-12,9.999999999913983251e-01,8.601674835794414168e-12
9.999999999955236918e-01,4.476278123280248405e-12,9.999999999955235808e-01,4.476278123280248405e-12
9.999999999899356062e-01,1.006436526594150549e-11,9.999999999899357173e-01,1.006436526594150710e-11
9.999999999899356062e-01,1.006436526594150549e-11,9.999999999899357173e-01,1.006436526594150710e-11
9.999999999899356062e-01,1.006436526594150549e-11,9.999999999899357173e-01,1.006436526594150710e-11
9.999999999899356062e-01,1.006436526594150549e-11,9.999999999899357173e-01,1.006436526594150710e-11
9.999999999899356062e-01,1.006436526594150549e-11,9.999999999899357173e-01,1.006436526594150710e-11
9.999999999899356062e-01,1.006436526594150549e-11,9.999999999899357173e-01,1.006436526594150710e-11
9.999999999936636241e-01,6.336410936379218529e-12,9.999999999936636241e-01,6.336410936379218529e-12
9.999999999899356062e-01,1.006436526594150549e-11,9.999999999899356062e-01,1.006436526594150549e-11
9.999999999899356062e-01,1.006436526594150549e-11,9.999999999899357173e-01,1.006436526594150710e-11
9.999999999899356062e-01,1.006436526594150549e-11,9.999999999899357173e-01,1.006436526594150710e-11
9.999999999955387908e-01,4.461220696168341326e-12,9.999999999955387908e-01,4.461220696168342134e-12
9.999999999954979346e-01,4.502010443702746270e-12,9.999999999954980456e-01,4.502010443702747078e-12
9.999999999837736464e-01,1.622624383848748758e-11,9.999999999837738685e-01,1.622624383848749404e-11
9.999999999894058078e-01,1.059421469923963425e-11,9.999999999894056968e-01,1.059421469923963264e-11
9.999999999879028989e-01,1.209708840208108786e-11,9.999999999879028989e-01,1.209708840208108624e-11
9.999999999951999508e-01,4.800040420001613782e-12,9.999999999952000618e-01,4.800040420001613782e-12
9.999999999954932717e-01,4.506725468282260194e-12,9.999999999954932717e-01,4.506725468282260194e-12
9.999999999720921018e-01,2.790791985147400355e-11,9.999999999720921018e-01,2.790791985147400355e-11
2.411949648323457119e-24,1.000000000000000000e+00,2.411949648323457119e-24,1.000000000000000000e+00
4.701494535463963259e-02,9.529850546453604299e-01,4.701494535463961871e-02,9.529850546453603188e-01
9.438928158463123889e-16,9.999999999999991118e-01,9.438928158463121917e-16,9.999999999999991118e-01
1.331061532841260605e-10,9.999999998668938073e-01,1.331061532841260863e-10,9.999999998668938073e-01
9.999999999906338255e-01,9.366147880958001830e-12,9.999999999906338255e-01,9.366147880958001830e-12
9.999999999899356062e-01,1.006436526594150549e-11,9.999999999899356062e-01,1.006436526594150549e-11
9.999999999922692950e-01,7.730700947606279369e-12,9.999999999922692950e-01,7.730700947606277753e-12
9.999999978183631288e-01,2.181636924981145843e-09,9.999999978183631288e-01,2.181636924981145843e-09
9.999999999411371965e-01,5.886277231940617913e-11,9.999999999411371965e-01,5.886277231940617913e-11
2.411949648323457119e-24,1.000000000000000000e+00,2.411949648323457119e-24,1.000000000000000000e+00
5.075134280179417236e-03,9.949248657198205281e-01,5.075134280179417236e-03,9.949248657198205281e-01
9.525930785844258199e-64,1.000000000000000000e+00,9.525930785844260898e-64,1.000000000000000000e+00
6.045497239936985602e-108,1.000000000000000000e+00,6.045497239936985602e-108,1.000000000000000000e+00
1.807898221812568306e-35,1.000000000000000000e+00,1.807898221812568574e-35,1.000000000000000000e+00
1.331061532841260863e-10,9.999999998668938073e-01,1.331061532841260863e-10,9.999999998668938073e-01
1.911837754403147828e-32,1.000000000000000000e+00,1.911837754403148101e-32,1.000000000000000000e+00
1.331061532841260863e-10,9.999999998668938073e-01,1.331061532841260863e-10,9.999999998668938073e-01
9.999999995101671590e-01,4.898329619689137195e-10,9.999999995101670480e-01,4.898329619689137195e-10
9.999999999906338255e-01,9.366147880958001830e-12,9.999999999906338255e-01,9.366147880958001830e-12
9.999999999953218532e-01,4.678158430719900854e-12,9.999999999953218532e-01,4.678158430719901662e-12
9.999999999953218532e-01,4.678158430719900854e-12,9.999999999953217422e-01,4.678158430719900854e-12
9.999999999947765117e-01,5.223516961249337452e-12,9.999999999947765117e-01,5.223516961249337452e-12
9.999999999952163821e-01,4.783576317964525966e-12,9.999999999952163821e-01,4.783576317964525966e-12
9.999999999950521801e-01,4.947834189787316281e-12,9.999999999950521801e-01,4.947834189787316281e-12
9.999999999650964755e-01,3.490349648769413991e-11,9.999999999650965865e-01,3.490349648769413991e-11
9.999999999955372365e-01,4.462777587715606075e-12,9.999999999955371255e-01,4.462777587715606075e-12
9.999999845245973740e-01,1.547540266008139746e-08,9.999999845245972629e-01,1.547540266008139415e-08
9.995273477505143278e-01,4.726522494856116949e-04,9.995273477505144388e-01,4.726522494856117492e-04
9.999999960903752649e-01,3.909624719461174470e-09,9.999999960903752649e-01,3.909624719461175298e-09
9.999999999860557098e-01,1.394431753178002253e-11,9.999999999860557098e-01,1.394431753178001930e-11
9.999999960903752649e-01,3.909624719461175298e-09,9.999999960903752649e-01,3.909624719461174470e-09
9.999999996834015858e-01,3.165983998440406059e-10,9.999999996834016969e-01,3.165983998440406576e-10
9.999999999953544938e-01,4.645487461669452078e-12,9.999999999953543828e-01,4.645487461669451271e-12
9.999999999650964755e-01,3.490349648769413991e-11,9.999999999650965865e-01,3.490349648769414637e-11
9.999999999933496531e-01,6.650344746520000706e-12,9.999999999933496531e-01,6.650344746519999898e-12
9.999999999932954742e-01,6.704528807953964017e-12,9.999999999932953632e-01,6.704528807953963209e-12
9.999999999940604178e-01,5.939534100410235722e-12,9.999999999940604178e-01,5.939534100410236530e-12
9.999999999879028989e-01,1.209708840208108786e-11,9.999999999879030099e-01,1.209708840208108786e-11
9.999999999860557098e-01,1.394431753178002253e-11,9.999999999860557098e-01,1.394431753178002415e-11
2.800694639572796074e-01,7.199305360427205036e-01,2.800694639572796074e-01,7.199305360427203926e-01
9.999999998902970866e-01,1.097029182965418820e-10,9.999999998902970866e-01,1.097029182965418820e-10
9.999999999899356062e-01,1.006436526594150549e-11,9.999999999899356062e-01,1.006436526594150710e-11
9.999999999899356062e-01,1.006436526594150549e-11,9.999999999899357173e-01,1.006436526594150710e-11
9.999999999899356062e-01,1.006436526594150549e-11,9.999999999899357173e-01,1.006436526594150710e-11
9.999999999899356062e-01,1.006436526594150549e-11,9.999999999899357173e-01,1.006436526594150710e-11
9.999999999954550800e-01,4.544940010447997773e-12,9.999999999954550800e-01,4.544940010447998581e-12
9.999999999937111417e-01,6.288878759764702990e-12,9.999999999937110307e-01,6.288878759764702183e-12
9.999999999899356062e-01,1.006436526594150549e-11,9.999999999899356062e-01,1.006436526594150387e-11
9.999999999899356062e-01,1.006436526594150549e-11,9.999999999899357173e-01,1.006436526594150710e-11
9.999999999899356062e-01,1.006436526594150549e-11,9.999999999899357173e-01,1.006436526594150710e-11
9.999999999899356062e-01,1.006436526594150549e-11,9.999999999899357173e-01,1.006436526594150710e-11
9.999999999899356062e-01,1.006436526594150549e-11,9.999999999899357173e-01,1.006436526594150710e-11
9.999999999915555327e-01,8.444435846188329463e-12,9.999999999915555327e-01,8.444435846188331079e-12
9.999999999899356062e-01,1.006436526594150549e-11,9.999999999899356062e-01,1.006436526594150549e-11
9.999999999899356062e-01,1.006436526594150549e-11,9.999999999899357173e-01,1.006436526594150710e-11
9.999999999899356062e-01,1.006436526594150549e-11,9.999999999899357173e-01,1.006436526594150710e-11
9.999999999899356062e-01,1.006436526594150549e-11,9.999999999899357173e-01,1.006436526594150710e-11
9.999999999899356062e-01,1.006436526594150549e-11,9.999999999899357173e-01,1.006436526594150710e-11
9.999999999899356062e-01,1.006436526594150549e-11,9.999999999899357173e-01,1.006436526594150710e-11
9.999912770566483644e-01,8.722943351604155754e-06,9.999912770566484754e-01,8.722943351604155754e-06
9.999999999899356062e-01,1.006436526594150549e-11,9.999999999899356062e-01,1.006436526594150549e-11
9.999999999899356062e-01,1.006436526594150549e-11,9.999999999899357173e-01,1.006436526594150710e-11
9.999999999899356062e-01,1.006436526594150549e-11,9.999999999899357173e-01,1.006436526594150710e-11
9.999999999899356062e-01,1.006436526594150549e-11,9.999999999899357173e-01,1.006436526594150710e-11
9.999999999899356062e-01,1.006436526594150549e-11,9.999999999899357173e-01,1.006436526594150710e-11
9.999999999899356062e-01,1.006436526594150549e-11,9.999999999899357173e-01,1.006436526594150710e-11
9.999999999899356062e-01,1.006436526594150549e-11,9.999999999899357173e-01,1.006436526594150710e-11
9.999999999899356062e-01,1.006436526594150549e-11,9.999999999899357173e-01,1.006436526594150710e-11
9.999999999899356062e-01,1.006436526594150549e-11,9.999999999899357173e-01,1.006436526594150710e-11
9.999999999899356062e-01,1.006436526594150549e-11,9.999999999899357173e-01,1.006436526594150710e-11
9.999999999899356062e-01,1.006436526594150549e-11,9.999999999899357173e-01,1.006436526594150710e-11
9.999999999899356062e-01,1.006436526594150549e-11,9.999999999899357173e-01,1.006436526594150710e-11
9.999999999899356062e-01,1.006436526594150549e-11,9.999999999899357173e-01,1.006436526594150710e-11
9.999999999899356062e-01,1.006436526594150549e-11,9.999999999899357173e-01,1.006436526594150710e-11
9.999999999899356062e-01,1.006436526594150549e-11,9.999999999899357173e-01,1.006436526594150710e-11
9.999999999899356062e-01,1.006436526594150549e-11,9.999999999899357173e-01,1.006436526594150710e-11
9.999999999899356062e-01,1.006436526594150549e-11,9.999999999899357173e-01,1.006436526594150710e-11
9.999999999899356062e-01,1.006436526594150549e-11,9.999999999899357173e-01,1.006436526594150710e-11
9.999999999899356062e-01,1.006436526594150549e-11,9.999999999899357173e-01,1.006436526594150710e-11
9.999999999899356062e-01,1.006436526594150549e-11,9.999999999899357173e-01,1.006436526594150710e-11
9.999999999899356062e-01,1.006436526594150549e-11,9.999999999899357173e-01,1.006436526594150710e-11
9.999999999899356062e-01,1.006436526594150549e-11,9.999999999899357173e-01,1.006436526594150710e-11
9.999999999899356062e-01,1.006436526594150549e-11,9.999999999899357173e-01,1.006436526594150710e-11
9.999999999899356062e-01,1.006436526594150549e-11,9.999999999899357173e-01,1.006436526594150710e-11
9.999999999899356062e-01,1.006436526594150549e-11,9.999999999899357173e-01,1.006436526594150710e-11
9.999999999954056751e-01,4.594320500659562682e-12,9.999999999954055641e-01,4.594320500659562682e-12
9.999999999899356062e-01,1.006436526594150549e-11,9.999999999899356062e-01,1.006436526594150710e-11
9.999999999899356062e-01,1.006436526594150549e-11,9.999999999899357173e-01,1.006436526594150710e-11
9.999999999899356062e-01,1.006436526594150549e-11,9.999999999899357173e-01,1.006436526594150710e-11
9.999999999899356062e-01,1.006436526594150549e-11,9.999999999899357173e-01,1.006436526594150710e-11
9.999999999899356062e-01,1.006436526594150549e-11,9.999999999899357173e-01,1.006436526594150710e-11
9.999999999899356062e-01,1.006436526594150549e-11,9.999999999899357173e-01,1.006436526594150710e-11
9.999999999899356062e-01,1.006436526594150549e-11,9.999999999899357173e-01,1.006436526594150710e-11
9.999999999899356062e-01,1.006436526594150549e-11,9.999999999899357173e-01,1.006436526594150710e-11
9.999999999899356062e-01,1.006436526594150549e-11,9.999999999899357173e-01,1.006436526594150710e-11
9.999999999908945059e-01,9.105508767128303057e-12,9.999999999908945059e-01,9.105508767128303057e-12
9.999999999899356062e-01,1.006436526594150549e-11,9.999999999899356062e-01,1.006436526594150710e-11
9.999999999899356062e-01,1.006436526594150549e-11,9.999999999899357173e-01,1.006436526594150710e-11
9.999999999899356062e-01,1.006436526594150549e-11,9.999999999899357173e-01,1.006436526594150710e-11
9.999999999899356062e-01,1.006436526594150549e-11,9.999999999899357173e-01,1.006436526594150710e-11
9.999999999899356062e-01,1.006436526594150549e-11,9.999999999899357173e-01,1.006436526594150710e-11
9.999999999899356062e-01,1.006436526594150549e-11,9.999999999899357173e-01,1.006436526594150710e-11
9.999999999899356062e-01,1.006436526594150549e-11,9.999999999899357173e-01,1.006436526594150710e-11
9.999999999899356062e-01,1.006436526594150549e-11,9.999999999899357173e-01,1.006436526594150710e-11
9.999999999899356062e-01,1.006436526594150549e-11,9.999999999899357173e-01,1.006436526594150710e-11
9.999999999899356062e-01,1.006436526594150549e-11,9.999999999899357173e-01,1.006436526594150710e-11
9.999999999899356062e-01,1.006436526594150549e-11,9.999999999899357173e-01,1.006436526594150710e-11
9.999999999953544938e-01,4.645487461669452078e-12,9.999999999953546048e-01,4.645487461669452078e-12
9.999999999899356062e-01,1.006436526594150549e-11,9.999999999899354952e-01,1.006436526594150549e-11
9.999999999899356062e-01,1.006436526594150549e-11,9.999999999899357173e-01,1.006436526594150710e-11
9.999999999899356062e-01,1.006436526594150549e-11,9.999999999899357173e-01,1.006436526594150710e-11
9.999999999899356062e-01,1.006436526594150549e-11,9.999999999899357173e-01,1.006436526594150710e-11
9.999999999899356062e-01,1.006436526594150549e-11,9.999999999899357173e-01,1.006436526594150710e-11
9.999999999899356062e-01,1.006436526594150549e-11,9.999999999899357173e-01,1.006436526594150710e-11
9.999999999899356062e-01,1.006436526594150549e-11,9.999999999899357173e-01,1.006436526594150710e-11
9.999999999899356062e-01,1.006436526594150549e-11,9.999999999899357173e-01,1.006436526594150710e-11
9.999999999899356062e-01,1.006436526594150549e-11,9.999999999899357173e-01,1.006436526594150710e-11
9.999999999899356062e-01,1.006436526594150549e-11,9.999999999899357173e-01,1.006436526594150710e-11
9.999999999899356062e-01,1.006436526594150549e-11,9.999999999899357173e-01,1.006436526594150710e-11
9.999999999899356062e-01,1.006436526594150549e-11,9.999999999899357173e-01,1.006436526594150710e-11
9.999999999899356062e-01,1.006436526594150549e-11,9.999999999899357173e-01,1.006436526594150710e-11
9.999999999899356062e-01,1.006436526594150549e-11,9.999999999899357173e-01,1.006436526594150710e-11
9.999999999899356062e-01,1.006436526594150549e-11,9.999999999899357173e-01,1.006436526594150710e-11
9.999999999899356062e-01,1.006436526594150549e-11,9.999999999899357173e-01,1.006436526594150710e-11
9.999999999899356062e-01,1.006436526594150549e-11,9.999999999899357173e-01,1.006436526594150710e-11
9.999999999915555327e-01,8.444435846188329463e-12,9.999999999915555327e-01,8.444435846188329463e-12
9.999999999899356062e-01,1.006436526594150549e-11,9.999999999899356062e-01,1.006436526594150549e-11
9.999999999899356062e-01,1.006436526594150549e-11,9.999999999899357173e-01,1.006436526594150710e-11
9.999999999899356062e-01,1.006436526594150549e-11,9.999999999899357173e-01,1.006436526594150710e-11
9.999999999899356062e-01,1.006436526594150549e-11,9.999999999899357173e-01,1.006436526594150710e-11
9.999999999899356062e-01,1.006436526594150549e-11,9.999999999899357173e-01,1.006436526594150710e-11
9.999999999899356062e-01,1.006436526594150549e-11,9.999999999899357173e-01,1.006436526594150710e-11
9.999999999899356062e-01,1.006436526594150549e-11,9.999999999899357173e-01,1.006436526594150710e-11
9.999999999899356062e-01,1.006436526594150549e-11,9.999999999899357173e-01,1.006436526594150710e-11
9.999999999899356062e-01,1.006436526594150549e-11,9.999999999899357173e-01,1.006436526594150710e-11
9.999999999899356062e-01,1.006436526594150549e-11,9.999999999899357173e-01,1.006436526594150710e-11
9.999999999949931162e-01,5.006829722137265452e-12,9.999999999949932272e-01,5.006829722137265452e-12
9.999999999899356062e-01,1.006436526594150549e-11,9.999999999899357173e-01,1.006436526594150710e-11
9.999999999899356062e-01,1.006436526594150549e-11,9.999999999899357173e-01,1.006436526594150710e-11
9.999999999899356062e-01,1.006436526594150549e-11,9.999999999899357173e-01,1.006436526594150710e-11
9.999999999948683271e-01,5.131695836158599465e-12,9.999999999948683271e-01,5.131695836158599465e-12
9.999999999899356062e-01,1.006436526594150549e-11,9.999999999899357173e-01,1.006436526594150710e-11
9.999999999948683271e-01,5.131695836158599465e-12,9.999999999948683271e-01,5.131695836158600273e-12
9.999999999899356062e-01,1.006436526594150549e-11,9.999999999899357173e-01,1.006436526594150710e-11
9.999999999899356062e-01,1.006436526594150549e-11,9.999999999899357173e-01,1.006436526594150710e-11
9.999999999899356062e-01,1.006436526594150549e-11,9.999999999899357173e-01,1.006436526594150710e-11
9.999999999942015272e-01,5.798478635386659122e-12,9.999999999942015272e-01,5.798478635386659122e-12
9.999999999899356062e-01,1.006436526594150549e-11,9.999999999899356062e-01,1.006436526594150710e-11
9.999999999899356062e-01,1.006436526594150549e-11,9.999999999899357173e-01,1.006436526594150710e-11
9.999999999899356062e-01,1.006436526594150549e-11,9.999999999899357173e-01,1.006436526594150710e-11
9.999999999908945059e-01,9.105508767128303057e-12,9.999999999908945059e-01,9.105508767128303057e-12
9.999999999937111417e-01,6.288878759764702183e-12,9.999999999937111417e-01,6.288878759764702183e-12
9.999999999899356062e-01,1.006436526594150549e-11,9.999999999899356062e-01,1.006436526594150549e-11
9.999999999899356062e-01,1.006436526594150549e-11,9.999999999899357173e-01,1.006436526594150710e-11
9.999999999954550800e-01,4.544940010447997773e-12,9.999999999954550800e-01,4.544940010447997773e-12
9.999999999899356062e-01,1.006436526594150549e-11,9.999999999899356062e-01,1.006436526594150710e-11
9.999999999899356062e-01,1.006436526594150549e-11,9.999999999899357173e-01,1.006436526594150710e-11
9.999999999899356062e-01,1.006436526594150549e-11,9.999999999899357173e-01,1.006436526594150710e-11
9.999999999899356062e-01,1.006436526594150549e-11,9.999999999899357173e-01,1.006436526594150710e-11
9.999999978183631288e-01,2.181636924981145843e-09,9.999999978183631288e-01,2.181636924981145429e-09
9.999999999899356062e-01,1.006436526594150549e-11,9.999999999899357173e-01,1.006436526594150549e-11
9.999999999899356062e-01,1.006436526594150549e-11,9.999999999899357173e-01,1.006436526594150710e-11
9.999999999899356062e-01,1.006436526594150549e-11,9.999999999899357173e-01,1.006436526594150710e-11
9.999999999930926364e-01,6.907402739650461784e-12,9.999999999930926364e-01,6.907402739650461784e-12
9.999999999899356062e-01,1.006436526594150549e-11,9.999999999899356062e-01,1.006436526594150549e-11
9.999999999899356062e-01,1.006436526594150549e-11,9.999999999899357173e-01,1.006436526594150710e-11
9.999999999899356062e-01,1.006436526594150549e-11,9.999999999899357173e-01,1.006436526594150710e-11
9.999999999899356062e-01,1.006436526594150549e-11,9.999999999899357173e-01,1.006436526594150710e-11
9.999999999899356062e-01,1.006436526594150549e-11,9.999999999899357173e-01,1.006436526594150710e-11
9.999999999899356062e-01,1.006436526594150549e-11,9.999999999899357173e-01,1.006436526594150710e-11
9.999999999899356062e-01,1.006436526594150549e-11,9.999999999899357173e-01,1.006436526594150710e-11
9.999999999899356062e-01,1.006436526594150549e-11,9.999999999899357173e-01,1.006436526594150710e-11
9.999999999899356062e-01,1.006436526594150549e-11,9.999999999899357173e-01,1.006436526594150710e-11
9.999999999899356062e-01,1.006436526594150549e-11,9.999999999899357173e-01,1.006436526594150710e-11
9.999999999899356062e-01,1.006436526594150549e-11,9.999999999899357173e-01,1.006436526594150710e-11
9.999999999899356062e-01,1.006436526594150549e-11,9.999999999899357173e-01,1.006436526594150710e-11
9.999999999899356062e-01,1.006436526594150549e-11,9.999999999899357173e-01,1.006436526594150710e-11
9.999999999899356062e-01,1.006436526594150549e-11,9.999999999899357173e-01,1.006436526594150710e-11
9.999999999899356062e-01,1.006436526594150549e-11,9.999999999899357173e-01,1.006436526594150710e-11
9.999999999899356062e-01,1.006436526594150549e-11,9.999999999899357173e-01,1.006436526594150710e-11
9.999999999899356062e-01,1.006436526594150549e-11,9.999999999899357173e-01,1.006436526594150710e-11
9.999999999899356062e-01,1.006436526594150549e-11,9.999999999899357173e-01,1.006436526594150710e-11
9.999999999899356062e-01,1.006436526594150549e-11,9.999999999899357173e-01,1.006436526594150710e-11
9.999999999899356062e-01,1.006436526594150549e-11,9.999999999899357173e-01,1.006436526594150710e-11
9.999999999899356062e-01,1.006436526594150549e-11,9.999999999899357173e-01,1.006436526594150710e-11
9.999999999899356062e-01,1.006436526594150549e-11,9.999999999899357173e-01,1.006436526594150710e-11
9.999999999899356062e-01,1.006436526594150549e-11,9.999999999899357173e-01,1.006436526594150710e-11
9.999999999899356062e-01,1.006436526594150549e-11,9.999999999899357173e-01,1.006436526594150710e-11
9.999999999899356062e-01,1.006436526594150549e-11,9.999999999899357173e-01,1.006436526594150710e-11
9.999999999837737574e-01,1.622624383848748758e-11,9.999999999837737574e-01,1.622624383848749081e-11
9.999999999899356062e-01,1.006436526594150549e-11,9.999999999899356062e-01,1.006436526594150710e-11
9.999999999910679227e-01,8.932022517738109090e-12,9.999999999910680337e-01,8.932022517738110705e-12
9.999999999899356062e-01,1.006436526594150549e-11,9.999999999899357173e-01,1.006436526594150710e-11
9.999999999899356062e-01,1.006436526594150549e-11,9.999999999899357173e-01,1.006436526594150710e-11
9.999999999899356062e-01,1.006436526594150549e-11,9.999999999899357173e-01,1.006436526594150710e-11
9.999999999899356062e-01,1.006436526594150549e-11,9.999999999899357173e-01,1.006436526594150710e-11
9.999999999899356062e-01,1.006436526594150549e-11,9.999999999899357173e-01,1.006436526594150710e-11
9.999999999899356062e-01,1.006436526594150549e-11,9.999999999899357173e-01,1.006436526594150710e-11
9.999999999899356062e-01,1.006436526594150549e-11,9.999999999899357173e-01,1.006436526594150710e-11
9.999999999899356062e-01,1.006436526594150549e-11,9.999999999899357173e-01,1.006436526594150710e-11
9.999999999899356062e-01,1.006436526594150549e-11,9.999999999899357173e-01,1.006436526594150710e-11
9.999999999899356062e-01,1.006436526594150549e-11,9.999999999899357173e-01,1.006436526594150710e-11
9.999999999899356062e-01,1.006436526594150549e-11,9.999999999899357173e-01,1.006436526594150710e-11
9.999999999899356062e-01,1.006436526594150549e-11,9.999999999899357173e-01,1.006436526594150710e-11
9.999999999899356062e-01,1.006436526594150549e-11,9.999999999899357173e-01,1.006436526594150710e-11
9.999999999899356062e-01,1.006436526594150549e-11,9.999999999899357173e-01,1.006436526594150710e-11
9.999999999899356062e-01,1.006436526594150549e-11,9.999999999899357173e-01,1.006436526594150710e-11
9.999999999899356062e-01,1.006436526594150549e-11,9.999999999899357173e-01,1.006436526594150710e-11
9.999999999899356062e-01,1.006436526594150549e-11,9.999999999899357173e-01,1.006436526594150710e-11
9.999999999899356062e-01,1.006436526594150549e-11,9.999999999899357173e-01,1.006436526594150710e-11
9.999999999899356062e-01,1.006436526594150549e-11,9.999999999899357173e-01,1.006436526594150710e-11
9.999999999899356062e-01,1.006436526594150549e-11,9.999999999899357173e-01,1.006436526594150710e-11
9.999999999899356062e-01,1.006436526594150549e-11,9.999999999899357173e-01,1.006436526594150710e-11
9.999999999899356062e-01,1.006436526594150549e-11,9.999999999899357173e-01,1.006436526594150710e-11
9.999999999899356062e-01,1.006436526594150549e-11,9.999999999899357173e-01,1.006436526594150710e-11
9.999999999899356062e-01,1.006436526594150549e-11,9.999999999899357173e-01,1.006436526594150710e-11
9.999999999899356062e-01,1.006436526594150549e-11,9.999999999899357173e-01,1.006436526594150710e-11
9.999999999899356062e-01,1.006436526594150549e-11,9.999999999899357173e-01,1.006436526594150710e-11
9.999999999899356062e-01,1.006436526594150549e-11,9.999999999899357173e-01,1.006436526594150710e-11
9.999999999899356062e-01,1.006436526594150549e-11,9.999999999899357173e-01,1.006436526594150710e-11
9.999999999899356062e-01,1.006436526594150549e-11,9.999999999899357173e-01,1.006436526594150710e-11
9.999999999899356062e-01,1.006436526594150549e-11,9.999999999899357173e-01,1.006436526594150710e-11
9.999999999899356062e-01,1.006436526594150549e-11,9.999999999899357173e-01,1.006436526594150710e-11
9.999999999899356062e-01,1.006436526594150549e-11,9.999999999899357173e-01,1.006436526594150710e-11
9.999999999899356062e-01,1.006436526594150549e-11,9.999999999899357173e-01,1.006436526594150710e-11
9.999999999899356062e-01,1.006436526594150549e-11,9.999999999899357173e-01,1.006436526594150710e-11
9.999999999899356062e-01,1.006436526594150549e-11,9.999999999899357173e-01,1.006436526594150710e-11
9.999999999899356062e-01,1.006436526594150549e-11,9.999999999899357173e-01,1.006436526594150710e-11
9.999999999899356062e-01,1.006436526594150549e-11,9.999999999899357173e-01,1.006436526594150710e-11
9.999999999954056751e-01,4.594320500659562682e-12,9.999999999954055641e-01,4.594320500659562682e-12
9.999999999899356062e-01,1.006436526594150549e-11,9.999999999899356062e-01,1.006436526594150710e-11
9.999999999955432317e-01,4.456731138826037149e-12,9.999999999955433427e-01,4.456731138826037957e-12
9.999999999899356062e-01,1.006436526594150549e-11,9.999999999899356062e-01,1.006436526594150387e-11
9.999999999899356062e-01,1.006436526594150549e-11,9.999999999899357173e-01,1.006436526594150710e-11
9.999999999899356062e-01,1.006436526594150549e-11,9.999999999899357173e-01,1.006436526594150710e-11
9.999999999899356062e-01,1.006436526594150549e-11,9.999999999899357173e-01,1.006436526594150710e-11
9.999999999899356062e-01,1.006436526594150549e-11,9.999999999899357173e-01,1.006436526594150710e-11
9.999999999899356062e-01,1.006436526594150549e-11,9.999999999899357173e-01,1.006436526594150710e-11
9.999999999899356062e-01,1.006436526594150549e-11,9.999999999899357173e-01,1.006436526594150710e-11
9.999999999899356062e-01,1.006436526594150549e-11,9.999999999899357173e-01,1.006436526594150710e-11
9.999999999899356062e-01,1.006436526594150549e-11,9.999999999899357173e-01,1.006436526594150710e-11
9.999999999899356062e-01,1.006436526594150549e-11,9.999999999899357173e-01,1.006436526594150710e-11
9.999999999899356062e-01,1.006436526594150549e-11,9.999999999899357173e-01,1.006436526594150710e-11
9.999999999899356062e-01,1.006436526594150549e-11,9.999999999899357173e-01,1.006436526594150710e-11
9.999999999899356062e-01,1.006436526594150549e-11,9.999999999899357173e-01,1.006436526594150710e-11
9.999999999899356062e-01,1.006436526594150549e-11,9.999999999899357173e-01,1.006436526594150710e-11
9.999999999899356062e-01,1.006436526594150549e-11,9.999999999899357173e-01,1.006436526594150710e-11
9.999999999899356062e-01,1.006436526594150549e-11,9.999999999899357173e-01,1.006436526594150710e-11
9.999999999899356062e-01,1.006436526594150549e-11,9.999999999899357173e-01,1.006436526594150710e-11
9.999999999899356062e-01,1.006436526594150549e-11,9.999999999899357173e-01,1.006436526594150710e-11
9.999999999899356062e-01,1.006436526594150549e-11,9.999999999899357173e-01,1.006436526594150710e-11
9.999999999899356062e-01,1.006436526594150549e-11,9.999999999899357173e-01,1.006436526594150710e-11
9.999999999899356062e-01,1.006436526594150549e-11,9.999999999899357173e-01,1.006436526594150710e-11
9.999999999899356062e-01,1.006436526594150549e-11,9.999999999899357173e-01,1.006436526594150710e-11
9.999999999899356062e-01,1.006436526594150549e-11,9.999999999899357173e-01,1.006436526594150710e-11
9.999999999928261829e-01,7.173779663715421509e-12,9.999999999928262939e-01,7.173779663715422317e-12
9.999999999899356062e-01,1.006436526594150549e-11,9.999999999899356062e-01,1.006436526594150549e-11
9.999999999899356062e-01,1.006436526594150549e-11,9.999999999899357173e-01,1.006436526594150710e-11
9.999999999899356062e-01,1.006436526594150549e-11,9.999999999899357173e-01,1.006436526594150710e-11
9.999999999899356062e-01,1.006436526594150549e-11,9.999999999899357173e-01,1.006436526594150710e-11
9.999999999899356062e-01,1.006436526594150549e-11,9.999999999899357173e-01,1.006436526594150710e-11
9.999999999899356062e-01,1.006436526594150549e-11,9.999999999899357173e-01,1.006436526594150710e-11
9.999999999899356062e-01,1.006436526594150549e-11,9.999999999899357173e-01,1.006436526594150710e-11
9.999999999899356062e-01,1.006436526594150549e-11,9.999999999899357173e-01,1.006436526594150710e-11
9.999999999899356062e-01,1.006436526594150549e-11,9.999999999899357173e-01,1.006436526594150710e-11
9.999999999899356062e-01,1.006436526594150549e-11,9.999999999899357173e-01,1.006436526594150710e-11
9.999999999899356062e-01,1.006436526594150549e-11,9.999999999899357173e-01,1.006436526594150710e-11
9.999999999899356062e-01,1.006436526594150549e-11,9.999999999899357173e-01,1.006436526594150710e-11
9.999999999899356062e-01,1.006436526594150549e-11,9.999999999899357173e-01,1.006436526594150710e-11
9.999999999899356062e-01,1.006436526594150549e-11,9.999999999899357173e-01,1.006436526594150710e-11
9.999999999899356062e-01,1.006436526594150549e-11,9.999999999899357173e-01,1.006436526594150710e-11
9.999999999899356062e-01,1.006436526594150549e-11,9.999999999899357173e-01,1.006436526594150710e-11
9.999999999899356062e-01,1.006436526594150549e-11,9.999999999899357173e-01,1.006436526594150710e-11
9.999999999899356062e-01,1.006436526594150549e-11,9.999999999899357173e-01,1.006436526594150710e-11
9.999999999899356062e-01,1.006436526594150549e-11,9.999999999899357173e-01,1.006436526594150710e-11
9.999999999899356062e-01,1.006436526594150549e-11,9.999999999899357173e-01,1.006436526594150710e-11
9.999999999899356062e-01,1.006436526594150549e-11,9.999999999899357173e-01,1.006436526594150710e-11
9.999999999899356062e-01,1.006436526594150549e-11,9.999999999899357173e-01,1.006436526594150710e-11
9.999999999899356062e-01,1.006436526594150549e-11,9.999999999899357173e-01,1.006436526594150710e-11
9.999999999899356062e-01,1.006436526594150549e-11,9.999999999899357173e-01,1.006436526594150710e-11
9.999999999899356062e-01,1.006436526594150549e-11,9.999999999899357173e-01,1.006436526594150710e-11
9.999999999899356062e-01,1.006436526594150549e-11,9.999999999899357173e-01,1.006436526594150710e-11
9.999999999899356062e-01,1.006436526594150549e-11,9.999999999899357173e-01,1.006436526594150710e-11
9.999999999899356062e-01,1.006436526594150549e-11,9.999999999899357173e-01,1.006436526594150710e-11
9.999999999899356062e-01,1.006436526594150549e-11,9.999999999899357173e-01,1.006436526594150710e-11
9.999999999899356062e-01,1.006436526594150549e-11,9.999999999899357173e-01,1.006436526594150710e-11
9.999999999899356062e-01,1.006436526594150549e-11,9.999999999899357173e-01,1.006436526594150710e-11
9.999999999899356062e-01,1.006436526594150549e-11,9.999999999899357173e-01,1.006436526594150710e-11
9.999999999899356062e-01,1.006436526594150549e-11,9.999999999899357173e-01,1.006436526594150710e-11
9.999999999899356062e-01,1.006436526594150549e-11,9.999999999899357173e-01,1.006436526594150710e-11
9.999999999899356062e-01,1.006436526594150549e-11,9.999999999899357173e-01,1.006436526594150710e-11
9.999999999899356062e-01,1.006436526594150549e-11,9.999999999899357173e-01,1.006436526594150710e-11
9.999999999899356062e-01,1.006436526594150549e-11,9.999999999899357173e-01,1.006436526594150710e-11
9.999999999899356062e-01,1.006436526594150549e-11,9.999999999899357173e-01,1.006436526594150710e-11
9.999999999899356062e-01,1.006436526594150549e-11,9.999999999899357173e-01,1.006436526594150710e-11
9.999999999899356062e-01,1.006436526594150549e-11,9.999999999899357173e-01,1.006436526594150710e-11
9.999999999899356062e-01,1.006436526594150549e-11,9.999999999899357173e-01,1.006436526594150710e-11
9.999999999899356062e-01,1.006436526594150549e-11,9.999999999899357173e-01,1.006436526594150710e-11
9.999999999946544982e-01,5.345521493554953680e-12,9.999999999946544982e-01,5.345521493554953680e-12
9.999999999899356062e-01,1.006436526594150549e-11,9.999999999899357173e-01,1.006436526594150710e-11
9.999999999899356062e-01,1.006436526594150549e-11,9.999999999899357173e-01,1.006436526594150710e-11
9.999999999899356062e-01,1.006436526594150549e-11,9.999999999899357173e-01,1.006436526594150710e-11
9.999999999899356062e-01,1.006436526594150549e-11,9.999999999899357173e-01,1.006436526594150710e-11
9.999999999899356062e-01,1.006436526594150549e-11,9.999999999899357173e-01,1.006436526594150710e-11
9.999999999899356062e-01,1.006436526594150549e-11,9.999999999899357173e-01,1.006436526594150710e-11
9.999999999899356062e-01,1.006436526594150549e-11,9.999999999899357173e-01,1.006436526594150710e-11
9.999999999899356062e-01,1.006436526594150549e-11,9.999999999899357173e-01,1.006436526594150710e-11
9.999999999947765117e-01,5.223516961249337452e-12,9.999999999947765117e-01,5.223516961249337452e-12
9.999999999899356062e-01,1.006436526594150549e-11,9.999999999899357173e-01,1.006436526594150710e-11
9.999999999899356062e-01,1.006436526594150549e-11,9.999999999899357173e-01,1.006436526594150710e-11
9.999999999899356062e-01,1.006436526594150549e-11,9.999999999899357173e-01,1.006436526594150710e-11
9.999999999899356062e-01,1.006436526594150549e-11,9.999999999899357173e-01,1.006436526594150710e-11
9.999999999899356062e-01,1.006436526594150549e-11,9.999999999899357173e-01,1.006436526594150710e-11
9.999999999899356062e-01,1.006436526594150549e-11,9.999999999899357173e-01,1.006436526594150710e-11
9.999999999899356062e-01,1.006436526594150549e-11,9.999999999899357173e-01,1.006436526594150710e-11
9.999999999899356062e-01,1.006436526594150549e-11,9.999999999899357173e-01,1.006436526594150710e-11
9.999999999899356062e-01,1.006436526594150549e-11,9.999999999899357173e-01,1.006436526594150710e-11
9.999999999899356062e-01,1.006436526594150549e-11,9.999999999899357173e-01,1.006436526594150710e-11
9.999999999955432317e-01,4.456731138826037149e-12,9.999999999955433427e-01,4.456731138826037957e-12
9.999999999899356062e-01,1.006436526594150549e-11,9.999999999899356062e-01,1.006436526594150387e-11
9.999999999899356062e-01,1.006436526594150549e-11,9.999999999899357173e-01,1.006436526594150710e-11
9.999999999899356062e-01,1.006436526594150549e-11,9.999999999899357173e-01,1.006436526594150710e-11
9.999999999899356062e-01,1.006436526594150549e-11,9.999999999899357173e-01,1.006436526594150710e-11
9.999999999899356062e-01,1.006436526594150549e-11,9.999999999899357173e-01,1.006436526594150710e-11
9.999999999899356062e-01,1.006436526594150549e-11,9.999999999899357173e-01,1.006436526594150710e-11
9.999999999899356062e-01,1.006436526594150549e-11,9.999999999899357173e-01,1.006436526594150710e-11
9.999999999899356062e-01,1.006436526594150549e-11,9.999999999899357173e-01,1.006436526594150710e-11
9.999999999899356062e-01,1.006436526594150549e-11,9.999999999899357173e-01,1.006436526594150710e-11
9.999999999899356062e-01,1.006436526594150549e-11,9.999999999899357173e-01,1.006436526594150710e-11
9.999999999899356062e-01,1.006436526594150549e-11,9.999999999899357173e-01,1.006436526594150710e-11
9.999999999899356062e-01,1.006436526594150549e-11,9.999999999899357173e-01,1.006436526594150710e-11
9.999999999899356062e-01,1.006436526594150549e-11,9.999999999899357173e-01,1.006436526594150710e-11
9.999999999899356062e-01,1.006436526594150549e-11,9.999999999899357173e-01,1.006436526594150710e-11
9.999999999899356062e-01,1.006436526594150549e-11,9.999999999899357173e-01,1.006436526594150710e-11
9.999999999899356062e-01,1.006436526594150549e-11,9.999999999899357173e-01,1.006436526594150710e-11
9.999999999899356062e-01,1.006436526594150549e-11,9.999999999899357173e-01,1.006436526594150710e-11
9.999999999899356062e-01,1.006436526594150549e-11,9.999999999899357173e-01,1.006436526594150710e-11
9.999999999899356062e-01,1.006436526594150549e-11,9.999999999899357173e-01,1.006436526594150710e-11
9.999999999899356062e-01,1.006436526594150549e-11,9.999999999899357173e-01,1.006436526594150710e-11
9.999999999899356062e-01,1.006436526594150549e-11,9.999999999899357173e-01,1.006436526594150710e-11
9.999999999899356062e-01,1.006436526594150549e-11,9.999999999899357173e-01,1.006436526594150710e-11
9.999999999899356062e-01,1.006436526594150549e-11,9.999999999899357173e-01,1.006436526594150710e-11
9.999999999899356062e-01,1.006436526594150549e-11,9.999999999899357173e-01,1.006436526594150710e-11
9.999999999899356062e-01,1.006436526594150549e-11,9.999999999899357173e-01,1.006436526594150710e-11
9.999999999899356062e-01,1.006436526594150549e-11,9.999999999899357173e-01,1.006436526594150710e-11
9.999999999899356062e-01,1.006436526594150549e-11,9.999999999899357173e-01,1.006436526594150710e-11
9.999999999899356062e-01,1.006436526594150549e-11,9.999999999899357173e-01,1.006436526594150710e-11
9.999999999954932717e-01,4.506725468282261001e-12,9.999999999954932717e-01,4.506725468282260194e-12
9.999999999905297976e-01,9.470110775287381414e-12,9.999999999905299086e-01,9.470110775287383029e-12
9.999999999899356062e-01,1.006436526594150549e-11,9.999999999899357173e-01,1.006436526594150710e-11
9.999999999899356062e-01,1.006436526594150549e-11,9.999999999899357173e-01,1.006436526594150710e-11
9.999999999899356062e-01,1.006436526594150549e-11,9.999999999899357173e-01,1.006436526594150710e-11
9.999999999899356062e-01,1.006436526594150549e-11,9.999999999899357173e-01,1.006436526594150710e-11
9.999999999899356062e-01,1.006436526594150549e-11,9.999999999899357173e-01,1.006436526594150710e-11
9.999999999899356062e-01,1.006436526594150549e-11,9.999999999899357173e-01,1.006436526594150710e-11
9.999999999899356062e-01,1.006436526594150549e-11,9.999999999899357173e-01,1.006436526594150710e-11
9.999999999916409088e-01,8.359062569314933052e-12,9.999999999916409088e-01,8.359062569314933052e-12
9.999999999899356062e-01,1.006436526594150549e-11,9.999999999899356062e-01,1.006436526594150549e-11
9.999999999899356062e-01,1.006436526594150549e-11,9.999999999899357173e-01,1.006436526594150710e-11
9.999999999899356062e-01,1.006436526594150549e-11,9.999999999899357173e-01,1.006436526594150710e-11
9.999999999899356062e-01,1.006436526594150549e-11,9.999999999899357173e-01,1.006436526594150710e-11
9.999999999899356062e-01,1.006436526594150549e-11,9.999999999899357173e-01,1.006436526594150710e-11
9.999999999923986360e-01,7.601346801464903229e-12,9.999999999923986360e-01,7.601346801464903229e-12
9.999999999899356062e-01,1.006436526594150549e-11,9.999999999899356062e-01,1.006436526594150710e-11
9.999999999899356062e-01,1.006436526594150549e-11,9.999999999899357173e-01,1.006436526594150710e-11
9.999999999935760275e-01,6.423970721800951839e-12,9.999999999935761386e-01,6.423970721800952647e-12
9.999999999954614083e-01,4.538601109177454893e-12,9.999999999954614083e-01,4.538601109177454893e-12
9.999999999899356062e-01,1.006436526594150549e-11,9.999999999899356062e-01,1.006436526594150710e-11
9.999999996834015858e-01,3.165983998440406059e-10,9.999999996834014748e-01,3.165983998440405542e-10
9.999999999944296780e-01,5.570273398802443812e-12,9.999999999944296780e-01,5.570273398802444620e-12
9.999999999906339365e-01,9.366147880958003446e-12,9.999999999906338255e-01,9.366147880958001830e-12
9.999999999899356062e-01,1.006436526594150549e-11,9.999999999899356062e-01,1.006436526594150549e-11
9.999999999899356062e-01,1.006436526594150549e-11,9.999999999899357173e-01,1.006436526594150710e-11
9.999999999899356062e-01,1.006436526594150549e-11,9.999999999899357173e-01,1.006436526594150710e-11
9.999999999947278839e-01,5.272117414844185101e-12,9.999999999947278839e-01,5.272117414844185909e-12
9.999999999899356062e-01,1.006436526594150549e-11,9.999999999899356062e-01,1.006436526594150387e-11
9.999999999899356062e-01,1.006436526594150549e-11,9.999999999899357173e-01,1.006436526594150710e-11
9.999999999947278839e-01,5.272117414844185101e-12,9.999999999947278839e-01,5.272117414844185909e-12
9.999999999899356062e-01,1.006436526594150549e-11,9.999999999899356062e-01,1.006436526594150387e-11
9.999999999899356062e-01,1.006436526594150549e-11,9.999999999899357173e-01,1.006436526594150710e-11
9.999999999899356062e-01,1.006436526594150549e-11,9.999999999899357173e-01,1.006436526594150710e-11
9.999999999955432317e-01,4.456731138826037149e-12,9.999999999955433427e-01,4.456731138826037957e-12
9.999999999899356062e-01,1.006436526594150549e-11,9.999999999899356062e-01,1.006436526594150387e-11
9.999999999899356062e-01,1.006436526594150549e-11,9.999999999899357173e-01,1.006436526594150710e-11
9.999999999899356062e-01,1.006436526594150549e-11,9.999999999899357173e-01,1.006436526594150710e-11
9.999999999899356062e-01,1.006436526594150549e-11,9.999999999899357173e-01,1.006436526594150710e-11
9.999999999899356062e-01,1.006436526594150549e-11,9.999999999899357173e-01,1.006436526594150710e-11
9.999999999899356062e-01,1.006436526594150549e-11,9.999999999899357173e-01,1.006436526594150710e-11
9.999999999899356062e-01,1.006436526594150549e-11,9.999999999899357173e-01,1.006436526594150710e-11
9.999999999955387908e-01,4.461220696168341326e-12,9.999999999955387908e-01,4.461220696168342134e-12
9.999999999899356062e-01,1.006436526594150549e-11,9.999999999899356062e-01,1.006436526594150549e-11
9.999999999899356062e-01,1.006436526594150549e-11,9.999999999899357173e-01,1.006436526594150710e-11
9.999999999899356062e-01,1.006436526594150549e-11,9.999999999899357173e-01,1.006436526594150710e-11
9.999999999899356062e-01,1.006436526594150549e-11,9.999999999899357173e-01,1.006436526594150710e-11
9.999999999899356062e-01,1.006436526594150549e-11,9.999999999899357173e-01,1.006436526594150710e-11
9.999999999899356062e-01,1.006436526594150549e-11,9.999999999899357173e-01,1.006436526594150710e-11
9.999999999899356062e-01,1.006436526594150549e-11,9.999999999899357173e-01,1.006436526594150710e-11
9.999999999899356062e-01,1.006436526594150549e-11,9.999999999899357173e-01,1.006436526594150710e-11
9.999999999899356062e-01,1.006436526594150549e-11,9.999999999899357173e-01,1.006436526594150710e-11
9.999999999899356062e-01,1.006436526594150549e-11,9.999999999899357173e-01,1.006436526594150710e-11
9.999999999899356062e-01,1.006436526594150549e-11,9.999999999899357173e-01,1.006436526594150710e-11
9.999999999899356062e-01,1.006436526594150549e-11,9.999999999899357173e-01,1.006436526594150710e-11
9.999999999954056751e-01,4.594320500659562682e-12,9.999999999954055641e-01,4.594320500659561874e-12
9.999999999899356062e-01,1.006436526594150549e-11,9.999999999899356062e-01,1.006436526594150710e-11
9.999999999899356062e-01,1.006436526594150549e-11,9.999999999899357173e-01,1.006436526594150710e-11
9.999999999899356062e-01,1.006436526594150549e-11,9.999999999899357173e-01,1.006436526594150710e-11
9.999999999899356062e-01,1.006436526594150549e-11,9.999999999899357173e-01,1.006436526594150710e-11
9.999999999899356062e-01,1.006436526594150549e-11,9.999999999899357173e-01,1.006436526594150710e-11
9.999999999899356062e-01,1.006436526594150549e-11,9.999999999899357173e-01,1.006436526594150710e-11
9.999999999899356062e-01,1.006436526594150549e-11,9.999999999899357173e-01,1.006436526594150710e-11
9.999999999899356062e-01,1.006436526594150549e-11,9.999999999899357173e-01,1.006436526594150710e-11
9.999999999899356062e-01,1.006436526594150549e-11,9.999999999899357173e-01,1.006436526594150710e-11
9.999999999899356062e-01,1.006436526594150549e-11,9.999999999899357173e-01,1.006436526594150710e-11
9.999999999899356062e-01,1.006436526594150549e-11,9.999999999899357173e-01,1.006436526594150710e-11
9.999999999899356062e-01,1.006436526594150549e-11,9.999999999899357173e-01,1.006436526594150710e-11
9.999999999899356062e-01,1.006436526594150549e-11,9.999999999899357173e-01,1.006436526594150710e-11
9.999999999899356062e-01,1.006436526594150549e-11,9.999999999899357173e-01,1.006436526594150710e-11
9.999999999899356062e-01,1.006436526594150549e-11,9.999999999899357173e-01,1.006436526594150710e-11
9.999999999899356062e-01,1.006436526594150549e-11,9.999999999899357173e-01,1.006436526594150710e-11
9.999999999899356062e-01,1.006436526594150549e-11,9.999999999899357173e-01,1.006436526594150710e-11
9.999999999899356062e-01,1.006436526594150549e-11,9.999999999899357173e-01,1.006436526594150710e-11
9.999999999899356062e-01,1.006436526594150549e-11,9.999999999899357173e-01,1.006436526594150710e-11
9.999999999899356062e-01,1.006436526594150549e-11,9.999999999899357173e-01,1.006436526594150710e-11
9.999999999899356062e-01,1.006436526594150549e-11,9.999999999899357173e-01,1.006436526594150710e-11
9.999999999899356062e-01,1.006436526594150549e-11,9.999999999899357173e-01,1.006436526594150710e-11
9.999999999899356062e-01,1.006436526594150549e-11,9.999999999899357173e-01,1.006436526594150710e-11
9.999999999899356062e-01,1.006436526594150549e-11,9.999999999899357173e-01,1.006436526594150710e-11
9.999999999899356062e-01,1.006436526594150549e-11,9.999999999899357173e-01,1.006436526594150710e-11
9.999999999899356062e-01,1.006436526594150549e-11,9.999999999899357173e-01,1.006436526594150710e-11
9.999999999899356062e-01,1.006436526594150549e-11,9.999999999899357173e-01,1.006436526594150710e-11
9.999999999899356062e-01,1.006436526594150549e-11,9.999999999899357173e-01,1.006436526594150710e-11
9.999999999899356062e-01,1.006436526594150549e-11,9.999999999899357173e-01,1.006436526594150710e-11
9.999999999899356062e-01,1.006436526594150549e-11,9.999999999899357173e-01,1.006436526594150710e-11
9.999999999899356062e-01,1.006436526594150549e-11,9.999999999899357173e-01,1.006436526594150710e-11
9.999999999899356062e-01,1.006436526594150549e-11,9.999999999899357173e-01,1.006436526594150710e-11
9.999999999955432317e-01,4.456731138826037149e-12,9.999999999955433427e-01,4.456731138826037957e-12
9.999999999899356062e-01,1.006436526594150549e-11,9.999999999899356062e-01,1.006436526594150387e-11
9.999999999899356062e-01,1.006436526594150549e-11,9.999999999899357173e-01,1.006436526594150710e-11
9.999999999899356062e-01,1.006436526594150549e-11,9.999999999899357173e-01,1.006436526594150710e-11
9.999999999899356062e-01,1.006436526594150549e-11,9.999999999899357173e-01,1.006436526594150710e-11
9.999999999899356062e-01,1.006436526594150549e-11,9.999999999899357173e-01,1.006436526594150710e-11
9.999999999899356062e-01,1.006436526594150549e-11,9.999999999899357173e-01,1.006436526594150710e-11
9.999999999899356062e-01,1.006436526594150549e-11,9.999999999899357173e-01,1.006436526594150710e-11
9.999999999899356062e-01,1.006436526594150549e-11,9.999999999899357173e-01,1.006436526594150710e-11
9.999999999899356062e-01,1.006436526594150549e-11,9.999999999899357173e-01,1.006436526594150710e-11
9.999999999899356062e-01,1.006436526594150549e-11,9.999999999899357173e-01,1.006436526594150710e-11
9.999999999899356062e-01,1.006436526594150549e-11,9.999999999899357173e-01,1.006436526594150710e-11
9.999999999899356062e-01,1.006436526594150549e-11,9.999999999899357173e-01,1.006436526594150710e-11
9.999999999899356062e-01,1.006436526594150549e-11,9.999999999899357173e-01,1.006436526594150710e-11
9.999999999955372365e-01,4.462777587715606883e-12,9.999999999955372365e-01,4.462777587715606883e-12
9.999999999954136687e-01,4.586312181200780250e-12,9.999999999954136687e-01,4.586312181200779442e-12
9.999999999923419036e-01,7.658139894137861334e-12,9.999999999923417926e-01,7.658139894137859719e-12
9.999999999899356062e-01,1.006436526594150549e-11,9.999999999899356062e-01,1.006436526594150549e-11
9.999999999899356062e-01,1.006436526594150549e-11,9.999999999899357173e-01,1.006436526594150710e-11
9.999999999899356062e-01,1.006436526594150549e-11,9.999999999899357173e-01,1.006436526594150710e-11
9.999999999899356062e-01,1.006436526594150549e-11,9.999999999899357173e-01,1.006436526594150710e-11
9.999999999899356062e-01,1.006436526594150549e-11,9.999999999899357173e-01,1.006436526594150710e-11
9.999999999899356062e-01,1.006436526594150549e-11,9.999999999899357173e-01,1.006436526594150710e-11
9.999999999899356062e-01,1.006436526594150549e-11,9.999999999899357173e-01,1.006436526594150710e-11
9.999999999899356062e-01,1.006436526594150549e-11,9.999999999899357173e-01,1.006436526594150710e-11
9.999999999899356062e-01,1.006436526594150549e-11,9.999999999899357173e-01,1.006436526594150710e-11
9.999999999899356062e-01,1.006436526594150549e-11,9.999999999899357173e-01,1.006436526594150710e-11
9.999999999899356062e-01,1.006436526594150549e-11,9.999999999899357173e-01,1.006436526594150710e-11
9.999999999954136687e-01,4.586312181200779442e-12,9.999999999954136687e-01,4.586312181200779442e-12
9.999999999899356062e-01,1.006436526594150549e-11,9.999999999899357173e-01,1.006436526594150549e-11
9.999999999954550800e-01,4.544940010447997773e-12,9.999999999954550800e-01,4.544940010447998581e-12
9.999999999899356062e-01,1.006436526594150549e-11,9.999999999899356062e-01,1.006436526594150710e-11
9.999999999899356062e-01,1.006436526594150549e-11,9.999999999899357173e-01,1.006436526594150710e-11
9.999999999899356062e-01,1.006436526594150549e-11,9.999999999899357173e-01,1.006436526594150710e-11
9.999999999954614083e-01,4.538601109177454893e-12,9.999999999954614083e-01,4.538601109177455701e-12
9.999999999899356062e-01,1.006436526594150549e-11,9.999999999899356062e-01,1.006436526594150710e-11
9.999999999899356062e-01,1.006436526594150549e-11,9.999999999899357173e-01,1.006436526594150710e-11
9.999999999899356062e-01,1.006436526594150549e-11,9.999999999899357173e-01,1.006436526594150710e-11
9.999999999955372365e-01,4.462777587715606883e-12,9.999999999955372365e-01,4.462777587715606883e-12
9.999999999899356062e-01,1.006436526594150549e-11,9.999999999899356062e-01,1.006436526594150549e-11
9.999999999937111417e-01,6.288878759764702183e-12,9.999999999937111417e-01,6.288878759764702183e-12
9.999999999899356062e-01,1.006436526594150549e-11,9.999999999899356062e-01,1.006436526594150549e-11
9.999999999899356062e-01,1.006436526594150549e-11,9.999999999899357173e-01,1.006436526594150710e-11
9.999999999919976235e-01,8.002350202457409247e-12,9.999999999919976235e-01,8.002350202457409247e-12
9.999999999899356062e-01,1.006436526594150549e-11,9.999999999899356062e-01,1.006436526594150549e-11
9.999999999899356062e-01,1.006436526594150549e-11,9.999999999899357173e-01,1.006436526594150710e-11
9.999999999899356062e-01,1.006436526594150549e-11,9.999999999899357173e-01,1.006436526594150710e-11
9.999999999899356062e-01,1.006436526594150549e-11,9.999999999899357173e-01,1.006436526594150710e-11
9.999999999954979346e-01,4.502010443702746270e-12,9.999999999954980456e-01,4.502010443702747078e-12
9.999999999915556437e-01,8.444435846188331079e-12,9.999999999915555327e-01,8.444435846188329463e-12
9.999999999899356062e-01,1.006436526594150549e-11,9.999999999899356062e-01,1.006436526594150549e-11
9.999999999899356062e-01,1.006436526594150549e-11,9.999999999899357173e-01,1.006436526594150710e-11
9.999999999899356062e-01,1.006436526594150549e-11,9.999999999899357173e-01,1.006436526594150710e-11
9.999999999954614083e-01,4.538601109177454893e-12,9.999999999954614083e-01,4.538601109177455701e-12
9.999999999899356062e-01,1.006436526594150549e-11,9.999999999899356062e-01,1.006436526594150710e-11
9.999999999899356062e-01,1.006436526594150549e-11,9.999999999899357173e-01,1.006436526594150710e-11
9.999999999899356062e-01,1.006436526594150549e-11,9.999999999899357173e-01,1.006436526594150710e-11
9.999999999899356062e-01,1.006436526594150549e-11,9.999999999899357173e-01,1.006436526594150710e-11
9.999999999899356062e-01,1.006436526594150549e-11,9.999999999899357173e-01,1.006436526594150710e-11
9.999999999905299086e-01,9.470110775287381414e-12,9.999999999905299086e-01,9.470110775287383029e-12
9.999999999899356062e-01,1.006436526594150549e-11,9.999999999899357173e-01,1.006436526594150710e-11
9.999999999899356062e-01,1.006436526594150549e-11,9.999999999899357173e-01,1.006436526594150710e-11
9.999999999954932717e-01,4.506725468282261001e-12,9.999999999954932717e-01,4.506725468282260194e-12
9.999999999899356062e-01,1.006436526594150549e-11,9.999999999899356062e-01,1.006436526594150710e-11
9.999999999899356062e-01,1.006436526594150549e-11,9.999999999899357173e-01,1.006436526594150710e-11
9.999971298270134978e-01,2.870172986552557824e-06,9.999971298270134978e-01,2.870172986552558248e-06
9.999999999955372365e-01,4.462777587715607690e-12,9.999999999955372365e-01,4.462777587715606883e-12
9.999999999899356062e-01,1.006436526594150549e-11,9.999999999899356062e-01,1.006436526594150549e-11
9.999999999899356062e-01,1.006436526594150549e-11,9.999999999899357173e-01,1.006436526594150710e-11
9.999999999899356062e-01,1.006436526594150549e-11,9.999999999899357173e-01,1.006436526594150710e-11
9.999999999949931162e-01,5.006829722137265452e-12,9.999999999949932272e-01,5.006829722137265452e-12
9.999999999954614083e-01,4.538601109177454893e-12,9.999999999954614083e-01,4.538601109177454893e-12
9.999999999899356062e-01,1.006436526594150549e-11,9.999999999899356062e-01,1.006436526594150710e-11
9.999999999899356062e-01,1.006436526594150549e-11,9.999999999899357173e-01,1.006436526594150710e-11
9.999999999899356062e-01,1.006436526594150549e-11,9.999999999899357173e-01,1.006436526594150710e-11
9.999999999899356062e-01,1.006436526594150549e-11,9.999999999899357173e-01,1.006436526594150710e-11
9.999999999899356062e-01,1.006436526594150549e-11,9.999999999899357173e-01,1.006436526594150710e-11
9.999999999899356062e-01,1.006436526594150549e-11,9.999999999899357173e-01,1.006436526594150710e-11
9.999999999899356062e-01,1.006436526594150549e-11,9.999999999899357173e-01,1.006436526594150710e-11
9.999999999899356062e-01,1.006436526594150549e-11,9.999999999899357173e-01,1.006436526594150710e-11
9.999999999899356062e-01,1.006436526594150549e-11,9.999999999899357173e-01,1.006436526594150710e-11
9.999999999899356062e-01,1.006436526594150549e-11,9.999999999899357173e-01,1.006436526594150710e-11
9.999999999899356062e-01,1.006436526594150549e-11,9.999999999899357173e-01,1.006436526594150710e-11
9.452084402540938957e-01,5.479155974590618761e-02,9.452084402540937846e-01,5.479155974590618761e-02
9.999999999933496531e-01,6.650344746519999898e-12,9.999999999933496531e-01,6.650344746519999898e-12
9.999999999950521801e-01,4.947834189787316281e-12,9.999999999950521801e-01,4.947834189787316281e-12
9.999999999899356062e-01,1.006436526594150549e-11,9.999999999899357173e-01,1.006436526594150710e-11
9.999999999899356062e-01,1.006436526594150549e-11,9.999999999899357173e-01,1.006436526594150710e-11
9.999999999899356062e-01,1.006436526594150549e-11,9.999999999899357173e-01,1.006436526594150710e-11
9.999999999899356062e-01,1.006436526594150549e-11,9.999999999899357173e-01,1.006436526594150710e-11
9.999999999899356062e-01,1.006436526594150549e-11,9.999999999899357173e-01,1.006436526594150710e-11
9.999999999899356062e-01,1.006436526594150549e-11,9.999999999899357173e-01,1.006436526594150710e-11
9.999999999899356062e-01,1.006436526594150549e-11,9.999999999899357173e-01,1.006436526594150710e-11
9.999999999899356062e-01,1.006436526594150549e-11,9.999999999899357173e-01,1.006436526594150710e-11
9.999999999899356062e-01,1.006436526594150549e-11,9.999999999899357173e-01,1.006436526594150710e-11
9.999999352164864463e-01,6.478351360437163970e-08,9.999999352164864463e-01,6.478351360437163970e-08
9.999999352164863353e-01,6.478351360437162646e-08,9.999999352164863353e-01,6.478351360437163970e-08
9.999999352164863353e-01,6.478351360437162646e-08,9.999999352164863353e-01,6.478351360437163970e-08
9.999999352164863353e-01,6.478351360437162646e-08,9.999999352164863353e-01,6.478351360437163970e-08
9.999999352164863353e-01,6.478351360437162646e-08,9.999999352164863353e-01,6.478351360437163970e-08
9.999999352164863353e-01,6.478351360437162646e-08,9.999999352164863353e-01,6.478351360437163970e-08
9.999999352164863353e-01,6.478351360437162646e-08,9.999999352164863353e-01,6.478351360437163970e-08
9.999999352164863353e-01,6.478351360437162646e-08,9.999999352164863353e-01,6.478351360437163970e-08
9.999999352164863353e-01,6.478351360437162646e-08,9.999999352164863353e-01,6.478351360437163970e-08
9.999999352164863353e-01,6.478351360437162646e-08,9.999999352164863353e-01,6.478351360437163970e-08
9.999999352164863353e-01,6.478351360437162646e-08,9.999999352164863353e-01,6.478351360437163970e-08
9.999999352164863353e-01,6.478351360437162646e-08,9.999999352164863353e-01,6.478351360437163970e-08
9.999999352164863353e-01,6.478351360437162646e-08,9.999999352164863353e-01,6.478351360437163970e-08
9.999999352164863353e-01,6.478351360437162646e-08,9.999999352164863353e-01,6.478351360437163970e-08
9.999999352164863353e-01,6.478351360437162646e-08,9.999999352164863353e-01,6.478351360437163970e-08
9.999999352164863353e-01,6.478351360437162646e-08,9.999999352164863353e-01,6.478351360437163970e-08
9.999999352164863353e-01,6.478351360437162646e-08,9.999999352164863353e-01,6.478351360437163970e-08
9.999999352164863353e-01,6.478351360437162646e-08,9.999999352164863353e-01,6.478351360437163970e-08
9.999999352164863353e-01,6.478351360437162646e-08,9.999999352164863353e-01,6.478351360437163970e-08
9.999999352164863353e-01,6.478351360437162646e-08,9.999999352164863353e-01,6.478351360437163970e-08
9.999999352164863353e-01,6.478351360437162646e-08,9.999999352164863353e-01,6.478351360437163970e-08
9.999999352164863353e-01,6.478351360437162646e-08,9.999999352164863353e-01,6.478351360437163970e-08
9.999999352164863353e-01,6.478351360437162646e-08,9.999999352164863353e-01,6.478351360437163970e-08
9.999999352164863353e-01,6.478351360437162646e-08,9.999999352164863353e-01,6.478351360437163970e-08
9.999999352164863353e-01,6.478351360437162646e-08,9.999999352164863353e-01,6.478351360437163970e-08
9.999999999899356062e-01,1.006436526594150549e-11,9.999999999899356062e-01,1.006436526594150549e-11
9.999999999899356062e-01,1.006436526594150549e-11,9.999999999899357173e-01,1.006436526594150710e-11
9.999999999899356062e-01,1.006436526594150549e-11,9.999999999899357173e-01,1.006436526594150710e-11
9.999999999899356062e-01,1.006436526594150549e-11,9.999999999899357173e-01,1.006436526594150710e-11
9.999999999899356062e-01,1.006436526594150549e-11,9.999999999899357173e-01,1.006436526594150710e-11
9.999999845245973740e-01,1.547540266008140077e-08,9.999999845245972629e-01,1.547540266008139415e-08
1.729472159156367546e-86,1.000000000000000000e+00,1.729472159156367546e-86,1.000000000000000000e+00
1.204632648630328597e-17,1.000000000000000000e+00,1.204632648630328443e-17,1.000000000000000000e+00
9.438928158463123889e-16,9.999999999999991118e-01,9.438928158463123889e-16,9.999999999999991118e-01
5.646231525335900523e-22,1.000000000000000000e+00,5.646231525335899583e-22,1.000000000000000000e+00
9.352388813999781748e-59,1.000000000000000000e+00,9.352388813999781748e-59,1.000000000000000000e+00
9.352388813999781748e-59,1.000000000000000000e+00,9.352388813999781748e-59,1.000000000000000000e+00
1.280513414457660445e-29,1.000000000000000000e+00,1.280513414457660165e-29,1.000000000000000000e+00
7.891091843252539291e-190,1.000000000000000000e+00,7.891091843252538294e-190,1.000000000000000000e+00
4.382738903072235328e-134,1.000000000000000000e+00,4.500959010832751184e-134,1.000000000000000000e+00
1.729472159156367904e-86,1.000000000000000000e+00,1.729472159156367546e-86,1.000000000000000000e+00
7.552308208795002990e-14,9.999999999999243938e-01,7.552308208795004252e-14,9.999999999999245048e-01
5.075134280179418103e-03,9.949248657198206391e-01,5.075134280179417236e-03,9.949248657198205281e-01
6.877579828410526687e-27,1.000000000000000000e+00,6.877579828410528122e-27,1.000000000000000000e+00
9.887602347579522721e-01,1.123976524204770185e-02,9.887602347579522721e-01,1.123976524204770358e-02
9.999998453444800539e-01,1.546555199409894226e-07,9.999998453444800539e-01,1.546555199409894226e-07
9.999999999203141865e-01,7.968584051343268729e-11,9.999999999203141865e-01,7.968584051343270022e-11
9.999999999910679227e-01,8.932022517738109090e-12,9.999999999910680337e-01,8.932022517738110705e-12
9.999999999203141865e-01,7.968584051343268729e-11,9.999999999203141865e-01,7.968584051343270022e-11
9.999999999203141865e-01,7.968584051343270022e-11,9.999999999203140755e-01,7.968584051343268729e-11
9.999999998902970866e-01,1.097029182965418691e-10,9.999999998902969756e-01,1.097029182965418691e-10
9.999999999650964755e-01,3.490349648769413991e-11,9.999999999650964755e-01,3.490349648769414637e-11
9.999999999942015272e-01,5.798478635386659122e-12,9.999999999942015272e-01,5.798478635386659122e-12
9.999999999906339365e-01,9.366147880958003446e-12,9.999999999906338255e-01,9.366147880958001830e-12
9.999999999899356062e-01,1.006436526594150549e-11,9.999999999899356062e-01,1.006436526594150549e-11
9.999999999949116258e-01,5.088395614172991670e-12,9.999999999949116258e-01,5.088395614172992478e-12
9.999999999899356062e-01,1.006436526594150549e-11,9.999999999899356062e-01,1.006436526594150549e-11
9.999999999947278839e-01,5.272117414844185101e-12,9.999999999947278839e-01,5.272117414844185909e-12
9.999999999650964755e-01,3.490349648769413991e-11,9.999999999650964755e-01,3.490349648769413991e-11
9.999999999899356062e-01,1.006436526594150549e-11,9.999999999899357173e-01,1.006436526594150710e-11
9.999999999899356062e-01,1.006436526594150549e-11,9.999999999899357173e-01,1.006436526594150710e-11
9.999999999899356062e-01,1.006436526594150549e-11,9.999999999899357173e-01,1.006436526594150710e-11
9.999999999954979346e-01,4.502010443702746270e-12,9.999999999954980456e-01,4.502010443702747078e-12
9.999999999899356062e-01,1.006436526594150549e-11,9.999999999899356062e-01,1.006436526594150549e-11
9.999999999955432317e-01,4.456731138826037149e-12,9.999999999955433427e-01,4.456731138826037957e-12
9.999999999899356062e-01,1.006436526594150549e-11,9.999999999899356062e-01,1.006436526594150387e-11
9.999999999952834395e-01,4.716556624679471874e-12,9.999999999952834395e-01,4.716556624679471874e-12
9.999999999933496531e-01,6.650344746519999898e-12,9.999999999933496531e-01,6.650344746520001514e-12
9.999999999203141865e-01,7.968584051343268729e-11,9.999999999203141865e-01,7.968584051343267437e-11
4.701494535463962565e-02,9.529850546453604299e-01,4.701494535463961871e-02,9.529850546453603188e-01
4.109082433440388344e-50,1.000000000000000000e+00,4.109082433440388344e-50,1.000000000000000000e+00
4.237959541079384658e-04,9.995762040458920916e-01,4.237959541079384658e-04,9.995762040458920916e-01
2.900305680550908513e-42,1.000000000000000000e+00,2.900305680550908513e-42,1.000000000000000000e+00
2.165113646131694048e-74,1.000000000000000000e+00,2.165113646131694048e-74,1.000000000000000000e+00
2.418487454728752030e-100,1.000000000000000000e+00,2.418487454728751522e-100,1.000000000000000000e+00
2.660874161072915971e-54,1.000000000000000000e+00,2.660874161072915971e-54,1.000000000000000000e+00
2.660874161072915971e-54,1.000000000000000000e+00,2.660874161072915971e-54,1.000000000000000000e+00
1.000000000000000000e+00,2.660874161014834165e-44,5.750882085994827686e-313,1.000000000000000000e+00
3.953723054594226465e-07,9.999996046276945494e-01,9.999999998999999750e-11,9.999999998999999917e-01
2.273739508726000721e-309,1.000000000000000000e+00,1.373808131957797945e-266,1.000000000000000000e+00
1.000000000000000000e+00,1.373808131967793679e-256,2.165113646131694048e-74,1.000000000000000000e+00
1.911837754403148101e-32,1.000000000000000000e+00,1.911837754403147828e-32,1.000000000000000000e+00
1.729472159156367546e-86,1.000000000000000000e+00,1.729472159156367546e-86,1.000000000000000000e+00
6.045497239936985602e-108,1.000000000000000000e+00,6.045497239936985602e-108,1.000000000000000000e+00
1.000000000000000000e+00,6.045497239892998737e-98,8.668844431397198448e-268,1.000000000000000000e+00
9.999998600540038751e-01,1.399459961631080127e-07,9.999999998999999750e-11,9.999999998999999917e-01
5.129393507992391849e-56,1.000000000000000000e+00,8.668673391381565578e-149,1.000000000000000000e+00
1.000000000000000000e+00,1.107535838711495766e-126,8.889055847012011264e-284,1.000000000000000000e+00
1.000000000000000000e+00,4.116560213261300447e-137,2.272408445840172069e-252,1.000000000000000000e+00
3.807443375625967018e-22,1.000000000000000000e+00,9.999999998999999750e-11,9.999999998999999917e-01
1.000000000000000000e+00,3.300548307900052967e-160,1.609873978219326023e-223,1.000000000000000000e+00
1.000000000000000000e+00,2.770677032725363273e-72,2.793836116700818021e-300,1.000000000000000000e+00
1.609873978195899062e-213,1.000000000000000000e+00,2.418487454728751522e-100,1.000000000000000000e+00
7.348060592059386445e-144,1.000000000000000000e+00,7.348060592059387583e-144,1.000000000000000000e+00
6.877579828410528122e-27,1.000000000000000000e+00,6.877579828410528122e-27,1.000000000000000000e+00
9.999999999954549690e-01,4.544940010447997773e-12,9.999999999954550800e-01,4.544940010447998581e-12
9.999999999933496531e-01,6.650344746519999898e-12,9.999999999933496531e-01,6.650344746520001514e-12
9.999999999905297976e-01,9.470110775287381414e-12,9.999999999905299086e-01,9.470110775287381414e-12
9.999999999899356062e-01,1.006436526594150549e-11,9.999999999899357173e-01,1.006436526594150710e-11
9.999999999899356062e-01,1.006436526594150549e-11,9.999999999899357173e-01,1.006436526594150710e-11
9.999999999899356062e-01,1.006436526594150549e-11,9.999999999899357173e-01,1.006436526594150710e-11
9.999999999922692950e-01,7.730700947606279369e-12,9.999999999922692950e-01,7.730700947606277753e-12
9.999999999899356062e-01,1.006436526594150549e-11,9.999999999899356062e-01,1.006436526594150387e-11
9.999999999899356062e-01,1.006436526594150549e-11,9.999999999899357173e-01,1.006436526594150710e-11
9.999989299898902617e-01,1.070010109758290638e-06,9.999989299898902617e-01,1.070010109758290638e-06
9.999999999916409088e-01,8.359062569314933052e-12,9.999999999916410198e-01,8.359062569314933052e-12
9.999999999922692950e-01,7.730700947606279369e-12,9.999999999922692950e-01,7.730700947606277753e-12
9.999999999949931162e-01,5.006829722137265452e-12,9.999999999949932272e-01,5.006829722137265452e-12
9.999999999952163821e-01,4.783576317964525966e-12,9.999999999952164931e-01,4.783576317964525966e-12
9.999999999650964755e-01,3.490349648769413991e-11,9.999999999650964755e-01,3.490349648769413345e-11
9.999999999809391360e-01,1.906088483002907659e-11,9.999999999809391360e-01,1.906088483002907659e-11
9.999999999899356062e-01,1.006436526594150549e-11,9.999999999899357173e-01,1.006436526594150710e-11
9.999999999899356062e-01,1.006436526594150549e-11,9.999999999899357173e-01,1.006436526594150710e-11
9.999999999899356062e-01,1.006436526594150549e-11,9.999999999899357173e-01,1.006436526594150710e-11
9.999999999951034724e-01,4.896557034193483427e-12,9.999999999951034724e-01,4.896557034193483427e-12
9.999999999954550800e-01,4.544940010447998581e-12,9.999999999954550800e-01,4.544940010447997773e-12
9.999999999955387908e-01,4.461220696168342134e-12,9.999999999955389018e-01,4.461220696168342941e-12
9.999999999913984361e-01,8.601674835794415783e-12,9.999999999913982140e-01,8.601674835794415783e-12
9.999999999946544982e-01,5.345521493554953680e-12,9.999999999946543872e-01,5.345521493554952064e-12
9.999998453444800539e-01,1.546555199409894226e-07,9.999998453444800539e-01,1.546555199409894226e-07
2.800694639572795519e-01,7.199305360427203926e-01,2.800694639572796074e-01,7.199305360427205036e-01
9.999999999954612973e-01,4.538601109177454085e-12,9.999999999954614083e-01,4.538601109177454893e-12
9.999999999860557098e-01,1.394431753178002253e-11,9.999999999860557098e-01,1.394431753178002253e-11
9.999999999809391360e-01,1.906088483002907659e-11,9.999999999809390250e-01,1.906088483002907659e-11
9.999999997909720939e-01,2.090278510371158602e-10,9.999999997909722049e-01,2.090278510371158602e-10
9.999999999879028989e-01,1.209708840208108786e-11,9.999999999879028989e-01,1.209708840208108624e-11
9.999999999837737574e-01,1.622624383848748758e-11,9.999999999837737574e-01,1.622624383848749081e-11
9.999999978183631288e-01,2.181636924981145843e-09,9.999999978183631288e-01,2.181636924981145843e-09
9.999998453444800539e-01,1.546555199409894226e-07,9.999998453444801649e-01,1.546555199409894491e-07
9.999999999542145135e-01,4.578553539518116137e-11,9.999999999542145135e-01,4.578553539518116784e-11
9.999999999905299086e-01,9.470110775287381414e-12,9.999999999905299086e-01,9.470110775287381414e-12
9.999999999949931162e-01,5.006829722100835578e-12,9.999999999949931162e-01,5.006829722100835578e-12
9.999999999899356062e-01,1.006436526594150549e-11,9.999999999899357173e-01,1.006436526594150710e-11
9.999999999905299086e-01,9.470110775287381414e-12,9.999999999905299086e-01,9.470110775287381414e-12
9.999999999905299086e-01,9.470110775287381414e-12,9.999999999905299086e-01,9.470110775287381414e-12
9.999999999915555327e-01,8.444435846188329463e-12,9.999999999915555327e-01,8.444435846188329463e-12
9.999999999948926410e-01,5.107369090437681211e-12,9.999999999948927520e-01,5.107369090437682018e-12
9.999999999937111417e-01,6.288878759764702990e-12,9.999999999937111417e-01,6.288878759764702990e-12
9.999999999945707874e-01,5.429193516163431290e-12,9.999999999945707874e-01,5.429193516163431290e-12
9.999999999954614083e-01,4.538601109177454893e-12,9.999999999954614083e-01,4.538601109177454893e-12
5.592733038423038714e-233,1.000000000000000000e+00,5.592733038423038714e-233,1.000000000000000000e+00
6.508554717865464225e-69,1.000000000000000000e+00,6.508554717865464225e-69,1.000000000000000000e+00
2.142316050022731146e-165,1.000000000000000000e+00,2.142316050022731146e-165,1.000000000000000000e+00
1.000000000000000000e+00,2.142316049991555994e-155,2.647869429057981356e-203,1.000000000000000000e+00
6.877579828410529557e-27,1.000000000000000000e+00,6.877579828410528122e-27,1.000000000000000000e+00
2.165113646131693656e-74,1.000000000000000000e+00,2.165113646131694048e-74,1.000000000000000000e+00
9.999999997909722049e-01,2.090278510371158860e-10,9.999999997909720939e-01,2.090278510371158343e-10
9.999999999203141865e-01,7.968584051343268729e-11,9.999999999203141865e-01,7.968584051343270022e-11
9.999989299898902617e-01,1.070010109758290638e-06,9.999989299898902617e-01,1.070010109758290850e-06
9.999999995101670480e-01,4.898329619689137195e-10,9.999999995101670480e-01,4.898329619689138229e-10
9.999999999941007189e-01,5.899290110926179492e-12,9.999999999941007189e-01,5.899290110926179492e-12
9.999999698367983969e-01,3.016320162238131195e-08,9.999999698367983969e-01,3.016320162238130533e-08
9.999999999860557098e-01,1.394431753178002415e-11,9.999999999860557098e-01,1.394431753178002091e-11
9.999999999944296780e-01,5.570273398802444620e-12,9.999999999944296780e-01,5.570273398802443812e-12
9.999999999837736464e-01,1.622624383848748758e-11,9.999999999837737574e-01,1.622624383848748758e-11
9.999999999926451055e-01,7.354885591305519385e-12,9.999999999926449945e-01,7.354885591305517769e-12
3.205186936509915818e-05,9.999679481306349427e-01,3.205186936509915818e-05,9.999679481306349427e-01
9.012425899289902827e-20,1.000000000000000000e+00,9.012425899289904031e-20,1.000000000000000000e+00
2.900305680550908513e-42,1.000000000000000000e+00,2.900305680550908513e-42,1.000000000000000000e+00
1.909432868935981671e-06,9.999980905671310705e-01,1.909432868935981671e-06,9.999980905671310705e-01
9.998888664507001867e-01,1.111335492998637273e-04,9.998888664507000756e-01,1.111335492998637137e-04
7.552308208795005515e-14,9.999999999999245048e-01,7.552308208795004252e-14,9.999999999999245048e-01
7.171004187908405214e-01,2.828995812091595341e-01,7.171004187908405214e-01,2.828995812091594786e-01
9.999971298270134978e-01,2.870172986552557824e-06,9.999971298270134978e-01,2.870172986552558248e-06
9.999696545150300597e-01,3.034548496989705727e-05,9.999696545150300597e-01,3.034548496989705727e-05
9.999999999952164931e-01,4.783576317964526774e-12,9.999999999952163821e-01,4.783576317964525966e-12
9.999971298270133868e-01,2.870172986552557824e-06,9.999971298270134978e-01,2.870172986552558248e-06
9.999999999894058078e-01,1.059421469923963264e-11,9.999999999894058078e-01,1.059421469923963425e-11
9.999999992258554737e-01,7.741444925183932724e-10,9.999999992258554737e-01,7.741444925183931691e-10
9.999999999899356062e-01,1.006436526594150710e-11,9.999999999899356062e-01,1.006436526594150549e-11
9.999999999919976235e-01,8.002350202457409247e-12,9.999999999919976235e-01,8.002350202457409247e-12
9.999999999954056751e-01,4.594320500659562682e-12,9.999999999954055641e-01,4.594320500659561874e-12
9.999971298270133868e-01,2.870172986552557824e-06,9.999971298270133868e-01,2.870172986552557824e-06
9.999999999948926410e-01,5.107369090437682018e-12,9.999999999948925300e-01,5.107369090437681211e-12
9.999999999899356062e-01,1.006436526594150549e-11,9.999999999899356062e-01,1.006436526594150549e-11
9.999999999899356062e-01,1.006436526594150549e-11,9.999999999899357173e-01,1.006436526594150710e-11
9.999999999899356062e-01,1.006436526594150549e-11,9.999999999899357173e-01,1.006436526594150710e-11
9.999999999948926410e-01,5.107369090437681211e-12,9.999999999948925300e-01,5.107369090437681211e-12
9.999999999899356062e-01,1.006436526594150549e-11,9.999999999899356062e-01,1.006436526594150549e-11
9.999999999899356062e-01,1.006436526594150549e-11,9.999999999899357173e-01,1.006436526594150710e-11
9.999999999941007189e-01,5.899290110926180300e-12,9.999999999941007189e-01,5.899290110926180300e-12
9.999999978183631288e-01,2.181636924981145429e-09,9.999999978183631288e-01,2.181636924981145843e-09
9.999999996834015858e-01,3.165983998440406059e-10,9.999999996834015858e-01,3.165983998440406059e-10
9.999999999941007189e-01,5.899290110926179492e-12,9.999999999941006079e-01,5.899290110926179492e-12
9.999999999954614083e-01,4.538601109177454893e-12,9.999999999954614083e-01,4.538601109177455701e-12
9.999999999950521801e-01,4.947834189787316281e-12,9.999999999950522911e-01,4.947834189787316281e-12
9.999999999908943948e-01,9.105508767128301442e-12,9.999999999908945059e-01,9.105508767128303057e-12
9.999999999946250773e-01,5.374910414184052083e-12,9.999999999946250773e-01,5.374910414184052083e-12
9.999999999879028989e-01,1.209708840208108786e-11,9.999999999879028989e-01,1.209708840208108624e-11
9.999999999954979346e-01,4.502010443702746270e-12,9.999999999954979346e-01,4.502010443702746270e-12
9.999999999933496531e-01,6.650344746519999898e-12,9.999999999933496531e-01,6.650344746520000706e-12
9.999999999860557098e-01,1.394431753178002253e-11,9.999999999860557098e-01,1.394431753178002253e-11
2.900305680550908513e-42,1.000000000000000000e+00,2.900305680550909150e-42,1.000000000000000000e+00
6.508554717865464225e-69,1.000000000000000000e+00,6.508554717865464225e-69,1.000000000000000000e+00
6.877579828410528122e-27,1.000000000000000000e+00,6.877579828410528122e-27,1.000000000000000000e+00
6.877579828410526687e-27,1.000000000000000000e+00,6.877579828410528122e-27,1.000000000000000000e+00
2.411949648323456752e-24,1.000000000000000000e+00,2.411949648323457119e-24,1.000000000000000000e+00
3.397932514708830940e-80,1.000000000000000000e+00,3.397932514708830940e-80,1.000000000000000000e+00
4.500959010832750207e-134,1.000000000000000000e+00,4.500959010832751184e-134,1.000000000000000000e+00
2.411949648323457487e-24,1.000000000000000000e+00,2.411949648323457119e-24,1.000000000000000000e+00
2.411949648323457119e-24,1.000000000000000000e+00,2.411949648323457119e-24,1.000000000000000000e+00
9.999696545150300597e-01,3.034548496989705727e-05,9.999696545150300597e-01,3.034548496989705727e-05
9.995273477505143278e-01,4.726522494856116949e-04,9.995273477505143278e-01,4.726522494856116949e-04
9.999999845245973740e-01,1.547540266008140077e-08,9.999999845245973740e-01,1.547540266008140077e-08
9.999999923441931227e-01,7.655806880215145554e-09,9.999999923441930116e-01,7.655806880215143900e-09
9.999989299898902617e-01,1.070010109758290850e-06,9.999989299898903727e-01,1.070010109758290638e-06
9.999999987502280474e-01,1.249771974204332617e-09,9.999999987502279364e-01,1.249771974204332617e-09
9.999996165722054853e-01,3.834277945064682940e-07,9.999996165722054853e-01,3.834277945064683999e-07
9.999999995101670480e-01,4.898329619689137195e-10,9.999999995101670480e-01,4.898329619689137195e-10
9.999999698367983969e-01,3.016320162238130533e-08,9.999999698367982859e-01,3.016320162238130533e-08
9.999999999650964755e-01,3.490349648769413991e-11,9.999999999650964755e-01,3.490349648769413991e-11
9.999989299898902617e-01,1.070010109758290638e-06,9.999989299898901507e-01,1.070010109758290638e-06
9.999996165722054853e-01,3.834277945064682940e-07,9.999996165722053743e-01,3.834277945064682940e-07
9.999998453444800539e-01,1.546555199409894226e-07,9.999998453444800539e-01,1.546555199409893962e-07
9.999999999916409088e-01,8.359062569314931437e-12,9.999999999916409088e-01,8.359062569314933052e-12
5.075134280179416368e-03,9.949248657198205281e-01,5.075134280179418103e-03,9.949248657198206391e-01
9.999996165722054853e-01,3.834277945064683469e-07,9.999996165722054853e-01,3.834277945064682940e-07
9.999999999203141865e-01,7.968584051343270022e-11,9.999999999203141865e-01,7.968584051343271314e-11
9.999999997909720939e-01,2.090278510371158602e-10,9.999999997909720939e-01,2.090278510371158860e-10
9.999999999411371965e-01,5.886277231940617913e-11,9.999999999411373075e-01,5.886277231940617913e-11
7.552308208795004252e-14,9.999999999999245048e-01,7.552308208795005515e-14,9.999999999999245048e-01
9.999999999906338255e-01,9.366147880958001830e-12,9.999999999906339365e-01,9.366147880958003446e-12
9.999999999809391360e-01,1.906088483002907659e-11,9.999999999809391360e-01,1.906088483002907659e-11
9.999996165722054853e-01,3.834277945064683469e-07,9.999996165722054853e-01,3.834277945064682940e-07
9.995273477505143278e-01,4.726522494856116949e-04,9.995273477505143278e-01,4.726522494856116949e-04
9.525930785844259549e-64,1.000000000000000000e+00,9.525930785844260898e-64,1.000000000000000000e+00
6.508554717865464225e-69,1.000000000000000000e+00,6.508554717865464225e-69,1.000000000000000000e+00
9.525930785844260898e-64,1.000000000000000000e+00,9.525930785844260898e-64,1.000000000000000000e+00
2.350216348743533511e-154,1.000000000000000000e+00,2.350216348743533511e-154,1.000000000000000000e+00
2.411949648323457119e-24,1.000000000000000000e+00,2.411949648323457119e-24,1.000000000000000000e+00
6.045497239936986358e-108,1.000000000000000000e+00,6.045497239936985602e-108,1.000000000000000000e+00
6.508554717865464225e-69,1.000000000000000000e+00,6.508554717865464225e-69,1.000000000000000000e+00
3.869696153150460501e-116,1.000000000000000000e+00,3.869696153150460501e-116,1.000000000000000000e+00
9.999999960903752649e-01,3.909624719461174470e-09,9.999999960903753760e-01,3.909624719461175298e-09
9.998888664507001867e-01,1.111335492998637273e-04,9.998888664507000756e-01,1.111335492998637002e-04
9.978702591859792692e-01,2.129740814020657930e-03,9.978702591859793802e-01,2.129740814020658363e-03
4.701494535463961871e-02,9.529850546453603188e-01,4.701494535463961871e-02,9.529850546453603188e-01
1.911837754403148101e-32,1.000000000000000000e+00,1.911837754403147828e-32,1.000000000000000000e+00
1.280513414457660165e-29,1.000000000000000000e+00,1.280513414457660165e-29,1.000000000000000000e+00
8.800956425758333637e-125,1.000000000000000000e+00,8.800956425758332587e-125,1.000000000000000000e+00
1.280513414457660165e-29,1.000000000000000000e+00,1.280513414457660165e-29,1.000000000000000000e+00
9.998888664507000756e-01,1.111335492998637137e-04,9.998888664507000756e-01,1.111335492998637137e-04
9.999999999919976235e-01,8.002350202457409247e-12,9.999999999919976235e-01,8.002350202457407632e-12
4.701494535463961871e-02,9.529850546453603188e-01,4.701494535463961871e-02,9.529850546453604299e-01
9.999999999944296780e-01,5.570273398802444620e-12,9.999999999944296780e-01,5.570273398802443812e-12
9.999999999938302686e-01,6.169712484195006924e-12,9.999999999938303796e-01,6.169712484195007732e-12
9.999999999905297976e-01,9.470110775287381414e-12,9.999999999905299086e-01,9.470110775287381414e-12
9.999999999942015272e-01,5.798478635386659122e-12,9.999999999942015272e-01,5.798478635386658314e-12
6.877579828410528122e-27,1.000000000000000000e+00,6.877579828410528122e-27,1.000000000000000000e+00
9.998888664507000756e-01,1.111335492998637137e-04,9.998888664507000756e-01,1.111335492998637137e-04
9.999999999928262939e-01,7.173779663715422317e-12,9.999999999928262939e-01,7.173779663715422317e-12
9.999999999860557098e-01,1.394431753178002253e-11,9.999999999860557098e-01,1.394431753178002253e-11
9.999999999879028989e-01,1.209708840208108786e-11,9.999999999879028989e-01,1.209708840208108786e-11
9.999999999879028989e-01,1.209708840208108786e-11,9.999999999879028989e-01,1.209708840208108786e-11
2.660874161072915392e-54,1.000000000000000000e+00,2.660874161072915971e-54,1.000000000000000000e+00
3.397932514708830940e-80,1.000000000000000000e+00,3.397932514708830940e-80,1.000000000000000000e+00
4.238036665409437353e-09,9.999999957619634117e-01,4.238036665409436526e-09,9.999999957619634117e-01
9.999999999952834395e-01,4.716556624679471874e-12,9.999999999952834395e-01,4.716556624679472682e-12
9.999999999954136687e-01,4.586312181200780250e-12,9.999999999954136687e-01,4.586312181200780250e-12
9.999999999941007189e-01,5.899290110926180300e-12,9.999999999941006079e-01,5.899290110926178684e-12
9.999999999939095385e-01,6.090412875540696765e-12,9.999999999939096496e-01,6.090412875540696765e-12
5.646231525335899583e-22,1.000000000000000000e+00,5.646231525335899583e-22,1.000000000000000000e+00
2.411949648323457119e-24,1.000000000000000000e+00,2.411949648323457119e-24,1.000000000000000000e+00
8.282882430931687010e-39,1.000000000000000000e+00,8.282882430931687010e-39,1.000000000000000000e+00
1.024093259736573601e-07,9.999998975906739807e-01,1.024093259736573601e-07,9.999998975906739807e-01
1.280513414457660165e-29,1.000000000000000000e+00,1.280513414457660445e-29,1.000000000000000000e+00
4.237959541079384116e-04,9.995762040458920916e-01,4.237959541079384658e-04,9.995762040458920916e-01
1.024093259736573601e-07,9.999998975906739807e-01,1.024093259736573601e-07,9.999998975906740917e-01
6.877579828410528122e-27,1.000000000000000000e+00,6.877579828410528122e-27,1.000000000000000000e+00
2.350216348743533511e-154,1.000000000000000000e+00,2.350216348743533511e-154,1.000000000000000000e+00
4.237959541079384658e-04,9.995762040458919806e-01,4.237959541079384658e-04,9.995762040458920916e-01
7.171004187908405214e-01,2.828995812091595341e-01,7.171004187908405214e-01,2.828995812091594786e-01
2.800694639572796074e-01,7.199305360427203926e-01,2.800694639572796074e-01,7.199305360427203926e-01
4.701494535463961871e-02,9.529850546453603188e-01,4.701494535463961871e-02,9.529850546453604299e-01
9.998888664507000756e-01,1.111335492998637137e-04,9.998888664507000756e-01,1.111335492998637137e-04
4.701494535463962565e-02,9.529850546453604299e-01,4.701494535463961871e-02,9.529850546453603188e-01
5.075134280179416368e-03,9.949248657198205281e-01,5.075134280179417236e-03,9.949248657198206391e-01
2.660874161072915971e-54,1.000000000000000000e+00,2.660874161072915971e-54,1.000000000000000000e+00
9.999998453444801649e-01,1.546555199409894226e-07,9.999998453444800539e-01,1.546555199409894226e-07
1.909432868935981247e-06,9.999980905671310705e-01,1.909432868935981671e-06,9.999980905671310705e-01
9.998888664507001867e-01,1.111335492998637273e-04,9.998888664507000756e-01,1.111335492998637137e-04
9.999999987502280474e-01,1.249771974204332617e-09,9.999999987502280474e-01,1.249771974204332411e-09
9.999996165722054853e-01,3.834277945064682940e-07,9.999996165722054853e-01,3.834277945064683999e-07
3.205186936509915818e-05,9.999679481306348316e-01,3.205186936509915818e-05,9.999679481306349427e-01
9.999999999906338255e-01,9.366147880958003446e-12,9.999999999906338255e-01,9.366147880958001830e-12
1.909432868935981247e-06,9.999980905671310705e-01,1.909432868935981671e-06,9.999980905671309594e-01
2.800694639572796074e-01,7.199305360427205036e-01,2.800694639572795519e-01,7.199305360427203926e-01
4.600492363018046273e-46,1.000000000000000000e+00,4.600492363018046273e-46,1.000000000000000000e+00
8.282882430931687010e-39,1.000000000000000000e+00,8.282882430931687010e-39,1.000000000000000000e+00
9.999996165722055963e-01,3.834277945064682940e-07,9.999996165722054853e-01,3.834277945064683469e-07
9.999971298270134978e-01,2.870172986552557824e-06,9.999971298270134978e-01,2.870172986552557824e-06
5.075134280179417236e-03,9.949248657198205281e-01,5.075134280179416368e-03,9.949248657198206391e-01
1.331061532841260863e-10,9.999999998668938073e-01,1.331061532841261122e-10,9.999999998668938073e-01
4.237959541079384658e-04,9.995762040458919806e-01,4.237959541079384658e-04,9.995762040458920916e-01
9.999999998528752432e-01,1.471248556232709977e-10,9.999999998528751322e-01,1.471248556232709977e-10
9.999999999720921018e-01,2.790791985147400355e-11,9.999999999720921018e-01,2.790791985147401001e-11
9.999999999720921018e-01,2.790791985147400678e-11,9.999999999720921018e-01,2.790791985147400355e-11
9.999999999939095385e-01,6.090412875540696765e-12,9.999999999939096496e-01,6.090412875540697573e-12
9.999999999899356062e-01,1.006436526594150549e-11,9.999999999899356062e-01,1.006436526594150710e-11
9.999999999916409088e-01,8.359062569314933052e-12,9.999999999916409088e-01,8.359062569314933052e-12
9.999999999954056751e-01,4.594320500659562682e-12,9.999999999954056751e-01,4.594320500659562682e-12
9.999999999916409088e-01,8.359062569314933052e-12,9.999999999916409088e-01,8.359062569314933052e-12
9.999999999952834395e-01,4.716556624679471874e-12,9.999999999952833285e-01,4.716556624679471874e-12
9.999999999935760275e-01,6.423970721800951839e-12,9.999999999935761386e-01,6.423970721800953454e-12
9.999999999837736464e-01,1.622624383848748758e-11,9.999999999837737574e-01,1.622624383848749081e-11
9.999999995101670480e-01,4.898329619689137195e-10,9.999999995101670480e-01,4.898329619689138229e-10
9.999999999949116258e-01,5.088395614172992478e-12,9.999999999949115148e-01,5.088395614172991670e-12
9.999999999879028989e-01,1.209708840208108786e-11,9.999999999879028989e-01,1.209708840208108948e-11
9.999989299898902617e-01,1.070010109758290638e-06,9.999989299898902617e-01,1.070010109758290638e-06
9.999999999773967474e-01,2.260333082473759073e-11,9.999999999773967474e-01,2.260333082473759073e-11
9.999999998528751322e-01,1.471248556232709977e-10,9.999999998528751322e-01,1.471248556232709977e-10
9.999999987502280474e-01,1.249771974204332617e-09,9.999999987502279364e-01,1.249771974204332411e-09
9.999999999923419036e-01,7.658139894137859719e-12,9.999999999923419036e-01,7.658139894137861334e-12
9.999996165722054853e-01,3.834277945064683469e-07,9.999996165722055963e-01,3.834277945064683469e-07
5.075134280179417236e-03,9.949248657198205281e-01,5.075134280179418103e-03,9.949248657198206391e-01
9.999999999946544982e-01,5.345521493554953680e-12,9.999999999946544982e-01,5.345521493554953680e-12
1.911837754403147828e-32,1.000000000000000000e+00,1.911837754403148101e-32,1.000000000000000000e+00
1.807898221812568574e-35,1.000000000000000000e+00,1.807898221812568574e-35,1.000000000000000000e+00
1.807898221812568574e-35,1.000000000000000000e+00,1.807898221812568574e-35,1.000000000000000000e+00
7.348060592059386445e-144,1.000000000000000000e+00,7.348060592059387583e-144,1.000000000000000000e+00
3.869696153150460501e-116,1.000000000000000000e+00,3.869696153150460501e-116,1.000000000000000000e+00
7.552308208795004252e-14,9.999999999999243938e-01,7.552308208795004252e-14,9.999999999999245048e-01
2.800694639572796074e-01,7.199305360427205036e-01,2.800694639572795519e-01,7.199305360427203926e-01
5.646231525335899583e-22,1.000000000000000000e+00,5.646231525335899583e-22,1.000000000000000000e+00
9.012425899289904031e-20,1.000000000000000000e+00,9.012425899289904031e-20,1.000000000000000000e+00
9.999999999948683271e-01,5.131695836158600273e-12,9.999999999948683271e-01,5.131695836158599465e-12
9.999999999953544938e-01,4.645487461669451271e-12,9.999999999953544938e-01,4.645487461669452078e-12
1.909432868935981671e-06,9.999980905671310705e-01,1.909432868935981247e-06,9.999980905671309594e-01
9.999999995101670480e-01,4.898329619689137195e-10,9.999999995101670480e-01,4.898329619689137195e-10
3.802272892144980872e-93,1.000000000000000000e+00,3.802272892144980872e-93,1.000000000000000000e+00
5.646231525335898642e-22,1.000000000000000000e+00,5.646231525335899583e-22,1.000000000000000000e+00
1.331061532841261122e-10,9.999999998668938073e-01,1.331061532841260863e-10,9.999999998668938073e-01
6.508554717865464225e-69,1.000000000000000000e+00,6.508554717865464225e-69,1.000000000000000000e+00
2.142316050022730905e-165,1.000000000000000000e+00,2.142316050022731146e-165,1.000000000000000000e+00
1.911837754403147828e-32,1.000000000000000000e+00,1.911837754403147828e-32,1.000000000000000000e+00
4.237959541079384658e-04,9.995762040458920916e-01,4.237959541079384658e-04,9.995762040458920916e-01
9.999999999894058078e-01,1.059421469923963264e-11,9.999999999894058078e-01,1.059421469923963264e-11
1.331061532841260863e-10,9.999999998668938073e-01,1.331061532841260863e-10,9.999999998668938073e-01
3.205186936509915141e-05,9.999679481306348316e-01,3.205186936509915818e-05,9.999679481306348316e-01
2.411949648323457119e-24,1.000000000000000000e+00,2.411949648323457119e-24,1.000000000000000000e+00
4.701494535463961871e-02,9.529850546453604299e-01,4.701494535463961871e-02,9.529850546453603188e-01
9.999999987502279364e-01,1.249771974204332411e-09,9.999999987502279364e-01,1.249771974204332411e-09
2.411949648323457487e-24,1.000000000000000000e+00,2.411949648323457487e-24,1.000000000000000000e+00
6.877579828410526687e-27,1.000000000000000000e+00,6.877579828410528122e-27,1.000000000000000000e+00
9.999971298270134978e-01,2.870172986552558248e-06,9.999971298270133868e-01,2.870172986552557824e-06
9.999999999542145135e-01,4.578553539518116137e-11,9.999999999542144025e-01,4.578553539518115491e-11
9.999999996834015858e-01,3.165983998440406059e-10,9.999999996834015858e-01,3.165983998440405542e-10
9.999999992258554737e-01,7.741444925183932724e-10,9.999999992258555848e-01,7.741444925183932724e-10
9.999999999542145135e-01,4.578553539518116137e-11,9.999999999542145135e-01,4.578553539518116137e-11
9.999999999860557098e-01,1.394431753178002253e-11,9.999999999860557098e-01,1.394431753178002253e-11
9.999999999944562123e-01,5.543774189631414125e-12,9.999999999944562123e-01,5.543774189631414933e-12
9.999999996834015858e-01,3.165983998440406059e-10,9.999999996834014748e-01,3.165983998440406059e-10
9.999999999720921018e-01,2.790791985147400678e-11,9.999999999720921018e-01,2.790791985147401001e-11
9.999999999932954742e-01,6.704528807953964017e-12,9.999999999932954742e-01,6.704528807953963209e-12
9.999999999542144025e-01,4.578553539518116137e-11,9.999999999542145135e-01,4.578553539518116137e-11
9.999999999951999508e-01,4.800040420001613782e-12,9.999999999951999508e-01,4.800040420001612974e-12
9.999999999949931162e-01,5.006829722100835578e-12,9.999999999949932272e-01,5.006829722100837194e-12
9.999999999932954742e-01,6.704528807953964017e-12,9.999999999932954742e-01,6.704528807953962402e-12
9.999999999899356062e-01,1.006436526594150549e-11,9.999999999899357173e-01,1.006436526594150549e-11
9.999999999899356062e-01,1.006436526594150549e-11,9.999999999899357173e-01,1.006436526594150710e-11
9.999999999899356062e-01,1.006436526594150549e-11,9.999999999899357173e-01,1.006436526594150710e-11
9.999999999955205832e-01,4.479402961119157849e-12,9.999999999955205832e-01,4.479402961119157849e-12
9.999999999899356062e-01,1.006436526594150549e-11,9.999999999899357173e-01,1.006436526594150710e-11
9.999999999922692950e-01,7.730700947606279369e-12,9.999999999922692950e-01,7.730700947606277753e-12
9.999999999899356062e-01,1.006436526594150549e-11,9.999999999899356062e-01,1.006436526594150387e-11
9.999999999899356062e-01,1.006436526594150549e-11,9.999999999899357173e-01,1.006436526594150710e-11
9.999999999916409088e-01,8.359062569314933052e-12,9.999999999916409088e-01,8.359062569314933052e-12
9.999999999948683271e-01,5.131695836158599465e-12,9.999999999948684382e-01,5.131695836158600273e-12
9.999999999954056751e-01,4.594320500659562682e-12,9.999999999954057861e-01,4.594320500659563490e-12
9.999999999954550800e-01,4.544940010447998581e-12,9.999999999954550800e-01,4.544940010447998581e-12
9.999999978183631288e-01,2.181636924981145429e-09,9.999999978183630178e-01,2.181636924981145843e-09
9.999999999923419036e-01,7.658139894137859719e-12,9.999999999923417926e-01,7.658139894137859719e-12
9.999999999899356062e-01,1.006436526594150549e-11,9.999999999899356062e-01,1.006436526594150549e-11
9.999999999411371965e-01,5.886277231940617913e-11,9.999999999411371965e-01,5.886277231940617913e-11
2.800694639572795519e-01,7.199305360427203926e-01,2.800694639572796074e-01,7.199305360427205036e-01
9.999999999955236918e-01,4.476278123280248405e-12,9.999999999955236918e-01,4.476278123280248405e-12
9.999999999948683271e-01,5.131695836158599465e-12,9.999999999948682161e-01,5.131695836158598657e-12
7.171004187908405214e-01,2.828995812091594786e-01,7.171004187908405214e-01,2.828995812091595341e-01
9.999999999837738685e-01,1.622624383848749081e-11,9.999999999837737574e-01,1.622624383848749081e-11
9.999912770566483644e-01,8.722943351604155754e-06,9.999912770566482534e-01,8.722943351604155754e-06
9.999912770566483644e-01,8.722943351604155754e-06,9.999912770566484754e-01,8.722943351604155754e-06
4.600492363018045496e-46,1.000000000000000000e+00,4.600492363018045496e-46,1.000000000000000000e+00
2.165113646131694048e-74,1.000000000000000000e+00,2.165113646131694048e-74,1.000000000000000000e+00
5.646231525335900523e-22,1.000000000000000000e+00,5.646231525335899583e-22,1.000000000000000000e+00
3.205186936509915818e-05,9.999679481306348316e-01,3.205186936509915818e-05,9.999679481306349427e-01
2.418487454728751522e-100,1.000000000000000000e+00,2.418487454728752030e-100,1.000000000000000000e+00
7.552308208795004252e-14,9.999999999999243938e-01,7.552308208795004252e-14,9.999999999999245048e-01
9.999999999411371965e-01,5.886277231940617913e-11,9.999999999411373075e-01,5.886277231940617913e-11
9.999999999809391360e-01,1.906088483002907659e-11,9.999999999809390250e-01,1.906088483002907659e-11
9.999999698367983969e-01,3.016320162238130533e-08,9.999999698367982859e-01,3.016320162238130533e-08
9.999999999650964755e-01,3.490349648769413991e-11,9.999999999650964755e-01,3.490349648769413991e-11
9.999999978183631288e-01,2.181636924981145429e-09,9.999999978183630178e-01,2.181636924981145429e-09
5.075134280179416368e-03,9.949248657198205281e-01,5.075134280179416368e-03,9.949248657198205281e-01
4.701494535463962565e-02,9.529850546453604299e-01,4.701494535463961871e-02,9.529850546453604299e-01
9.999999998902969756e-01,1.097029182965418691e-10,9.999999998902970866e-01,1.097029182965418691e-10
9.999999999944296780e-01,5.570273398802443812e-12,9.999999999944296780e-01,5.570273398802443812e-12
9.999999998528752432e-01,1.471248556232710236e-10,9.999999998528751322e-01,1.471248556232709719e-10
9.999999845245973740e-01,1.547540266008139746e-08,9.999999845245972629e-01,1.547540266008139746e-08
9.999999999944296780e-01,5.570273398802443812e-12,9.999999999944296780e-01,5.570273398802444620e-12
9.999999999899356062e-01,1.006436526594150549e-11,9.999999999899357173e-01,1.006436526594150710e-11
9.999999999837737574e-01,1.622624383848748758e-11,9.999999999837737574e-01,1.622624383848749081e-11
9.999999999954614083e-01,4.538601109177454893e-12,9.999999999954614083e-01,4.538601109177454893e-12
9.999999999926452166e-01,7.354885591305519385e-12,9.999999999926449945e-01,7.354885591305519385e-12
9.999999999905299086e-01,9.470110775287381414e-12,9.999999999905299086e-01,9.470110775287383029e-12
9.999999999899356062e-01,1.006436526594150549e-11,9.999999999899357173e-01,1.006436526594150710e-11
9.999999999203141865e-01,7.968584051343268729e-11,9.999999999203141865e-01,7.968584051343270022e-11
9.999999999923986360e-01,7.601346801464903229e-12,9.999999999923987470e-01,7.601346801464904844e-12
9.999999999918550708e-01,8.144940324079871441e-12,9.999999999918550708e-01,8.144940324079871441e-12
9.999999999913983251e-01,8.601674835794415783e-12,9.999999999913983251e-01,8.601674835794414168e-12
9.999999999937111417e-01,6.288878759764702183e-12,9.999999999937111417e-01,6.288878759764702183e-12
9.999989299898901507e-01,1.070010109758290638e-06,9.999989299898902617e-01,1.070010109758290638e-06
9.995273477505144388e-01,4.726522494856117492e-04,9.995273477505143278e-01,4.726522494856115865e-04
9.999999999923417926e-01,7.658139894137859719e-12,9.999999999923417926e-01,7.658139894137859719e-12
9.999999845245973740e-01,1.547540266008140077e-08,9.999999845245973740e-01,1.547540266008140077e-08
9.999999999650964755e-01,3.490349648769413991e-11,9.999999999650964755e-01,3.490349648769413991e-11
9.999999960903752649e-01,3.909624719461174470e-09,9.999999960903752649e-01,3.909624719461174470e-09
9.999999923441931227e-01,7.655806880215143900e-09,9.999999923441931227e-01,7.655806880215143900e-09
9.999999999411371965e-01,5.886277231940617913e-11,9.999999999411373075e-01,5.886277231940619206e-11
9.887602347579522721e-01,1.123976524204770358e-02,9.887602347579522721e-01,1.123976524204770185e-02
4.238036665409436526e-09,9.999999957619633006e-01,4.238036665409436526e-09,9.999999957619634117e-01
4.237959541079384658e-04,9.995762040458920916e-01,4.237959541079384116e-04,9.995762040458919806e-01
9.999999997909720939e-01,2.090278510371158343e-10,9.999999997909720939e-01,2.090278510371158602e-10
9.999999998902970866e-01,1.097029182965418820e-10,9.999999998902970866e-01,1.097029182965418691e-10
9.999999999913983251e-01,8.601674835794415783e-12,9.999999999913983251e-01,8.601674835794415783e-12
1.909432868935981247e-06,9.999980905671310705e-01,1.909432868935981247e-06,9.999980905671310705e-01
9.999999698367982859e-01,3.016320162238131195e-08,9.999999698367983969e-01,3.016320162238130533e-08
9.999999999923419036e-01,7.658139894137861334e-12,9.999999999923417926e-01,7.658139894137861334e-12
2.800694639572796074e-01,7.199305360427205036e-01,2.800694639572796074e-01,7.199305360427205036e-01
4.237959541079384658e-04,9.995762040458920916e-01,4.237959541079384658e-04,9.995762040458920916e-01
9.452084402540937846e-01,5.479155974590618761e-02,9.452084402540938957e-01,5.479155974590619455e-02
3.118280795953258338e-12,9.999999999968817166e-01,3.118280795953258742e-12,9.999999999968817166e-01
7.552308208795005515e-14,9.999999999999245048e-01,7.552308208795004252e-14,9.999999999999245048e-01
2.900305680550909150e-42,1.000000000000000000e+00,2.900305680550908513e-42,1.000000000000000000e+00
1.024093259736573601e-07,9.999998975906739807e-01,1.024093259736573601e-07,9.999998975906739807e-01
9.012425899289904031e-20,1.000000000000000000e+00,9.012425899289904031e-20,1.000000000000000000e+00
9.438928158463121917e-16,9.999999999999991118e-01,9.438928158463123889e-16,9.999999999999991118e-01
9.999971298270134978e-01,2.870172986552558248e-06,9.999971298270133868e-01,2.870172986552557824e-06
1.729472159156367546e-86,1.000000000000000000e+00,1.729472159156367546e-86,1.000000000000000000e+00
2.660874161072915392e-54,1.000000000000000000e+00,2.660874161072915971e-54,1.000000000000000000e+00
9.995273477505143278e-01,4.726522494856117492e-04,9.995273477505143278e-01,4.726522494856116949e-04
1.729472159156367546e-86,1.000000000000000000e+00,1.729472159156367904e-86,1.000000000000000000e+00
9.978702591859793802e-01,2.129740814020658363e-03,9.978702591859793802e-01,2.129740814020658363e-03
4.701494535463961871e-02,9.529850546453603188e-01,4.701494535463961871e-02,9.529850546453603188e-01
9.978702591859793802e-01,2.129740814020658363e-03,9.978702591859793802e-01,2.129740814020658797e-03
3.205186936509915818e-05,9.999679481306349427e-01,3.205186936509915818e-05,9.999679481306348316e-01
2.418487454728751522e-100,1.000000000000000000e+00,2.418487454728752030e-100,1.000000000000000000e+00
6.508554717865463195e-69,1.000000000000000000e+00,6.508554717865464225e-69,1.000000000000000000e+00
2.350216348743533511e-154,1.000000000000000000e+00,2.350216348743533511e-154,1.000000000000000000e+00
1.807898221812568574e-35,1.000000000000000000e+00,1.807898221812568574e-35,1.000000000000000000e+00
6.508554717865463195e-69,1.000000000000000000e+00,6.508554717865464225e-69,1.000000000000000000e+00
1.280513414457660165e-29,1.000000000000000000e+00,1.280513414457660165e-29,1.000000000000000000e+00
5.075134280179417236e-03,9.949248657198206391e-01,5.075134280179417236e-03,9.949248657198205281e-01
9.012425899289902827e-20,1.000000000000000000e+00,9.012425899289904031e-20,1.000000000000000000e+00
1.024093259736573733e-07,9.999998975906739807e-01,1.024093259736573601e-07,9.999998975906739807e-01
1.331061532841260863e-10,9.999999998668938073e-01,1.331061532841260863e-10,9.999999998668938073e-01
5.646231525335899583e-22,1.000000000000000000e+00,5.646231525335899583e-22,1.000000000000000000e+00
1.280513414457660165e-29,1.000000000000000000e+00,1.280513414457660165e-29,1.000000000000000000e+00
9.012425899289904031e-20,1.000000000000000000e+00,9.012425899289904031e-20,1.000000000000000000e+00
1.204632648630328443e-17,1.000000000000000000e+00,1.204632648630328443e-17,1.000000000000000000e+00
6.877579828410528122e-27,1.000000000000000000e+00,6.877579828410528122e-27,1.000000000000000000e+00
9.999999999955432317e-01,4.456731138826037149e-12,9.999999999955432317e-01,4.456731138826037957e-12
9.999971298270133868e-01,2.870172986552557824e-06,9.999971298270134978e-01,2.870172986552558248e-06
7.171004187908405214e-01,2.828995812091594786e-01,7.171004187908405214e-01,2.828995812091594786e-01
9.999999999720921018e-01,2.790791985147400678e-11,9.999999999720921018e-01,2.790791985147400678e-11
9.999999999954979346e-01,4.502010443702746270e-12,9.999999999954980456e-01,4.502010443702747078e-12
9.999999999919977345e-01,8.002350202457409247e-12,9.999999999919976235e-01,8.002350202457409247e-12
1.024093259736573601e-07,9.999998975906739807e-01,1.024093259736573866e-07,9.999998975906740917e-01
9.999999999203141865e-01,7.968584051343270022e-11,9.999999999203141865e-01,7.968584051343270022e-11
9.995273477505144388e-01,4.726522494856117492e-04,9.995273477505143278e-01,4.726522494856116407e-04
2.142316050022730905e-165,1.000000000000000000e+00,2.142316050022731146e-165,1.000000000000000000e+00
9.999999698367983969e-01,3.016320162238130533e-08,9.999999698367983969e-01,3.016320162238131195e-08
9.999999999954550800e-01,4.544940010447998581e-12,9.999999999954551910e-01,4.544940010447998581e-12
9.999999999927624561e-01,7.237517422365036121e-12,9.999999999927624561e-01,7.237517422365036121e-12
9.999999999954614083e-01,4.538601109177454893e-12,9.999999999954614083e-01,4.538601109177455701e-12
9.999971298270133868e-01,2.870172986552557824e-06,9.999971298270134978e-01,2.870172986552558248e-06
9.999999999919976235e-01,8.002350202457409247e-12,9.999999999919976235e-01,8.002350202457409247e-12
9.999999999203141865e-01,7.968584051343268729e-11,9.999999999203141865e-01,7.968584051343268729e-11
9.999999999928261829e-01,7.173779663715422317e-12,9.999999999928262939e-01,7.173779663715422317e-12
9.999999999411373075e-01,5.886277231940617913e-11,9.999999999411371965e-01,5.886277231940617913e-11
9.999999999928261829e-01,7.173779663715421509e-12,9.999999999928262939e-01,7.173779663715422317e-12
9.999999999879028989e-01,1.209708840208108786e-11,9.999999999879028989e-01,1.209708840208108948e-11
9.887602347579522721e-01,1.123976524204770358e-02,9.887602347579522721e-01,1.123976524204770185e-02
5.075134280179417236e-03,9.949248657198206391e-01,5.075134280179418103e-03,9.949248657198206391e-01
4.238036665409437353e-09,9.999999957619634117e-01,4.238036665409437353e-09,9.999999957619634117e-01
9.999999999809391360e-01,1.906088483002907982e-11,9.999999999809391360e-01,1.906088483002907982e-11
9.999999999954136687e-01,4.586312181200779442e-12,9.999999999954136687e-01,4.586312181200780250e-12
1.909432868935981671e-06,9.999980905671310705e-01,1.909432868935981247e-06,9.999980905671309594e-01
9.999999999773965254e-01,2.260333082473759396e-11,9.999999999773967474e-01,2.260333082473759396e-11
1.024093259736573733e-07,9.999998975906739807e-01,1.024093259736573733e-07,9.999998975906739807e-01
9.999999960903752649e-01,3.909624719461175298e-09,9.999999960903752649e-01,3.909624719461174470e-09
9.999999999955205832e-01,4.479402961119157849e-12,9.999999999955204721e-01,4.479402961119157849e-12
9.995273477505143278e-01,4.726522494856116949e-04,9.995273477505144388e-01,4.726522494856117492e-04
9.999999999928261829e-01,7.173779663715422317e-12,9.999999999928262939e-01,7.173779663715422317e-12
9.999999999650964755e-01,3.490349648769413991e-11,9.999999999650964755e-01,3.490349648769413991e-11
4.109082433440388344e-50,1.000000000000000000e+00,4.109082433440388344e-50,1.000000000000000000e+00
9.978702591859793802e-01,2.129740814020658363e-03,9.978702591859793802e-01,2.129740814020658363e-03
9.999999999944296780e-01,5.570273398802443812e-12,9.999999999944296780e-01,5.570273398802444620e-12
9.999999999916409088e-01,8.359062569314933052e-12,9.999999999916410198e-01,8.359062569314933052e-12
9.999999999837737574e-01,1.622624383848748758e-11,9.999999999837737574e-01,1.622624383848749081e-11
9.999999999942015272e-01,5.798478635386659122e-12,9.999999999942014162e-01,5.798478635386659122e-12
6.877579828410528122e-27,1.000000000000000000e+00,6.877579828410528122e-27,1.000000000000000000e+00
9.995273477505144388e-01,4.726522494856116407e-04,9.995273477505143278e-01,4.726522494856116949e-04
7.171004187908404104e-01,2.828995812091594786e-01,7.171004187908405214e-01,2.828995812091594786e-01
9.999999999915556437e-01,8.444435846188329463e-12,9.999999999915555327e-01,8.444435846188331079e-12
2.800694639572796074e-01,7.199305360427205036e-01,2.800694639572795519e-01,7.199305360427203926e-01
9.999999999954549690e-01,4.544940010447998581e-12,9.999999999954550800e-01,4.544940010447997773e-12
9.999999992258554737e-01,7.741444925183932724e-10,9.999999992258554737e-01,7.741444925183933758e-10
9.999999999905299086e-01,9.470110775287381414e-12,9.999999999905299086e-01,9.470110775287383029e-12
9.999999999899356062e-01,1.006436526594150549e-11,9.999999999899357173e-01,1.006436526594150710e-11
9.999999999899356062e-01,1.006436526594150549e-11,9.999999999899357173e-01,1.006436526594150710e-11
7.171004187908405214e-01,2.828995812091595341e-01,7.171004187908405214e-01,2.828995812091594786e-01
4.701494535463961177e-02,9.529850546453603188e-01,4.701494535463961871e-02,9.529850546453604299e-01
9.438928158463123889e-16,9.999999999999991118e-01,9.438928158463121917e-16,9.999999999999991118e-01
4.701494535463961871e-02,9.529850546453603188e-01,4.701494535463961871e-02,9.529850546453603188e-01
1.911837754403148101e-32,1.000000000000000000e+00,1.911837754403147828e-32,1.000000000000000000e+00
9.999696545150301707e-01,3.034548496989706066e-05,9.999696545150300597e-01,3.034548496989705727e-05
9.999999987502279364e-01,1.249771974204332411e-09,9.999999987502279364e-01,1.249771974204332617e-09
5.075134280179417236e-03,9.949248657198205281e-01,5.075134280179417236e-03,9.949248657198206391e-01
9.999999960903752649e-01,3.909624719461174470e-09,9.999999960903752649e-01,3.909624719461175298e-09
5.075134280179417236e-03,9.949248657198205281e-01,5.075134280179417236e-03,9.949248657198206391e-01
9.999999987502280474e-01,1.249771974204332617e-09,9.999999987502279364e-01,1.249771974204332411e-09
9.999999999928261829e-01,7.173779663715421509e-12,9.999999999928261829e-01,7.173779663715421509e-12
9.999999999928261829e-01,7.173779663715421509e-12,9.999999999928262939e-01,7.173779663715422317e-12
1.024093259736573601e-07,9.999998975906739807e-01,1.024093259736573601e-07,9.999998975906739807e-01
9.999971298270134978e-01,2.870172986552558248e-06,9.999971298270133868e-01,2.870172986552558248e-06
9.999999999905299086e-01,9.470110775287381414e-12,9.999999999905299086e-01,9.470110775287381414e-12
9.999999999953544938e-01,4.645487461669452078e-12,9.999999999953543828e-01,4.645487461669451271e-12
9.999999998902970866e-01,1.097029182965418820e-10,9.999999998902971976e-01,1.097029182965418820e-10
9.999999999953218532e-01,4.678158430719900854e-12,9.999999999953217422e-01,4.678158430719900046e-12
1.807898221812568574e-35,1.000000000000000000e+00,1.807898221812568306e-35,1.000000000000000000e+00
2.411949648323457119e-24,1.000000000000000000e+00,2.411949648323457119e-24,1.000000000000000000e+00
9.999999845245973740e-01,1.547540266008140077e-08,9.999999845245973740e-01,1.547540266008139746e-08
9.999999999952163821e-01,4.783576317964525966e-12,9.999999999952162710e-01,4.783576317964525966e-12
9.999999698367983969e-01,3.016320162238131195e-08,9.999999698367983969e-01,3.016320162238130533e-08
9.999999998528751322e-01,1.471248556232709977e-10,9.999999998528751322e-01,1.471248556232709977e-10
9.999999999954550800e-01,4.544940010447997773e-12,9.999999999954550800e-01,4.544940010447998581e-12
3.205186936509915818e-05,9.999679481306349427e-01,3.205186936509915818e-05,9.999679481306348316e-01
2.350216348743533180e-154,1.000000000000000000e+00,2.350216348743533842e-154,1.000000000000000000e+00
2.411949648323457119e-24,1.000000000000000000e+00,2.411949648323457119e-24,1.000000000000000000e+00
9.978702591859792692e-01,2.129740814020658363e-03,9.978702591859793802e-01,2.129740814020658363e-03
9.452084402540937846e-01,5.479155974590618761e-02,9.452084402540938957e-01,5.479155974590619455e-02
4.238036665409436526e-09,9.999999957619634117e-01,4.238036665409436526e-09,9.999999957619633006e-01
9.999999999939096496e-01,6.090412875540696765e-12,9.999999999939095385e-01,6.090412875540696765e-12
4.238036665409436526e-09,9.999999957619634117e-01,4.238036665409436526e-09,9.999999957619633006e-01
9.999989299898901507e-01,1.070010109758290638e-06,9.999989299898902617e-01,1.070010109758290638e-06
9.999999999894058078e-01,1.059421469923963425e-11,9.999999999894058078e-01,1.059421469923963425e-11
9.999999999203141865e-01,7.968584051343268729e-11,9.999999999203141865e-01,7.968584051343268729e-11
9.999999999837737574e-01,1.622624383848748758e-11,9.999999999837737574e-01,1.622624383848749081e-11
9.999999995101670480e-01,4.898329619689137195e-10,9.999999995101670480e-01,4.898329619689138229e-10
9.999999999949931162e-01,5.006829722137265452e-12,9.999999999949932272e-01,5.006829722137265452e-12
9.999999999948926410e-01,5.107369090437681211e-12,9.999999999948926410e-01,5.107369090437681211e-12
2.900305680550908513e-42,1.000000000000000000e+00,2.900305680550909150e-42,1.000000000000000000e+00
1.909432868935981671e-06,9.999980905671310705e-01,1.909432868935981671e-06,9.999980905671310705e-01
9.999999999860557098e-01,1.394431753178002415e-11,9.999999999860557098e-01,1.394431753178002253e-11
9.999999999720921018e-01,2.790791985147400355e-11,9.999999999720921018e-01,2.790791985147400678e-11
4.237959541079384658e-04,9.995762040458920916e-01,4.237959541079384116e-04,9.995762040458919806e-01
9.999999999919976235e-01,8.002350202457407632e-12,9.999999999919976235e-01,8.002350202457409247e-12
9.999989299898902617e-01,1.070010109758290638e-06,9.999989299898902617e-01,1.070010109758290850e-06
4.500959010832751184e-134,1.000000000000000000e+00,4.500959010832751184e-134,1.000000000000000000e+00
4.500959010832751184e-134,1.000000000000000000e+00,4.500959010832751184e-134,1.000000000000000000e+00
4.109082433440387869e-50,1.000000000000000000e+00,4.109082433440388344e-50,1.000000000000000000e+00
9.452084402540937846e-01,5.479155974590618761e-02,9.452084402540937846e-01,5.479155974590618761e-02
2.800694639572795519e-01,7.199305360427203926e-01,2.800694639572796074e-01,7.199305360427203926e-01
1.012334181476335859e-217,1.000000000000000000e+00,1.012334181476335859e-217,1.000000000000000000e+00
1.000000000000000000e+00,1.012334181483701393e-207,4.679436009273529210e-165,1.000000000000000000e+00
1.000000000000000000e+00,7.804439966594272347e-66,2.847679432529481800e-245,1.000000000000000000e+00
1.000000000000000000e+00,2.153750357701392918e-72,2.272408446121248733e-252,1.000000000000000000e+00
3.508615647641237773e-75,1.000000000000000000e+00,6.635615637801708760e-130,1.000000000000000000e+00
1.000000000000000000e+00,7.029283394399061468e-111,6.254895834801366492e-290,1.000000000000000000e+00
1.000000000000000000e+00,3.648375368369867386e-193,2.350216348743533511e-154,1.000000000000000000e+00
2.142316050007143544e-165,1.000000000000000000e+00,2.142316050022731146e-165,1.000000000000000000e+00
1.000000000000000000e+00,2.142316049991555994e-155,2.647869429057981356e-203,1.000000000000000000e+00
6.508554717865464225e-69,1.000000000000000000e+00,6.508554717865464225e-69,1.000000000000000000e+00
3.802272892144980872e-93,1.000000000000000000e+00,3.802272892144981297e-93,1.000000000000000000e+00
8.282882430931687010e-39,1.000000000000000000e+00,8.282882430931687010e-39,1.000000000000000000e+00
2.660874161072915971e-54,1.000000000000000000e+00,2.660874161072915971e-54,1.000000000000000000e+00
4.600492363018045496e-46,1.000000000000000000e+00,4.600492363018045496e-46,1.000000000000000000e+00
3.802272892144981297e-93,1.000000000000000000e+00,3.802272892144981297e-93,1.000000000000000000e+00
7.891091843252538294e-190,1.000000000000000000e+00,7.891091843252538294e-190,1.000000000000000000e+00
3.397932514708830940e-80,1.000000000000000000e+00,3.397932514708830940e-80,1.000000000000000000e+00
1.133231708851856233e-217,1.000000000000000000e+00,1.133231708851856434e-217,1.000000000000000000e+00
1.000000000000000000e+00,1.133231708860101648e-207,1.070044506956449758e-177,1.000000000000000000e+00
1.000000000000000000e+00,1.133756644371574508e-97,2.215058459317446985e-231,1.000000000000000000e+00
1.102460001836490653e-117,1.000000000000000000e+00,1.442926230976345213e-78,1.000000000000000000e+00
9.012425899289902827e-20,1.000000000000000000e+00,9.012425899289904031e-20,1.000000000000000000e+00
9.525930785844260898e-64,1.000000000000000000e+00,9.525930785844260898e-64,1.000000000000000000e+00
3.307133096684565484e-177,1.000000000000000000e+00,3.307133096684565484e-177,1.000000000000000000e+00
6.508554717865464225e-69,1.000000000000000000e+00,6.508554717865464225e-69,1.000000000000000000e+00
1.024093259736573601e-07,9.999998975906739807e-01,1.024093259736573601e-07,9.999998975906739807e-01
4.238036665409436526e-09,9.999999957619633006e-01,4.238036665409436526e-09,9.999999957619633006e-01
1.204632648630328443e-17,1.000000000000000000e+00,1.204632648630328443e-17,1.000000000000000000e+00
5.646231525335899583e-22,1.000000000000000000e+00,5.646231525335899583e-22,1.000000000000000000e+00
9.525930785844259549e-64,1.000000000000000000e+00,9.525930785844260898e-64,1.000000000000000000e+00
7.891091843252538294e-190,1.000000000000000000e+00,7.891091843252538294e-190,1.000000000000000000e+00
8.800956425679530851e-125,1.000000000000000000e+00,8.800956425758332587e-125,1.000000000000000000e+00
9.525930785844260898e-64,1.000000000000000000e+00,9.525930785844260898e-64,1.000000000000000000e+00
3.205186936509915818e-05,9.999679481306349427e-01,3.205186936509915818e-05,9.999679481306349427e-01
9.978702591859793802e-01,2.129740814020658363e-03,9.978702591859793802e-01,2.129740814020658363e-03
1.024093259736573601e-07,9.999998975906740917e-01,1.024093259736573733e-07,9.999998975906740917e-01
9.999999999837737574e-01,1.622624383848749081e-11,9.999999999837737574e-01,1.622624383848749081e-11
9.999999978183631288e-01,2.181636924981145843e-09,9.999999978183631288e-01,2.181636924981145843e-09
9.999999995101670480e-01,4.898329619689137195e-10,9.999999995101671590e-01,4.898329619689138229e-10
9.999999998902970866e-01,1.097029182965418820e-10,9.999999998902969756e-01,1.097029182965418691e-10
9.999999987502280474e-01,1.249771974204332617e-09,9.999999987502280474e-01,1.249771974204332411e-09
9.999999999542145135e-01,4.578553539518116784e-11,9.999999999542145135e-01,4.578553539518115491e-11
9.999999998528751322e-01,1.471248556232709977e-10,9.999999998528751322e-01,1.471248556232709977e-10
9.999996165722054853e-01,3.834277945064682940e-07,9.999996165722054853e-01,3.834277945064682940e-07
9.999999999542145135e-01,4.578553539518116137e-11,9.999999999542145135e-01,4.578553539518116137e-11
9.999999999879028989e-01,1.209708840208108786e-11,9.999999999879030099e-01,1.209708840208108786e-11
9.999998453444800539e-01,1.546555199409894226e-07,9.999998453444800539e-01,1.546555199409894226e-07
9.999999999944296780e-01,5.570273398802443812e-12,9.999999999944296780e-01,5.570273398802443812e-12
9.999999999650964755e-01,3.490349648769413991e-11,9.999999999650964755e-01,3.490349648769413991e-11
9.999999992258554737e-01,7.741444925183932724e-10,9.999999992258554737e-01,7.741444925183931691e-10
8.282882430931687010e-39,1.000000000000000000e+00,8.282882430931687010e-39,1.000000000000000000e+00
7.562732645805455362e-202,1.000000000000000000e+00,7.562732645805455362e-202,1.000000000000000000e+00
7.597747885466123839e-61,1.000000000000000000e+00,3.047454300785636517e-70,1.000000000000000000e+00
2.706713144923325855e-195,1.000000000000000000e+00,7.348060592059387583e-144,1.000000000000000000e+00
2.165113646131694048e-74,1.000000000000000000e+00,2.165113646131694048e-74,1.000000000000000000e+00
3.483368391125616040e-185,1.000000000000000000e+00,3.483368391125616040e-185,1.000000000000000000e+00
1.000000000000000000e+00,1.911713324812912717e-35,6.594072236542251434e-287,1.000000000000000000e+00
3.483368391100270805e-175,1.000000000000000000e+00,4.500959010832751184e-134,1.000000000000000000e+00
1.594215550389224502e-96,1.000000000000000000e+00,1.594215550389224294e-96,1.000000000000000000e+00
9.298321903741251226e-01,7.016780962587494674e-02,1.584999262203351747e-48,1.000000000000000000e+00
4.122986592559454000e-41,1.000000000000000000e+00,4.122986592538286869e-51,1.000000000000000000e+00
1.801541210351221214e-46,1.000000000000000000e+00,1.747152135312174367e-100,1.000000000000000000e+00
1.000000000000000000e+00,7.429477408402871310e-87,1.719949786652099031e-263,1.000000000000000000e+00
1.000000000000000000e+00,1.719949786664613472e-253,2.190368571262495185e-308,1.000000000000000000e+00
1.000000000000000000e+00,2.190368571310306296e-298,2.075747957418224686e-152,1.000000000000000000e+00
6.508554718102243638e-69,1.000000000000000000e+00,6.508554717865464225e-69,1.000000000000000000e+00
7.348060592059386445e-144,1.000000000000000000e+00,7.348060592059387583e-144,1.000000000000000000e+00
1.729472159156367546e-86,1.000000000000000000e+00,1.729472159156367546e-86,1.000000000000000000e+00
6.508554717865464225e-69,1.000000000000000000e+00,6.508554717865464225e-69,1.000000000000000000e+00
9.999999352164864463e-01,6.478351360437162646e-08,9.999999352164864463e-01,6.478351360437162646e-08
9.999971298270133868e-01,2.870172986552557824e-06,9.999971298270134978e-01,2.870172986552557824e-06
9.999999999948926410e-01,5.107369090437682018e-12,9.999999999948925300e-01,5.107369090437681211e-12
9.998888664507000756e-01,1.111335492998637137e-04,9.998888664507001867e-01,1.111335492998637137e-04
2.900305680550908513e-42,1.000000000000000000e+00,2.900305680550909150e-42,1.000000000000000000e+00
9.999999999542145135e-01,4.578553539518116784e-11,9.999999999542144025e-01,4.578553539518116137e-11
9.999999698367983969e-01,3.016320162238130533e-08,9.999999698367983969e-01,3.016320162238131195e-08
9.978702591859793802e-01,2.129740814020658797e-03,9.978702591859792692e-01,2.129740814020658363e-03
9.999999978183631288e-01,2.181636924981145843e-09,9.999999978183631288e-01,2.181636924981145843e-09
9.999999845245973740e-01,1.547540266008139746e-08,9.999999845245972629e-01,1.547540266008139746e-08
9.999999999203141865e-01,7.968584051343270022e-11,9.999999999203141865e-01,7.968584051343270022e-11
3.205186936509915818e-05,9.999679481306349427e-01,3.205186936509915818e-05,9.999679481306349427e-01
9.999999999411373075e-01,5.886277231940619206e-11,9.999999999411371965e-01,5.886277231940617913e-11
9.999999999894058078e-01,1.059421469923963264e-11,9.999999999894058078e-01,1.059421469923963425e-11
9.999999978183631288e-01,2.181636924981145843e-09,9.999999978183630178e-01,2.181636924981145429e-09
9.999999999946544982e-01,5.345521493554953680e-12,9.999999999946544982e-01,5.345521493554952872e-12
9.999999999946544982e-01,5.345521493554953680e-12,9.999999999946543872e-01,5.345521493554952872e-12
9.999999999954614083e-01,4.538601109177454893e-12,9.999999999954614083e-01,4.538601109177454893e-12
9.999999999947278839e-01,5.272117414844185101e-12,9.999999999947279949e-01,5.272117414844185909e-12
9.999999999928261829e-01,7.173779663715421509e-12,9.999999999928262939e-01,7.173779663715421509e-12
9.999999999954550800e-01,4.544940010447998581e-12,9.999999999954550800e-01,4.544940010447997773e-12
9.999999999941007189e-01,5.899290110926180300e-12,9.999999999941006079e-01,5.899290110926179492e-12
9.999999999203141865e-01,7.968584051343268729e-11,9.999999999203141865e-01,7.968584051343270022e-11
9.999999999894058078e-01,1.059421469923963425e-11,9.999999999894056968e-01,1.059421469923963264e-11
9.999999999954550800e-01,4.544940010447997773e-12,9.999999999954550800e-01,4.544940010447998581e-12
9.999999999944296780e-01,5.570273398802443812e-12,9.999999999944297890e-01,5.570273398802445428e-12
9.999999999951999508e-01,4.800040420001612974e-12,9.999999999952000618e-01,4.800040420001614590e-12
9.999999999899356062e-01,1.006436526594150549e-11,9.999999999899356062e-01,1.006436526594150710e-11
9.999999999942685847e-01,5.731468574141193056e-12,9.999999999942685847e-01,5.731468574141193863e-12
9.999999999948683271e-01,5.131695836158599465e-12,9.999999999948683271e-01,5.131695836158600273e-12
9.999999999952834395e-01,4.716556624679471874e-12,9.999999999952834395e-01,4.716556624679472682e-12
9.999999999947765117e-01,5.223516961249337452e-12,9.999999999947765117e-01,5.223516961249337452e-12
9.999999999932954742e-01,6.704528807953964017e-12,9.999999999932954742e-01,6.704528807953964017e-12
9.999999999954550800e-01,4.544940010447998581e-12,9.999999999954550800e-01,4.544940010447998581e-12
9.999999999945707874e-01,5.429193516163431290e-12,9.999999999945707874e-01,5.429193516163431290e-12
9.999999999951999508e-01,4.800040420001612974e-12,9.999999999951999508e-01,4.800040420001612974e-12
9.999999999203141865e-01,7.968584051343268729e-11,9.999999999203141865e-01,7.968584051343270022e-11
9.999999999955236918e-01,4.476278123280248405e-12,9.999999999955236918e-01,4.476278123280248405e-12
9.999999999953218532e-01,4.678158430719900854e-12,9.999999999953219643e-01,4.678158430719901662e-12
9.999999999949116258e-01,5.088395614172992478e-12,9.999999999949116258e-01,5.088395614172992478e-12
9.999999999837736464e-01,1.622624383848748758e-11,9.999999999837737574e-01,1.622624383848749081e-11
9.999999999411371965e-01,5.886277231940617913e-11,9.999999999411371965e-01,5.886277231940617913e-11
9.999999998528751322e-01,1.471248556232709977e-10,9.999999998528751322e-01,1.471248556232709719e-10
9.999999999773966364e-01,2.260333082473759073e-11,9.999999999773966364e-01,2.260333082473759073e-11
9.999999999937111417e-01,6.288878759764702990e-12,9.999999999937111417e-01,6.288878759764702183e-12
9.999999999941007189e-01,5.899290110926180300e-12,9.999999999941007189e-01,5.899290110926180300e-12
9.999999698367983969e-01,3.016320162238131195e-08,9.999999698367983969e-01,3.016320162238130533e-08
9.999999999923419036e-01,7.658139894137861334e-12,9.999999999923417926e-01,7.658139894137861334e-12
9.999996165722054853e-01,3.834277945064683469e-07,9.999996165722055963e-01,3.834277945064683469e-07
9.999999987502280474e-01,1.249771974204332617e-09,9.999999987502280474e-01,1.249771974204332617e-09
5.646231525335899583e-22,1.000000000000000000e+00,5.646231525335899583e-22,1.000000000000000000e+00
9.438928158463121917e-16,9.999999999999990008e-01,9.438928158463123889e-16,9.999999999999991118e-01
9.999999999954614083e-01,4.538601109177454893e-12,9.999999999954614083e-01,4.538601109177454893e-12
9.999999999952163821e-01,4.783576317964525966e-12,9.999999999952163821e-01,4.783576317964525966e-12
9.999999999949116258e-01,5.088395614172992478e-12,9.999999999949116258e-01,5.088395614172993286e-12
9.999999997909720939e-01,2.090278510371158343e-10,9.999999997909722049e-01,2.090278510371158860e-10
9.999999998902970866e-01,1.097029182965418820e-10,9.999999998902970866e-01,1.097029182965418691e-10
9.999999997909720939e-01,2.090278510371158343e-10,9.999999997909720939e-01,2.090278510371158602e-10
9.999999995101670480e-01,4.898329619689137195e-10,9.999999995101670480e-01,4.898329619689137195e-10
9.999999999952163821e-01,4.783576317964526774e-12,9.999999999952163821e-01,4.783576317964525966e-12
9.999999999948926410e-01,5.107369090437681211e-12,9.999999999948925300e-01,5.107369090437681211e-12
9.999999978183631288e-01,2.181636924981145429e-09,9.999999978183631288e-01,2.181636924981145429e-09
9.999999999948926410e-01,5.107369090437682018e-12,9.999999999948925300e-01,5.107369090437680403e-12
9.999999999906339365e-01,9.366147880958003446e-12,9.999999999906338255e-01,9.366147880958001830e-12
9.999999999928261829e-01,7.173779663715421509e-12,9.999999999928261829e-01,7.173779663715422317e-12
9.999999999944296780e-01,5.570273398802443812e-12,9.999999999944296780e-01,5.570273398802444620e-12
9.999999999916409088e-01,8.359062569314933052e-12,9.999999999916410198e-01,8.359062569314933052e-12
9.999999845245973740e-01,1.547540266008140077e-08,9.999999845245972629e-01,1.547540266008139746e-08
9.999999999809391360e-01,1.906088483002907659e-11,9.999999999809390250e-01,1.906088483002907336e-11
9.999999999894058078e-01,1.059421469923963425e-11,9.999999999894058078e-01,1.059421469923963425e-11
9.999999999837737574e-01,1.622624383848748758e-11,9.999999999837736464e-01,1.622624383848748758e-11
9.999999999894058078e-01,1.059421469923963425e-11,9.999999999894056968e-01,1.059421469923963264e-11
9.999999999928261829e-01,7.173779663715421509e-12,9.999999999928261829e-01,7.173779663715422317e-12
9.999999999894058078e-01,1.059421469923963425e-11,9.999999999894058078e-01,1.059421469923963425e-11
9.999999999894058078e-01,1.059421469923963425e-11,9.999999999894056968e-01,1.059421469923963102e-11
9.999999999650964755e-01,3.490349648769413991e-11,9.999999999650964755e-01,3.490349648769413991e-11
9.999999999720921018e-01,2.790791985147400678e-11,9.999999999720921018e-01,2.790791985147400355e-11
9.999999999906338255e-01,9.366147880958001830e-12,9.999999999906338255e-01,9.366147880958003446e-12
9.999999999411371965e-01,5.886277231940617913e-11,9.999999999411371965e-01,5.886277231940616621e-11
9.999999995101670480e-01,4.898329619689137195e-10,9.999999995101669370e-01,4.898329619689137195e-10
9.999999999923986360e-01,7.601346801464904844e-12,9.999999999923987470e-01,7.601346801464904844e-12
9.999999999899356062e-01,1.006436526594150549e-11,9.999999999899356062e-01,1.006436526594150710e-11
9.999999999899356062e-01,1.006436526594150549e-11,9.999999999899357173e-01,1.006436526594150710e-11
9.999999999951034724e-01,4.896557034193483427e-12,9.999999999951034724e-01,4.896557034193483427e-12
9.999999999944296780e-01,5.570273398802443812e-12,9.999999999944296780e-01,5.570273398802443812e-12
9.999999999947765117e-01,5.223516961249337452e-12,9.999999999947764007e-01,5.223516961249336644e-12
9.999999960903753760e-01,3.909624719461175298e-09,9.999999960903753760e-01,3.909624719461175298e-09
9.999999999955236918e-01,4.476278123280248405e-12,9.999999999955236918e-01,4.476278123280248405e-12
9.999999923441931227e-01,7.655806880215145554e-09,9.999999923441931227e-01,7.655806880215143900e-09
4.701494535463962565e-02,9.529850546453603188e-01,4.701494535463961871e-02,9.529850546453604299e-01
9.999999999954612973e-01,4.538601109177454893e-12,9.999999999954614083e-01,4.538601109177454893e-12
9.999999999916409088e-01,8.359062569314933052e-12,9.999999999916407978e-01,8.359062569314931437e-12
9.999999998528751322e-01,1.471248556232709977e-10,9.999999998528752432e-01,1.471248556232709977e-10
9.999999999894058078e-01,1.059421469923963425e-11,9.999999999894058078e-01,1.059421469923963425e-11
9.999999999809391360e-01,1.906088483002907659e-11,9.999999999809391360e-01,1.906088483002907659e-11
9.999999999929860550e-01,7.013891618570120165e-12,9.999999999929861660e-01,7.013891618570121781e-12
9.999999999899356062e-01,1.006436526594150549e-11,9.999999999899356062e-01,1.006436526594150549e-11
9.999999999952834395e-01,4.716556624679471874e-12,9.999999999952834395e-01,4.716556624679471874e-12
9.999999999952163821e-01,4.783576317964525966e-12,9.999999999952164931e-01,4.783576317964526774e-12
9.999999999955432317e-01,4.456731138826037957e-12,9.999999999955432317e-01,4.456731138826037957e-12
9.999999999952834395e-01,4.716556624679471874e-12,9.999999999952834395e-01,4.716556624679471874e-12
9.999999999955236918e-01,4.476278123280249213e-12,9.999999999955238028e-01,4.476278123280249213e-12
9.999999923441931227e-01,7.655806880215145554e-09,9.999999923441931227e-01,7.655806880215145554e-09
9.999999999947278839e-01,5.272117414844185101e-12,9.999999999947277729e-01,5.272117414844183485e-12
9.999999999809391360e-01,1.906088483002907982e-11,9.999999999809391360e-01,1.906088483002907659e-11
9.999999999542145135e-01,4.578553539518116784e-11,9.999999999542144025e-01,4.578553539518116137e-11
4.500959010832751184e-134,1.000000000000000000e+00,4.500959010832751184e-134,1.000000000000000000e+00
3.802272892144982149e-93,1.000000000000000000e+00,3.802272892144981297e-93,1.000000000000000000e+00
2.411949648323456752e-24,1.000000000000000000e+00,2.411949648323457119e-24,1.000000000000000000e+00
9.999999999952834395e-01,4.716556624679471874e-12,9.999999999952834395e-01,4.716556624679471874e-12
9.999999999913984361e-01,8.601674835794415783e-12,9.999999999913982140e-01,8.601674835794415783e-12
9.999999999950521801e-01,4.947834189787315473e-12,9.999999999950521801e-01,4.947834189787316281e-12
9.999999999949931162e-01,5.006829722137265452e-12,9.999999999949932272e-01,5.006829722137266260e-12
9.999999999955387908e-01,4.461220696168342134e-12,9.999999999955387908e-01,4.461220696168341326e-12
9.999912770566484754e-01,8.722943351604157448e-06,9.999912770566483644e-01,8.722943351604154060e-06
9.999999999955433427e-01,4.456731138826037957e-12,9.999999999955433427e-01,4.456731138826037957e-12
9.999999999946544982e-01,5.345521493554953680e-12,9.999999999946544982e-01,5.345521493554952872e-12
9.999999999928261829e-01,7.173779663715421509e-12,9.999999999928261829e-01,7.173779663715421509e-12
9.999999999954136687e-01,4.586312181200780250e-12,9.999999999954136687e-01,4.586312181200779442e-12
9.999999999939095385e-01,6.090412875540696765e-12,9.999999999939095385e-01,6.090412875540696765e-12
9.999999999951034724e-01,4.896557034193482619e-12,9.999999999951034724e-01,4.896557034193482619e-12
9.999999999879028989e-01,1.209708840208108786e-11,9.999999999879028989e-01,1.209708840208109109e-11
9.999999999954614083e-01,4.538601109177454893e-12,9.999999999954614083e-01,4.538601109177454085e-12
9.999999999952834395e-01,4.716556624679471874e-12,9.999999999952834395e-01,4.716556624679471874e-12
9.999999999203141865e-01,7.968584051343268729e-11,9.999999999203140755e-01,7.968584051343268729e-11
9.999999999943958162e-01,5.604174516224689406e-12,9.999999999943958162e-01,5.604174516224691022e-12
9.999999999954056751e-01,4.594320500659562682e-12,9.999999999954056751e-01,4.594320500659562682e-12
9.999999999955387908e-01,4.461220696168342134e-12,9.999999999955387908e-01,4.461220696168342134e-12
9.999999999944562123e-01,5.543774189631414933e-12,9.999999999944562123e-01,5.543774189631414933e-12
9.999999999946250773e-01,5.374910414184052083e-12,9.999999999946250773e-01,5.374910414184052083e-12
9.999999999951999508e-01,4.800040420001612974e-12,9.999999999951999508e-01,4.800040420001612974e-12
9.999999999899356062e-01,1.006436526594150549e-11,9.999999999899356062e-01,1.006436526594150710e-11
9.999999987502280474e-01,1.249771974204332617e-09,9.999999987502280474e-01,1.249771974204332411e-09
9.999999999948926410e-01,5.107369090437681211e-12,9.999999999948925300e-01,5.107369090437681211e-12
9.999999999953218532e-01,4.678158430719900854e-12,9.999999999953218532e-01,4.678158430719901662e-12
9.999999999940604178e-01,5.939534100410235722e-12,9.999999999940604178e-01,5.939534100410235722e-12
9.999999999950521801e-01,4.947834189787316281e-12,9.999999999950521801e-01,4.947834189787316281e-12
9.999999999954932717e-01,4.506725468282260194e-12,9.999999999954932717e-01,4.506725468282260194e-12
9.999999996834015858e-01,3.165983998440406059e-10,9.999999996834015858e-01,3.165983998440406059e-10
9.999999999899356062e-01,1.006436526594150710e-11,9.999999999899357173e-01,1.006436526594150710e-11
9.999999987502280474e-01,1.249771974204332617e-09,9.999999987502280474e-01,1.249771974204332411e-09
9.999999999955432317e-01,4.456731138826037149e-12,9.999999999955433427e-01,4.456731138826037957e-12
9.999999999951034724e-01,4.896557034193482619e-12,9.999999999951034724e-01,4.896557034193482619e-12
9.999999960903753760e-01,3.909624719461175298e-09,9.999999960903753760e-01,3.909624719461175298e-09
3.205186936509915818e-05,9.999679481306349427e-01,3.205186936509915818e-05,9.999679481306349427e-01
1.204632648630328443e-17,1.000000000000000000e+00,1.204632648630328443e-17,1.000000000000000000e+00
9.999696545150300597e-01,3.034548496989705727e-05,9.999696545150300597e-01,3.034548496989705727e-05
9.999999999411371965e-01,5.886277231940616621e-11,9.999999999411371965e-01,5.886277231940616621e-11
9.999999999923986360e-01,7.601346801464903229e-12,9.999999999923986360e-01,7.601346801464903229e-12
9.999999960903752649e-01,3.909624719461175298e-09,9.999999960903752649e-01,3.909624719461174470e-09
9.999999999894058078e-01,1.059421469923963264e-11,9.999999999894058078e-01,1.059421469923963264e-11
9.999999999941007189e-01,5.899290110926180300e-12,9.999999999941006079e-01,5.899290110926178684e-12
1.807898221812568574e-35,1.000000000000000000e+00,1.807898221812568306e-35,1.000000000000000000e+00
9.999999698367983969e-01,3.016320162238131195e-08,9.999999698367983969e-01,3.016320162238131195e-08
9.978702591859793802e-01,2.129740814020658797e-03,9.978702591859792692e-01,2.129740814020658363e-03
9.999999352164864463e-01,6.478351360437163970e-08,9.999999352164864463e-01,6.478351360437162646e-08
9.999999999953218532e-01,4.678158430719901662e-12,9.999999999953218532e-01,4.678158430719900854e-12
9.999999998999999750e-11,9.999999998999999917e-01,9.553091256016702504e-01,4.469087439832983288e-02
5.000000000000000000e-01,5.000000000000000000e-01,9.999971298270133868e-01,2.870172986552557824e-06
3.205186936509915818e-05,9.999679481306348316e-01,3.205186936509915818e-05,9.999679481306348316e-01
2.800694639572796074e-01,7.199305360427203926e-01,2.800694639572795519e-01,7.199305360427203926e-01
2.800694639572795519e-01,7.199305360427205036e-01,2.800694639572796074e-01,7.199305360427203926e-01
2.142316050022731146e-165,1.000000000000000000e+00,2.142316050022731146e-165,1.000000000000000000e+00
9.998888664507001867e-01,1.111335492998637273e-04,9.998888664507000756e-01,1.111335492998637137e-04
9.999999698367983969e-01,3.016320162238131195e-08,9.999999698367983969e-01,3.016320162238131195e-08
2.800694639572796074e-01,7.199305360427203926e-01,2.800694639572796074e-01,7.199305360427205036e-01
4.238036665409436526e-09,9.999999957619633006e-01,4.238036665409435698e-09,9.999999957619633006e-01
9.887602347579522721e-01,1.123976524204770358e-02,9.887602347579522721e-01,1.123976524204770358e-02
9.978702591859793802e-01,2.129740814020658363e-03,9.978702591859792692e-01,2.129740814020658363e-03
3.118280795953258742e-12,9.999999999968817166e-01,3.118280795953258742e-12,9.999999999968818276e-01
9.999999978183630178e-01,2.181636924981145429e-09,9.999999978183631288e-01,2.181636924981145429e-09
9.012425899289904031e-20,1.000000000000000000e+00,9.012425899289902827e-20,1.000000000000000000e+00
1.909432868935981671e-06,9.999980905671310705e-01,1.909432868935981671e-06,9.999980905671310705e-01
9.995273477505144388e-01,4.726522494856116407e-04,9.995273477505143278e-01,4.726522494856117492e-04
9.999999960903752649e-01,3.909624719461174470e-09,9.999999960903752649e-01,3.909624719461175298e-09
9.999999845245972629e-01,1.547540266008139746e-08,9.999999845245973740e-01,1.547540266008139746e-08
9.999989299898902617e-01,1.070010109758290638e-06,9.999989299898903727e-01,1.070010109758290638e-06
9.999999992258555848e-01,7.741444925183932724e-10,9.999999992258553627e-01,7.741444925183932724e-10
7.171004187908405214e-01,2.828995812091595341e-01,7.171004187908405214e-01,2.828995812091594786e-01
4.600492363018045496e-46,1.000000000000000000e+00,4.600492363018046273e-46,1.000000000000000000e+00
2.900305680550908513e-42,1.000000000000000000e+00,2.900305680550908513e-42,1.000000000000000000e+00
3.397932514708830940e-80,1.000000000000000000e+00,3.397932514708830940e-80,1.000000000000000000e+00
2.411949648323457119e-24,1.000000000000000000e+00,2.411949648323457119e-24,1.000000000000000000e+00
9.999999698367983969e-01,3.016320162238131195e-08,9.999999698367983969e-01,3.016320162238131195e-08
8.282882430931687010e-39,1.000000000000000000e+00,8.282882430931687010e-39,1.000000000000000000e+00
8.282882430931687010e-39,1.000000000000000000e+00,8.282882430931687010e-39,1.000000000000000000e+00
9.999999999922692950e-01,7.730700947606277753e-12,9.999999999922692950e-01,7.730700947606279369e-12
9.999999999935760275e-01,6.423970721800951839e-12,9.999999999935760275e-01,6.423970721800951839e-12
2.800694639572795519e-01,7.199305360427203926e-01,2.800694639572796074e-01,7.199305360427205036e-01
1.807898221812568574e-35,1.000000000000000000e+00,1.807898221812568574e-35,1.000000000000000000e+00
9.452084402540937846e-01,5.479155974590618761e-02,9.452084402540937846e-01,5.479155974590618761e-02
9.999999999954614083e-01,4.538601109177454893e-12,9.999999999954614083e-01,4.538601109177454893e-12
9.999999845245973740e-01,1.547540266008139746e-08,9.999999845245973740e-01,1.547540266008139746e-08
9.999999998528751322e-01,1.471248556232709719e-10,9.999999998528750211e-01,1.471248556232709977e-10
6.877579828410526687e-27,1.000000000000000000e+00,6.877579828410526687e-27,1.000000000000000000e+00
9.999999999927625671e-01,7.237517422365036929e-12,9.999999999927624561e-01,7.237517422365036121e-12
9.999999999954136687e-01,4.586312181200780250e-12,9.999999999954136687e-01,4.586312181200779442e-12
9.999999923441931227e-01,7.655806880215145554e-09,9.999999923441931227e-01,7.655806880215145554e-09
9.999999999916409088e-01,8.359062569314931437e-12,9.999999999916409088e-01,8.359062569314931437e-12
9.999999999947765117e-01,5.223516961249337452e-12,9.999999999947764007e-01,5.223516961249335836e-12
9.999999999928261829e-01,7.173779663715421509e-12,9.999999999928261829e-01,7.173779663715422317e-12
9.999999999650964755e-01,3.490349648769413991e-11,9.999999999650964755e-01,3.490349648769413991e-11
9.999999960903752649e-01,3.909624719461174470e-09,9.999999960903752649e-01,3.909624719461174470e-09
9.999999999946544982e-01,5.345521493554953680e-12,9.999999999946544982e-01,5.345521493554953680e-12
9.999999978183631288e-01,2.181636924981145429e-09,9.999999978183630178e-01,2.181636924981145429e-09
9.999999923441931227e-01,7.655806880215143900e-09,9.999999923441931227e-01,7.655806880215145554e-09
9.999999999650964755e-01,3.490349648769414637e-11,9.999999999650965865e-01,3.490349648769414637e-11
9.999999999949116258e-01,5.088395614172992478e-12,9.999999999949115148e-01,5.088395614172991670e-12
9.999999999879028989e-01,1.209708840208108786e-11,9.999999999879028989e-01,1.209708840208108948e-11
9.999999999203141865e-01,7.968584051343268729e-11,9.999999999203141865e-01,7.968584051343270022e-11
9.999999698367983969e-01,3.016320162238131195e-08,9.999999698367982859e-01,3.016320162238130533e-08
9.998888664507000756e-01,1.111335492998637137e-04,9.998888664507001867e-01,1.111335492998637408e-04
1.807898221812568574e-35,1.000000000000000000e+00,1.807898221812568574e-35,1.000000000000000000e+00
7.348060592059386445e-144,1.000000000000000000e+00,7.348060592059387583e-144,1.000000000000000000e+00
9.438928158463121917e-16,9.999999999999991118e-01,9.438928158463123889e-16,9.999999999999991118e-01
9.999999978183630178e-01,2.181636924981145429e-09,9.999999978183631288e-01,2.181636924981145429e-09
9.999999997909722049e-01,2.090278510371158602e-10,9.999999997909720939e-01,2.090278510371158343e-10
1.204632648630328597e-17,1.000000000000000000e+00,1.204632648630328597e-17,1.000000000000000000e+00
9.999999352164863353e-01,6.478351360437162646e-08,9.999999352164864463e-01,6.478351360437162646e-08
9.999999999946544982e-01,5.345521493554953680e-12,9.999999999946543872e-01,5.345521493554952872e-12
9.999999997909720939e-01,2.090278510371158343e-10,9.999999997909722049e-01,2.090278510371158860e-10
9.999999960903752649e-01,3.909624719461175298e-09,9.999999960903752649e-01,3.909624719461174470e-09
9.999999999937111417e-01,6.288878759764702990e-12,9.999999999937111417e-01,6.288878759764702183e-12
9.999999999720921018e-01,2.790791985147400355e-11,9.999999999720921018e-01,2.790791985147400678e-11
9.999999999936636241e-01,6.336410936379218529e-12,9.999999999936636241e-01,6.336410936379219337e-12
9.999999999936636241e-01,6.336410936379218529e-12,9.999999999936636241e-01,6.336410936379218529e-12
7.171004187908405214e-01,2.828995812091594786e-01,7.171004187908404104e-01,2.828995812091595341e-01
9.999999999946250773e-01,5.374910414184052083e-12,9.999999999946250773e-01,5.374910414184052083e-12
9.999999996834015858e-01,3.165983998440406059e-10,9.999999996834015858e-01,3.165983998440406059e-10
9.999999999952834395e-01,4.716556624679471874e-12,9.999999999952834395e-01,4.716556624679471874e-12
9.999999999930926364e-01,6.907402739650461784e-12,9.999999999930926364e-01,6.907402739650462592e-12
9.999999999542144025e-01,4.578553539518116137e-11,9.999999999542144025e-01,4.578553539518116137e-11
9.999999999809391360e-01,1.906088483002907982e-11,9.999999999809391360e-01,1.906088483002907659e-11
9.999999999860557098e-01,1.394431753178002253e-11,9.999999999860557098e-01,1.394431753178002415e-11
9.999999998902970866e-01,1.097029182965418691e-10,9.999999998902970866e-01,1.097029182965418820e-10
9.999999995101670480e-01,4.898329619689137195e-10,9.999999995101670480e-01,4.898329619689137195e-10
4.237959541079384116e-04,9.995762040458920916e-01,4.237959541079384116e-04,9.995762040458919806e-01
5.646231525335900523e-22,1.000000000000000000e+00,5.646231525335899583e-22,1.000000000000000000e+00
9.999999999932953632e-01,6.704528807953963209e-12,9.999999999932954742e-01,6.704528807953964017e-12
9.999999999905297976e-01,9.470110775287381414e-12,9.999999999905299086e-01,9.470110775287381414e-12
9.999999999899356062e-01,1.006436526594150549e-11,9.999999999899357173e-01,1.006436526594150710e-11
9.999999999910679227e-01,8.932022517738109090e-12,9.999999999910680337e-01,8.932022517738110705e-12
9.999999999905299086e-01,9.470110775287381414e-12,9.999999999905299086e-01,9.470110775287381414e-12
5.075134280179416368e-03,9.949248657198205281e-01,5.075134280179417236e-03,9.949248657198205281e-01
9.999989299898901507e-01,1.070010109758290426e-06,9.999989299898902617e-01,1.070010109758290850e-06
9.999999999773967474e-01,2.260333082473759073e-11,9.999999999773967474e-01,2.260333082473759073e-11
9.999971298270133868e-01,2.870172986552557824e-06,9.999971298270134978e-01,2.870172986552558248e-06
8.282882430931687010e-39,1.000000000000000000e+00,8.282882430931688315e-39,1.000000000000000000e+00
6.659204556043569188e-220,1.000000000000000000e+00,6.659204556043569188e-220,1.000000000000000000e+00
4.185913925470031953e-07,9.999995814086074519e-01,9.999999998999999750e-11,9.999999998999999917e-01
2.787485708304216426e-216,1.000000000000000000e+00,1.296423892740005841e-222,1.000000000000000000e+00
1.296702641294500488e-212,1.000000000000000000e+00,1.133231708851856434e-217,1.000000000000000000e+00
1.000000000000000000e+00,1.133244675878543811e-207,1.213192264246331550e-274,1.000000000000000000e+00
1.829446949653728424e-05,9.999817055305033620e-01,9.999999998999999750e-11,9.999999998999999917e-01
1.000000000000000000e+00,2.219470887180930025e-269,9.999999998999999750e-11,9.999999998999999917e-01
5.000000000000000000e-01,5.000000000000000000e-01,1.878096289602666828e-296,1.000000000000000000e+00
1.878096289616331365e-286,1.000000000000000000e+00,3.636007488635651667e-172,1.000000000000000000e+00
3.388378550538460152e-35,1.000000000000000000e+00,3.869696153150460501e-116,1.000000000000000000e+00
1.729472159156367546e-86,1.000000000000000000e+00,1.729472159156367546e-86,1.000000000000000000e+00
8.800956425758332587e-125,1.000000000000000000e+00,8.800956425758332587e-125,1.000000000000000000e+00
2.142316050007143544e-165,1.000000000000000000e+00,2.142316050022731146e-165,1.000000000000000000e+00
4.600492363018045496e-46,1.000000000000000000e+00,4.600492363018045496e-46,1.000000000000000000e+00
6.300070017450740254e-55,1.000000000000000000e+00,6.300070017450740979e-55,1.000000000000000000e+00
3.203596794480097196e-131,1.000000000000000000e+00,2.039766629374134612e-116,1.000000000000000000e+00
3.761177919784085123e-47,1.000000000000000000e+00,9.305448003034026954e-181,1.000000000000000000e+00
9.999999999999990008e-01,9.963670752839972140e-16,9.999999998999999750e-11,9.999999998999999917e-01
1.000000000000000000e+00,7.671925207914401903e-153,3.307133096684565484e-177,1.000000000000000000e+00
1.000000000000000000e+00,3.307133096708628020e-167,2.647869429057981356e-203,1.000000000000000000e+00
9.999696545150301707e-01,3.034548496989706066e-05,9.999696545150300597e-01,3.034548496989705727e-05
4.701494535463961871e-02,9.529850546453603188e-01,4.701494535463961871e-02,9.529850546453603188e-01
9.998888664507000756e-01,1.111335492998637137e-04,9.998888664507000756e-01,1.111335492998637137e-04
9.999999978183630178e-01,2.181636924981145429e-09,9.999999978183630178e-01,2.181636924981145843e-09
9.999999999941007189e-01,5.899290110926179492e-12,9.999999999941007189e-01,5.899290110926180300e-12
9.999999992258554737e-01,7.741444925183932724e-10,9.999999992258554737e-01,7.741444925183932724e-10
9.999696545150300597e-01,3.034548496989705727e-05,9.999696545150301707e-01,3.034548496989706066e-05
9.999999845245973740e-01,1.547540266008139746e-08,9.999999845245973740e-01,1.547540266008139746e-08
9.999996165722054853e-01,3.834277945064682940e-07,9.999996165722054853e-01,3.834277945064683469e-07
7.171004187908405214e-01,2.828995812091594786e-01,7.171004187908405214e-01,2.828995812091595341e-01
2.660874161072915971e-54,1.000000000000000000e+00,2.660874161072915971e-54,1.000000000000000000e+00
7.348060592059387583e-144,1.000000000000000000e+00,7.348060592059387583e-144,1.000000000000000000e+00
9.887602347579523832e-01,1.123976524204770532e-02,9.887602347579522721e-01,1.123976524204770358e-02
2.350216348743533511e-154,1.000000000000000000e+00,2.350216348743533511e-154,1.000000000000000000e+00
9.999999999860555988e-01,1.394431753178002253e-11,9.999999999860557098e-01,1.394431753178002253e-11
9.999999999948683271e-01,5.131695836158599465e-12,9.999999999948683271e-01,5.131695836158599465e-12
9.999999999936636241e-01,6.336410936379218529e-12,9.999999999936635131e-01,6.336410936379217722e-12
9.999999999910680337e-01,8.932022517738112321e-12,9.999999999910679227e-01,8.932022517738110705e-12
9.999999999950521801e-01,4.947834189787315473e-12,9.999999999950521801e-01,4.947834189787316281e-12
1.024093259736573601e-07,9.999998975906739807e-01,1.024093259736573601e-07,9.999998975906739807e-01
3.869696153150460501e-116,1.000000000000000000e+00,3.869696153150460501e-116,1.000000000000000000e+00
1.280513414457660445e-29,1.000000000000000000e+00,1.280513414457660165e-29,1.000000000000000000e+00
9.999999999720921018e-01,2.790791985147400678e-11,9.999999999720921018e-01,2.790791985147400355e-11
9.999999999951034724e-01,4.896557034193482619e-12,9.999999999951034724e-01,4.896557034193482619e-12
9.999999999930926364e-01,6.907402739650461784e-12,9.999999999930926364e-01,6.907402739650460976e-12
9.999999999929860550e-01,7.013891618570120973e-12,9.999999999929861660e-01,7.013891618570120973e-12
9.999999999922692950e-01,7.730700947606279369e-12,9.999999999922692950e-01,7.730700947606279369e-12
9.999999999922692950e-01,7.730700947606279369e-12,9.999999999922692950e-01,7.730700947606277753e-12
9.999999999954932717e-01,4.506725468282261001e-12,9.999999999954932717e-01,4.506725468282260194e-12
7.171004187908405214e-01,2.828995812091594786e-01,7.171004187908405214e-01,2.828995812091595341e-01
9.999999998902971976e-01,1.097029182965418820e-10,9.999999998902970866e-01,1.097029182965418820e-10
9.999999999955432317e-01,4.456731138826037957e-12,9.999999999955432317e-01,4.456731138826037957e-12
9.999999999809391360e-01,1.906088483002907982e-11,9.999999999809391360e-01,1.906088483002907982e-11
9.999999999941007189e-01,5.899290110926180300e-12,9.999999999941007189e-01,5.899290110926180300e-12
9.999999923441931227e-01,7.655806880215145554e-09,9.999999923441931227e-01,7.655806880215145554e-09
9.999999999933496531e-01,6.650344746520000706e-12,9.999999999933497641e-01,6.650344746520000706e-12
9.999999999773967474e-01,2.260333082473759396e-11,9.999999999773966364e-01,2.260333082473759396e-11
4.237959541079384658e-04,9.995762040458920916e-01,4.237959541079384658e-04,9.995762040458920916e-01
9.999999999542144025e-01,4.578553539518116137e-11,9.999999999542144025e-01,4.578553539518116137e-11
9.999996165722054853e-01,3.834277945064682940e-07,9.999996165722055963e-01,3.834277945064683999e-07
1.911837754403148101e-32,1.000000000000000000e+00,1.911837754403147828e-32,1.000000000000000000e+00
9.999999998902970866e-01,1.097029182965418820e-10,9.999999998902970866e-01,1.097029182965418820e-10
9.999696545401223213e-01,3.034545987760553482e-05,9.999696545401224324e-01,3.034545987760554160e-05
1.000030346284169152e-10,9.999999998999969941e-01,3.295375020411734086e-06,9.999967046249795821e-01
5.000000000000000000e-01,5.000000000000000000e-01,2.011642963353830015e-251,1.000000000000000000e+00
9.999999999861653999e-01,1.383463523774128449e-11,3.047454300785636517e-70,1.000000000000000000e+00
4.237959541079384116e-04,9.995762040458920916e-01,4.237959541079384658e-04,9.995762040458920916e-01
7.552308208795005515e-14,9.999999999999245048e-01,7.552308208795004252e-14,9.999999999999245048e-01
1.909432868935981671e-06,9.999980905671311815e-01,1.909432868935981671e-06,9.999980905671310705e-01
9.999999978183630178e-01,2.181636924981145429e-09,9.999999978183630178e-01,2.181636924981145843e-09
9.999999999923986360e-01,7.601346801464903229e-12,9.999999999923986360e-01,7.601346801464904844e-12
9.999999999899356062e-01,1.006436526594150549e-11,9.999999999899356062e-01,1.006436526594150710e-11
9.999999999899356062e-01,1.006436526594150549e-11,9.999999999899357173e-01,1.006436526594150710e-11
9.999999999899356062e-01,1.006436526594150549e-11,9.999999999899357173e-01,1.006436526594150710e-11
9.999999999899356062e-01,1.006436526594150549e-11,9.999999999899357173e-01,1.006436526594150710e-11
9.999999999899356062e-01,1.006436526594150549e-11,9.999999999899357173e-01,1.006436526594150710e-11
9.999999999899356062e-01,1.006436526594150549e-11,9.999999999899357173e-01,1.006436526594150710e-11
9.999999999899356062e-01,1.006436526594150549e-11,9.999999999899357173e-01,1.006436526594150710e-11
9.999999999899356062e-01,1.006436526594150549e-11,9.999999999899357173e-01,1.006436526594150710e-11
9.999999999899356062e-01,1.006436526594150549e-11,9.999999999899357173e-01,1.006436526594150710e-11
9.999999999899356062e-01,1.006436526594150549e-11,9.999999999899357173e-01,1.006436526594150710e-11
9.999999999899356062e-01,1.006436526594150549e-11,9.999999999899357173e-01,1.006436526594150710e-11
9.999999999899356062e-01,1.006436526594150549e-11,9.999999999899357173e-01,1.006436526594150710e-11
9.999999999899356062e-01,1.006436526594150549e-11,9.999999999899357173e-01,1.006436526594150710e-11
9.999999999899356062e-01,1.006436526594150549e-11,9.999999999899357173e-01,1.006436526594150710e-11
9.999999999899356062e-01,1.006436526594150549e-11,9.999999999899357173e-01,1.006436526594150710e-11
9.999999999899356062e-01,1.006436526594150549e-11,9.999999999899357173e-01,1.006436526594150710e-11
9.999999999899356062e-01,1.006436526594150549e-11,9.999999999899357173e-01,1.006436526594150710e-11
9.999999999899356062e-01,1.006436526594150549e-11,9.999999999899357173e-01,1.006436526594150710e-11
9.999999999899356062e-01,1.006436526594150549e-11,9.999999999899357173e-01,1.006436526594150710e-11
9.999999999899356062e-01,1.006436526594150549e-11,9.999999999899357173e-01,1.006436526594150710e-11
9.999999999899356062e-01,1.006436526594150549e-11,9.999999999899357173e-01,1.006436526594150710e-11
9.999999999899356062e-01,1.006436526594150549e-11,9.999999999899357173e-01,1.006436526594150710e-11
9.999999999899356062e-01,1.006436526594150549e-11,9.999999999899357173e-01,1.006436526594150710e-11
9.999999999899356062e-01,1.006436526594150549e-11,9.999999999899357173e-01,1.006436526594150710e-11
9.999999999899356062e-01,1.006436526594150549e-11,9.999999999899357173e-01,1.006436526594150710e-11
9.999999999899356062e-01,1.006436526594150549e-11,9.999999999899357173e-01,1.006436526594150710e-11
9.999999999899356062e-01,1.006436526594150549e-11,9.999999999899357173e-01,1.006436526594150710e-11
9.999999999899356062e-01,1.006436526594150549e-11,9.999999999899357173e-01,1.006436526594150710e-11
9.999999999899356062e-01,1.006436526594150549e-11,9.999999999899357173e-01,1.006436526594150710e-11
9.999999999899356062e-01,1.006436526594150549e-11,9.999999999899357173e-01,1.006436526594150710e-11
9.999999999899356062e-01,1.006436526594150549e-11,9.999999999899357173e-01,1.006436526594150710e-11
9.999999999899356062e-01,1.006436526594150549e-11,9.999999999899357173e-01,1.006436526594150710e-11
9.999999998902970866e-01,1.097029182965418691e-10,9.999999998902970866e-01,1.097029182965418691e-10
1.909432868935981247e-06,9.999980905671310705e-01,1.909432868935981247e-06,9.999980905671310705e-01
9.999999999899357173e-01,1.006436526594150710e-11,9.999999999899356062e-01,1.006436526594150549e-11
9.999999999899356062e-01,1.006436526594150549e-11,9.999999999899357173e-01,1.006436526594150710e-11
9.999999999899356062e-01,1.006436526594150549e-11,9.999999999899357173e-01,1.006436526594150710e-11
9.999999999899356062e-01,1.006436526594150549e-11,9.999999999899357173e-01,1.006436526594150710e-11
9.999999999899356062e-01,1.006436526594150549e-11,9.999999999899357173e-01,1.006436526594150710e-11
9.999999999899356062e-01,1.006436526594150549e-11,9.999999999899357173e-01,1.006436526594150710e-11
9.999999999899356062e-01,1.006436526594150549e-11,9.999999999899357173e-01,1.006436526594150710e-11
9.999999999899356062e-01,1.006436526594150549e-11,9.999999999899357173e-01,1.006436526594150710e-11
9.999999999899356062e-01,1.006436526594150549e-11,9.999999999899357173e-01,1.006436526594150710e-11
9.999999999899356062e-01,1.006436526594150549e-11,9.999999999899357173e-01,1.006436526594150710e-11
9.999999999899356062e-01,1.006436526594150549e-11,9.999999999899357173e-01,1.006436526594150710e-11
9.999999999899356062e-01,1.006436526594150549e-11,9.999999999899357173e-01,1.006436526594150710e-11
9.999999999899356062e-01,1.006436526594150549e-11,9.999999999899357173e-01,1.006436526594150710e-11
9.999999999899356062e-01,1.006436526594150549e-11,9.999999999899357173e-01,1.006436526594150710e-11
9.999999999899356062e-01,1.006436526594150549e-11,9.999999999899357173e-01,1.006436526594150710e-11
9.999999999899356062e-01,1.006436526594150549e-11,9.999999999899357173e-01,1.006436526594150710e-11
9.999999999899356062e-01,1.006436526594150549e-11,9.999999999899357173e-01,1.006436526594150710e-11
9.999999999899356062e-01,1.006436526594150549e-11,9.999999999899357173e-01,1.006436526594150710e-11
9.999999999899356062e-01,1.006436526594150549e-11,9.999999999899357173e-01,1.006436526594150710e-11
9.999999999905299086e-01,9.470110775287381414e-12,9.999999999905299086e-01,9.470110775287381414e-12
9.999999999899356062e-01,1.006436526594150549e-11,9.999999999899357173e-01,1.006436526594150710e-11
9.999999999899356062e-01,1.006436526594150549e-11,9.999999999899357173e-01,1.006436526594150710e-11
9.999999999899356062e-01,1.006436526594150549e-11,9.999999999899357173e-01,1.006436526594150710e-11
9.999999999899356062e-01,1.006436526594150549e-11,9.999999999899357173e-01,1.006436526594150710e-11
9.999999999899356062e-01,1.006436526594150549e-11,9.999999999899357173e-01,1.006436526594150710e-11
9.999999999899356062e-01,1.006436526594150549e-11,9.999999999899357173e-01,1.006436526594150710e-11
9.999999999899356062e-01,1.006436526594150549e-11,9.999999999899357173e-01,1.006436526594150710e-11
9.999999999899356062e-01,1.006436526594150549e-11,9.999999999899357173e-01,1.006436526594150710e-11
9.999999999899356062e-01,1.006436526594150549e-11,9.999999999899357173e-01,1.006436526594150710e-11
9.999999999899356062e-01,1.006436526594150549e-11,9.999999999899357173e-01,1.006436526594150710e-11
9.999999999899356062e-01,1.006436526594150549e-11,9.999999999899357173e-01,1.006436526594150710e-11
9.999999999899356062e-01,1.006436526594150549e-11,9.999999999899357173e-01,1.006436526594150710e-11
9.999999999899356062e-01,1.006436526594150549e-11,9.999999999899357173e-01,1.006436526594150710e-11
9.999999999899356062e-01,1.006436526594150549e-11,9.999999999899357173e-01,1.006436526594150710e-11
9.999999999899356062e-01,1.006436526594150549e-11,9.999999999899357173e-01,1.006436526594150710e-11
9.999999999899356062e-01,1.006436526594150549e-11,9.999999999899357173e-01,1.006436526594150710e-11
9.999999999899356062e-01,1.006436526594150549e-11,9.999999999899357173e-01,1.006436526594150710e-11
9.999999999899356062e-01,1.006436526594150549e-11,9.999999999899357173e-01,1.006436526594150710e-11
9.999999999899356062e-01,1.006436526594150549e-11,9.999999999899357173e-01,1.006436526594150710e-11
9.999999999899356062e-01,1.006436526594150549e-11,9.999999999899357173e-01,1.006436526594150710e-11
9.999999999899356062e-01,1.006436526594150549e-11,9.999999999899357173e-01,1.006436526594150710e-11
9.999999999899356062e-01,1.006436526594150549e-11,9.999999999899357173e-01,1.006436526594150710e-11
9.999999999955432317e-01,4.456731138826037149e-12,9.999999999955433427e-01,4.456731138826037957e-12
9.999999999899356062e-01,1.006436526594150549e-11,9.999999999899356062e-01,1.006436526594150387e-11
9.999999999899356062e-01,1.006436526594150549e-11,9.999999999899357173e-01,1.006436526594150710e-11
9.999999999899356062e-01,1.006436526594150549e-11,9.999999999899357173e-01,1.006436526594150710e-11
9.999999999899356062e-01,1.006436526594150549e-11,9.999999999899357173e-01,1.006436526594150710e-11
9.999999999899356062e-01,1.006436526594150549e-11,9.999999999899357173e-01,1.006436526594150710e-11
9.999999999899356062e-01,1.006436526594150549e-11,9.999999999899357173e-01,1.006436526594150710e-11
9.999999999899356062e-01,1.006436526594150549e-11,9.999999999899357173e-01,1.006436526594150710e-11
9.999999999905299086e-01,9.470110775287381414e-12,9.999999999905299086e-01,9.470110775287381414e-12
9.999999999899356062e-01,1.006436526594150549e-11,9.999999999899357173e-01,1.006436526594150710e-11
9.999999999899356062e-01,1.006436526594150549e-11,9.999999999899357173e-01,1.006436526594150710e-11
9.999999999899356062e-01,1.006436526594150549e-11,9.999999999899357173e-01,1.006436526594150710e-11
9.999999999899356062e-01,1.006436526594150549e-11,9.999999999899357173e-01,1.006436526594150710e-11
9.999999999899356062e-01,1.006436526594150549e-11,9.999999999899357173e-01,1.006436526594150710e-11
9.999999999899356062e-01,1.006436526594150549e-11,9.999999999899357173e-01,1.006436526594150710e-11
9.999999999899356062e-01,1.006436526594150549e-11,9.999999999899357173e-01,1.006436526594150710e-11
9.999999999899356062e-01,1.006436526594150549e-11,9.999999999899357173e-01,1.006436526594150710e-11
9.999999999899356062e-01,1.006436526594150549e-11,9.999999999899357173e-01,1.006436526594150710e-11
9.999999999899356062e-01,1.006436526594150549e-11,9.999999999899357173e-01,1.006436526594150710e-11
9.999999999899356062e-01,1.006436526594150549e-11,9.999999999899357173e-01,1.006436526594150710e-11
9.999999999899356062e-01,1.006436526594150549e-11,9.999999999899357173e-01,1.006436526594150710e-11
9.999999999899356062e-01,1.006436526594150549e-11,9.999999999899357173e-01,1.006436526594150710e-11
9.999999999899356062e-01,1.006436526594150549e-11,9.999999999899357173e-01,1.006436526594150710e-11
9.999999999899356062e-01,1.006436526594150549e-11,9.999999999899357173e-01,1.006436526594150710e-11
9.999999999899356062e-01,1.006436526594150549e-11,9.999999999899357173e-01,1.006436526594150710e-11
9.999999999899356062e-01,1.006436526594150549e-11,9.999999999899357173e-01,1.006436526594150710e-11
9.999999999899356062e-01,1.006436526594150549e-11,9.999999999899357173e-01,1.006436526594150710e-11
9.999999999899356062e-01,1.006436526594150549e-11,9.999999999899357173e-01,1.006436526594150710e-11
9.999999999899356062e-01,1.006436526594150549e-11,9.999999999899357173e-01,1.006436526594150710e-11
9.999999999899356062e-01,1.006436526594150549e-11,9.999999999899357173e-01,1.006436526594150710e-11
9.999999999899356062e-01,1.006436526594150549e-11,9.999999999899357173e-01,1.006436526594150710e-11
9.999999999899356062e-01,1.006436526594150549e-11,9.999999999899357173e-01,1.006436526594150710e-11
9.999999999899356062e-01,1.006436526594150549e-11,9.999999999899357173e-01,1.006436526594150710e-11
9.999999999899356062e-01,1.006436526594150549e-11,9.999999999899357173e-01,1.006436526594150710e-11
9.999999999899356062e-01,1.006436526594150549e-11,9.999999999899357173e-01,1.006436526594150710e-11
9.999999999899356062e-01,1.006436526594150549e-11,9.999999999899357173e-01,1.006436526594150710e-11
9.999999999899356062e-01,1.006436526594150549e-11,9.999999999899357173e-01,1.006436526594150710e-11
9.999999999899356062e-01,1.006436526594150549e-11,9.999999999899357173e-01,1.006436526594150710e-11
9.999999999899356062e-01,1.006436526594150549e-11,9.999999999899357173e-01,1.006436526594150710e-11
9.999999999899356062e-01,1.006436526594150549e-11,9.999999999899357173e-01,1.006436526594150710e-11
9.999999999899356062e-01,1.006436526594150549e-11,9.999999999899357173e-01,1.006436526594150710e-11
9.999999999899356062e-01,1.006436526594150549e-11,9.999999999899357173e-01,1.006436526594150710e-11
9.999999999899356062e-01,1.006436526594150549e-11,9.999999999899357173e-01,1.006436526594150710e-11
9.999999999899356062e-01,1.006436526594150549e-11,9.999999999899357173e-01,1.006436526594150710e-11
9.999999999899356062e-01,1.006436526594150549e-11,9.999999999899357173e-01,1.006436526594150710e-11
9.999999999899356062e-01,1.006436526594150549e-11,9.999999999899357173e-01,1.006436526594150710e-11
9.999999999899356062e-01,1.006436526594150549e-11,9.999999999899357173e-01,1.006436526594150710e-11
9.999999999899356062e-01,1.006436526594150549e-11,9.999999999899357173e-01,1.006436526594150710e-11
9.999999999899356062e-01,1.006436526594150549e-11,9.999999999899357173e-01,1.006436526594150710e-11
9.999999999899356062e-01,1.006436526594150549e-11,9.999999999899357173e-01,1.006436526594150710e-11
9.999999999899356062e-01,1.006436526594150549e-11,9.999999999899357173e-01,1.006436526594150710e-11
9.999999999899356062e-01,1.006436526594150549e-11,9.999999999899357173e-01,1.006436526594150710e-11
9.999999999899356062e-01,1.006436526594150549e-11,9.999999999899357173e-01,1.006436526594150710e-11
9.999999999899356062e-01,1.006436526594150549e-11,9.999999999899357173e-01,1.006436526594150710e-11
9.999999999899356062e-01,1.006436526594150549e-11,9.999999999899357173e-01,1.006436526594150710e-11
9.999999999899356062e-01,1.006436526594150549e-11,9.999999999899357173e-01,1.006436526594150710e-11
9.999999999899356062e-01,1.006436526594150549e-11,9.999999999899357173e-01,1.006436526594150710e-11
9.999999999899356062e-01,1.006436526594150549e-11,9.999999999899357173e-01,1.006436526594150710e-11
9.999999999899356062e-01,1.006436526594150549e-11,9.999999999899357173e-01,1.006436526594150710e-11
9.999999999953544938e-01,4.645487461669452078e-12,9.999999999953546048e-01,4.645487461669452078e-12
9.999999999899356062e-01,1.006436526594150549e-11,9.999999999899354952e-01,1.006436526594150549e-11
9.999999999899356062e-01,1.006436526594150549e-11,9.999999999899357173e-01,1.006436526594150710e-11
9.999999999899356062e-01,1.006436526594150549e-11,9.999999999899357173e-01,1.006436526594150710e-11
9.999999999899356062e-01,1.006436526594150549e-11,9.999999999899357173e-01,1.006436526594150710e-11
9.999999999899356062e-01,1.006436526594150549e-11,9.999999999899357173e-01,1.006436526594150710e-11
9.999999999899356062e-01,1.006436526594150549e-11,9.999999999899357173e-01,1.006436526594150710e-11
9.999999999899356062e-01,1.006436526594150549e-11,9.999999999899357173e-01,1.006436526594150710e-11
9.999999999899356062e-01,1.006436526594150549e-11,9.999999999899357173e-01,1.006436526594150710e-11
9.999999999899356062e-01,1.006436526594150549e-11,9.999999999899357173e-01,1.006436526594150710e-11
9.999999999899356062e-01,1.006436526594150549e-11,9.999999999899357173e-01,1.006436526594150710e-11
9.999999999899356062e-01,1.006436526594150549e-11,9.999999999899357173e-01,1.006436526594150710e-11
9.999999999899356062e-01,1.006436526594150549e-11,9.999999999899357173e-01,1.006436526594150710e-11
9.999999999955432317e-01,4.456731138826037149e-12,9.999999999955433427e-01,4.456731138826037957e-12
9.999999999899356062e-01,1.006436526594150549e-11,9.999999999899356062e-01,1.006436526594150387e-11
9.999999999952834395e-01,4.716556624679471874e-12,9.999999999952834395e-01,4.716556624679471874e-12
9.999999999899356062e-01,1.006436526594150549e-11,9.999999999899356062e-01,1.006436526594150710e-11
9.999999999899356062e-01,1.006436526594150549e-11,9.999999999899357173e-01,1.006436526594150710e-11
9.999999999899356062e-01,1.006436526594150549e-11,9.999999999899357173e-01,1.006436526594150710e-11
9.999999999910679227e-01,8.932022517738109090e-12,9.999999999910680337e-01,8.932022517738110705e-12
9.999999999926451055e-01,7.354885591305519385e-12,9.999999999926449945e-01,7.354885591305519385e-12
9.999999999905299086e-01,9.470110775287381414e-12,9.999999999905299086e-01,9.470110775287383029e-12
9.999999999899356062e-01,1.006436526594150549e-11,9.999999999899357173e-01,1.006436526594150710e-11
9.999999999910679227e-01,8.932022517738109090e-12,9.999999999910680337e-01,8.932022517738110705e-12
9.999999999908945059e-01,9.105508767128303057e-12,9.999999999908945059e-01,9.105508767128303057e-12
9.999999999918550708e-01,8.144940324079871441e-12,9.999999999918550708e-01,8.144940324079871441e-12
9.999999999933920636e-01,6.607938860822676397e-12,9.999999999933920636e-01,6.607938860822674782e-12
9.999999999939095385e-01,6.090412875540696765e-12,9.999999999939095385e-01,6.090412875540696765e-12
9.999999999908943948e-01,9.105508767128301442e-12,9.999999999908943948e-01,9.105508767128303057e-12
9.999999999949931162e-01,5.006829722137265452e-12,9.999999999949931162e-01,5.006829722137264645e-12
9.999999999913984361e-01,8.601674835794415783e-12,9.999999999913982140e-01,8.601674835794414168e-12
9.999999999899356062e-01,1.006436526594150549e-11,9.999999999899357173e-01,1.006436526594150710e-11
9.999999999922692950e-01,7.730700947606279369e-12,9.999999999922692950e-01,7.730700947606277753e-12
9.999999999899356062e-01,1.006436526594150549e-11,9.999999999899356062e-01,1.006436526594150387e-11
9.999999999899356062e-01,1.006436526594150549e-11,9.999999999899357173e-01,1.006436526594150710e-11
9.999999999899356062e-01,1.006436526594150549e-11,9.999999999899357173e-01,1.006436526594150710e-11
9.999999999899356062e-01,1.006436526594150549e-11,9.999999999899357173e-01,1.006436526594150710e-11
9.999999999899356062e-01,1.006436526594150549e-11,9.999999999899357173e-01,1.006436526594150710e-11
9.999999999899356062e-01,1.006436526594150549e-11,9.999999999899357173e-01,1.006436526594150710e-11
9.999999999899356062e-01,1.006436526594150549e-11,9.999999999899357173e-01,1.006436526594150710e-11
9.999999999899356062e-01,1.006436526594150549e-11,9.999999999899357173e-01,1.006436526594150710e-11
9.999999999899356062e-01,1.006436526594150549e-11,9.999999999899357173e-01,1.006436526594150710e-11
9.999999999946544982e-01,5.345521493554953680e-12,9.999999999946544982e-01,5.345521493554953680e-12
9.999999999899356062e-01,1.006436526594150549e-11,9.999999999899357173e-01,1.006436526594150710e-11
9.999999999899356062e-01,1.006436526594150549e-11,9.999999999899357173e-01,1.006436526594150710e-11
9.999999999899356062e-01,1.006436526594150549e-11,9.999999999899357173e-01,1.006436526594150710e-11
9.999999999899356062e-01,1.006436526594150549e-11,9.999999999899357173e-01,1.006436526594150710e-11
9.999999999899356062e-01,1.006436526594150549e-11,9.999999999899357173e-01,1.006436526594150710e-11
9.999999999899356062e-01,1.006436526594150549e-11,9.999999999899357173e-01,1.006436526594150710e-11
9.999999999899356062e-01,1.006436526594150549e-11,9.999999999899357173e-01,1.006436526594150710e-11
9.999999999899356062e-01,1.006436526594150549e-11,9.999999999899357173e-01,1.006436526594150710e-11
9.999999999899356062e-01,1.006436526594150549e-11,9.999999999899357173e-01,1.006436526594150710e-11
9.999999999953218532e-01,4.678158430719900854e-12,9.999999999953218532e-01,4.678158430719900854e-12
9.999999999899356062e-01,1.006436526594150549e-11,9.999999999899356062e-01,1.006436526594150549e-11
9.999999999899356062e-01,1.006436526594150549e-11,9.999999999899357173e-01,1.006436526594150710e-11
9.999999999899356062e-01,1.006436526594150549e-11,9.999999999899357173e-01,1.006436526594150710e-11
9.999999999899356062e-01,1.006436526594150549e-11,9.999999999899357173e-01,1.006436526594150710e-11
9.999999999899356062e-01,1.006436526594150549e-11,9.999999999899357173e-01,1.006436526594150710e-11
9.999999999948926410e-01,5.107369090437681211e-12,9.999999999948925300e-01,5.107369090437680403e-12
9.999999999899356062e-01,1.006436526594150549e-11,9.999999999899356062e-01,1.006436526594150710e-11
9.999999999899356062e-01,1.006436526594150549e-11,9.999999999899357173e-01,1.006436526594150710e-11
9.999999999899356062e-01,1.006436526594150549e-11,9.999999999899357173e-01,1.006436526594150710e-11
9.999999999899356062e-01,1.006436526594150549e-11,9.999999999899357173e-01,1.006436526594150710e-11
9.999999999899356062e-01,1.006436526594150549e-11,9.999999999899357173e-01,1.006436526594150710e-11
9.999999999899356062e-01,1.006436526594150549e-11,9.999999999899357173e-01,1.006436526594150710e-11
9.999999999899356062e-01,1.006436526594150549e-11,9.999999999899357173e-01,1.006436526594150710e-11
9.999999999899356062e-01,1.006436526594150549e-11,9.999999999899357173e-01,1.006436526594150710e-11
9.999999999899356062e-01,1.006436526594150549e-11,9.999999999899357173e-01,1.006436526594150710e-11
9.999999999899356062e-01,1.006436526594150549e-11,9.999999999899357173e-01,1.006436526594150710e-11
9.999999999899356062e-01,1.006436526594150549e-11,9.999999999899357173e-01,1.006436526594150710e-11
9.999999999899356062e-01,1.006436526594150549e-11,9.999999999899357173e-01,1.006436526594150710e-11
9.999999999899356062e-01,1.006436526594150549e-11,9.999999999899357173e-01,1.006436526594150710e-11
9.999999999899356062e-01,1.006436526594150549e-11,9.999999999899357173e-01,1.006436526594150710e-11
9.999999999899356062e-01,1.006436526594150549e-11,9.999999999899357173e-01,1.006436526594150710e-11
9.999999999899356062e-01,1.006436526594150549e-11,9.999999999899357173e-01,1.006436526594150710e-11
9.999999999899356062e-01,1.006436526594150549e-11,9.999999999899357173e-01,1.006436526594150710e-11
9.999999999899356062e-01,1.006436526594150549e-11,9.999999999899357173e-01,1.006436526594150710e-11
9.999999999899356062e-01,1.006436526594150549e-11,9.999999999899357173e-01,1.006436526594150710e-11
9.999999999899356062e-01,1.006436526594150549e-11,9.999999999899357173e-01,1.006436526594150710e-11
9.999999999899356062e-01,1.006436526594150549e-11,9.999999999899357173e-01,1.006436526594150710e-11
9.999999999899356062e-01,1.006436526594150549e-11,9.999999999899357173e-01,1.006436526594150710e-11
9.999999999899356062e-01,1.006436526594150549e-11,9.999999999899357173e-01,1.006436526594150710e-11
9.999999999899356062e-01,1.006436526594150549e-11,9.999999999899357173e-01,1.006436526594150710e-11
9.999999999899356062e-01,1.006436526594150549e-11,9.999999999899357173e-01,1.006436526594150710e-11
9.999999999899356062e-01,1.006436526594150549e-11,9.999999999899357173e-01,1.006436526594150710e-11
9.999999999899356062e-01,1.006436526594150549e-11,9.999999999899357173e-01,1.006436526594150710e-11
9.999999999899356062e-01,1.006436526594150549e-11,9.999999999899357173e-01,1.006436526594150710e-11
9.999999999899356062e-01,1.006436526594150549e-11,9.999999999899357173e-01,1.006436526594150710e-11
9.999999999899356062e-01,1.006436526594150549e-11,9.999999999899357173e-01,1.006436526594150710e-11
9.999999999899356062e-01,1.006436526594150549e-11,9.999999999899357173e-01,1.006436526594150710e-11
9.999999999899356062e-01,1.006436526594150549e-11,9.999999999899357173e-01,1.006436526594150710e-11
9.999999999899356062e-01,1.006436526594150549e-11,9.999999999899357173e-01,1.006436526594150710e-11
9.999999999932954742e-01,6.704528807953964017e-12,9.999999999932954742e-01,6.704528807953964017e-12
9.999999999952834395e-01,4.716556624679471874e-12,9.999999999952835505e-01,4.716556624679472682e-12
9.999999999899356062e-01,1.006436526594150549e-11,9.999999999899356062e-01,1.006436526594150710e-11
9.999999999899356062e-01,1.006436526594150549e-11,9.999999999899357173e-01,1.006436526594150710e-11
9.999999999899356062e-01,1.006436526594150549e-11,9.999999999899357173e-01,1.006436526594150710e-11
9.999999999899356062e-01,1.006436526594150549e-11,9.999999999899357173e-01,1.006436526594150710e-11
9.999999999899356062e-01,1.006436526594150549e-11,9.999999999899357173e-01,1.006436526594150710e-11
9.999999999899356062e-01,1.006436526594150549e-11,9.999999999899357173e-01,1.006436526594150710e-11
9.999999999899356062e-01,1.006436526594150549e-11,9.999999999899357173e-01,1.006436526594150710e-11
9.999999999899356062e-01,1.006436526594150549e-11,9.999999999899357173e-01,1.006436526594150710e-11
9.999999999899356062e-01,1.006436526594150549e-11,9.999999999899357173e-01,1.006436526594150710e-11
9.999999999899356062e-01,1.006436526594150549e-11,9.999999999899357173e-01,1.006436526594150710e-11
9.999999999899356062e-01,1.006436526594150549e-11,9.999999999899357173e-01,1.006436526594150710e-11
9.999999999933920636e-01,6.607938860822676397e-12,9.999999999933921746e-01,6.607938860822676397e-12
9.999999999905297976e-01,9.470110775287381414e-12,9.999999999905297976e-01,9.470110775287381414e-12
9.999999999899356062e-01,1.006436526594150549e-11,9.999999999899357173e-01,1.006436526594150710e-11
9.999999999899356062e-01,1.006436526594150549e-11,9.999999999899357173e-01,1.006436526594150710e-11
9.999999999899356062e-01,1.006436526594150549e-11,9.999999999899357173e-01,1.006436526594150710e-11
9.999999999899356062e-01,1.006436526594150549e-11,9.999999999899357173e-01,1.006436526594150710e-11
9.999999999953218532e-01,4.678158430719900854e-12,9.999999999953218532e-01,4.678158430719900854e-12
9.999999999936636241e-01,6.336410936379218529e-12,9.999999999936636241e-01,6.336410936379218529e-12
9.999999999899356062e-01,1.006436526594150549e-11,9.999999999899356062e-01,1.006436526594150549e-11
9.999999999899356062e-01,1.006436526594150549e-11,9.999999999899357173e-01,1.006436526594150710e-11
9.999999999899356062e-01,1.006436526594150549e-11,9.999999999899357173e-01,1.006436526594150710e-11
9.999999999899356062e-01,1.006436526594150549e-11,9.999999999899357173e-01,1.006436526594150710e-11
9.999999999899356062e-01,1.006436526594150549e-11,9.999999999899357173e-01,1.006436526594150710e-11
9.999999999899356062e-01,1.006436526594150549e-11,9.999999999899357173e-01,1.006436526594150710e-11
9.999999999899356062e-01,1.006436526594150549e-11,9.999999999899357173e-01,1.006436526594150710e-11
9.999999999899356062e-01,1.006436526594150549e-11,9.999999999899357173e-01,1.006436526594150710e-11
9.999999999899356062e-01,1.006436526594150549e-11,9.999999999899357173e-01,1.006436526594150710e-11
9.999999999899356062e-01,1.006436526594150549e-11,9.999999999899357173e-01,1.006436526594150710e-11
9.999999999952163821e-01,4.783576317964525966e-12,9.999999999952164931e-01,4.783576317964526774e-12
9.999999999899356062e-01,1.006436526594150549e-11,9.999999999899356062e-01,1.006436526594150549e-11
9.999999999899356062e-01,1.006436526594150549e-11,9.999999999899357173e-01,1.006436526594150710e-11
9.999999999899356062e-01,1.006436526594150549e-11,9.999999999899357173e-01,1.006436526594150710e-11
9.999999999899356062e-01,1.006436526594150549e-11,9.999999999899357173e-01,1.006436526594150710e-11
9.999999999899356062e-01,1.006436526594150549e-11,9.999999999899357173e-01,1.006436526594150710e-11
9.999999999899356062e-01,1.006436526594150549e-11,9.999999999899357173e-01,1.006436526594150710e-11
9.999999999899356062e-01,1.006436526594150549e-11,9.999999999899357173e-01,1.006436526594150710e-11
9.999999999899356062e-01,1.006436526594150549e-11,9.999999999899357173e-01,1.006436526594150710e-11
9.999999999899356062e-01,1.006436526594150549e-11,9.999999999899357173e-01,1.006436526594150710e-11
9.999999999899356062e-01,1.006436526594150549e-11,9.999999999899357173e-01,1.006436526594150710e-11
9.999999999899356062e-01,1.006436526594150549e-11,9.999999999899357173e-01,1.006436526594150710e-11
9.999999999899356062e-01,1.006436526594150549e-11,9.999999999899357173e-01,1.006436526594150710e-11
9.999999999899356062e-01,1.006436526594150549e-11,9.999999999899357173e-01,1.006436526594150710e-11
9.999999999899356062e-01,1.006436526594150549e-11,9.999999999899357173e-01,1.006436526594150710e-11
9.999999999899356062e-01,1.006436526594150549e-11,9.999999999899357173e-01,1.006436526594150710e-11
9.999999999899356062e-01,1.006436526594150549e-11,9.999999999899357173e-01,1.006436526594150710e-11
9.999999999899356062e-01,1.006436526594150549e-11,9.999999999899357173e-01,1.006436526594150710e-11
9.999999999899356062e-01,1.006436526594150549e-11,9.999999999899357173e-01,1.006436526594150710e-11
9.999999999899356062e-01,1.006436526594150549e-11,9.999999999899357173e-01,1.006436526594150710e-11
9.999999999899356062e-01,1.006436526594150549e-11,9.999999999899357173e-01,1.006436526594150710e-11
9.999999999899356062e-01,1.006436526594150549e-11,9.999999999899357173e-01,1.006436526594150710e-11
9.999999999899356062e-01,1.006436526594150549e-11,9.999999999899357173e-01,1.006436526594150710e-11
9.999999999899356062e-01,1.006436526594150549e-11,9.999999999899357173e-01,1.006436526594150710e-11
9.999999999955387908e-01,4.461220696168341326e-12,9.999999999955387908e-01,4.461220696168342134e-12
9.999999999899356062e-01,1.006436526594150549e-11,9.999999999899356062e-01,1.006436526594150710e-11
9.999999999899356062e-01,1.006436526594150549e-11,9.999999999899357173e-01,1.006436526594150710e-11
9.999999999948926410e-01,5.107369090437681211e-12,9.999999999948925300e-01,5.107369090437681211e-12
9.999999999919977345e-01,8.002350202457409247e-12,9.999999999919976235e-01,8.002350202457409247e-12
9.999999999899356062e-01,1.006436526594150549e-11,9.999999999899356062e-01,1.006436526594150549e-11
9.999999999899356062e-01,1.006436526594150549e-11,9.999999999899357173e-01,1.006436526594150710e-11
9.999999999899356062e-01,1.006436526594150549e-11,9.999999999899357173e-01,1.006436526594150710e-11
9.999999999899356062e-01,1.006436526594150549e-11,9.999999999899357173e-01,1.006436526594150710e-11
9.999999999899356062e-01,1.006436526594150549e-11,9.999999999899357173e-01,1.006436526594150710e-11
9.999999999899356062e-01,1.006436526594150549e-11,9.999999999899357173e-01,1.006436526594150710e-11
9.999999999899356062e-01,1.006436526594150549e-11,9.999999999899357173e-01,1.006436526594150710e-11
9.999999999899356062e-01,1.006436526594150549e-11,9.999999999899357173e-01,1.006436526594150710e-11
9.999999999899356062e-01,1.006436526594150549e-11,9.999999999899357173e-01,1.006436526594150710e-11
9.999999999899356062e-01,1.006436526594150549e-11,9.999999999899357173e-01,1.006436526594150710e-11
9.999999999899356062e-01,1.006436526594150549e-11,9.999999999899357173e-01,1.006436526594150710e-11
9.999999999899356062e-01,1.006436526594150549e-11,9.999999999899357173e-01,1.006436526594150710e-11
9.999999999899356062e-01,1.006436526594150549e-11,9.999999999899357173e-01,1.006436526594150710e-11
9.999999999906338255e-01,9.366147880958001830e-12,9.999999999906338255e-01,9.366147880958001830e-12
9.999999999899356062e-01,1.006436526594150549e-11,9.999999999899356062e-01,1.006436526594150549e-11
9.999999999899356062e-01,1.006436526594150549e-11,9.999999999899357173e-01,1.006436526594150710e-11
9.999999999899356062e-01,1.006436526594150549e-11,9.999999999899357173e-01,1.006436526594150710e-11
9.999999999955432317e-01,4.456731138826037149e-12,9.999999999955433427e-01,4.456731138826037957e-12
9.999999999899356062e-01,1.006436526594150549e-11,9.999999999899356062e-01,1.006436526594150387e-11
9.999999999899356062e-01,1.006436526594150549e-11,9.999999999899357173e-01,1.006436526594150710e-11
9.999999999899356062e-01,1.006436526594150549e-11,9.999999999899357173e-01,1.006436526594150710e-11
9.999999999899356062e-01,1.006436526594150549e-11,9.999999999899357173e-01,1.006436526594150710e-11
9.999999999899356062e-01,1.006436526594150549e-11,9.999999999899357173e-01,1.006436526594150710e-11
9.999999999899356062e-01,1.006436526594150549e-11,9.999999999899357173e-01,1.006436526594150710e-11
9.999999999899356062e-01,1.006436526594150549e-11,9.999999999899357173e-01,1.006436526594150710e-11
9.999999999899356062e-01,1.006436526594150549e-11,9.999999999899357173e-01,1.006436526594150710e-11
9.999999999899356062e-01,1.006436526594150549e-11,9.999999999899357173e-01,1.006436526594150710e-11
9.999999999899356062e-01,1.006436526594150549e-11,9.999999999899357173e-01,1.006436526594150710e-11
9.999999999899356062e-01,1.006436526594150549e-11,9.999999999899357173e-01,1.006436526594150710e-11
9.999999999899356062e-01,1.006436526594150549e-11,9.999999999899357173e-01,1.006436526594150710e-11
9.999999999899356062e-01,1.006436526594150549e-11,9.999999999899357173e-01,1.006436526594150710e-11
9.999999999899356062e-01,1.006436526594150549e-11,9.999999999899357173e-01,1.006436526594150710e-11
9.999999999899356062e-01,1.006436526594150549e-11,9.999999999899357173e-01,1.006436526594150710e-11
9.999999999954932717e-01,4.506725468282261001e-12,9.999999999954932717e-01,4.506725468282260194e-12
9.999999999899356062e-01,1.006436526594150549e-11,9.999999999899356062e-01,1.006436526594150710e-11
9.999999999899356062e-01,1.006436526594150549e-11,9.999999999899357173e-01,1.006436526594150710e-11
9.999999999899356062e-01,1.006436526594150549e-11,9.999999999899357173e-01,1.006436526594150710e-11
9.999999999899356062e-01,1.006436526594150549e-11,9.999999999899357173e-01,1.006436526594150710e-11
9.999999999899356062e-01,1.006436526594150549e-11,9.999999999899357173e-01,1.006436526594150710e-11
9.999999999899356062e-01,1.006436526594150549e-11,9.999999999899357173e-01,1.006436526594150710e-11
9.999999999899356062e-01,1.006436526594150549e-11,9.999999999899357173e-01,1.006436526594150710e-11
9.999999999899356062e-01,1.006436526594150549e-11,9.999999999899357173e-01,1.006436526594150710e-11
9.999999999899356062e-01,1.006436526594150549e-11,9.999999999899357173e-01,1.006436526594150710e-11
9.999999999899356062e-01,1.006436526594150549e-11,9.999999999899357173e-01,1.006436526594150710e-11
9.999999999899356062e-01,1.006436526594150549e-11,9.999999999899357173e-01,1.006436526594150710e-11
9.999999999899356062e-01,1.006436526594150549e-11,9.999999999899357173e-01,1.006436526594150710e-11
9.999999999899356062e-01,1.006436526594150549e-11,9.999999999899357173e-01,1.006436526594150710e-11
9.999999999899356062e-01,1.006436526594150549e-11,9.999999999899357173e-01,1.006436526594150710e-11
9.999999999899356062e-01,1.006436526594150549e-11,9.999999999899357173e-01,1.006436526594150710e-11
9.999999999899356062e-01,1.006436526594150549e-11,9.999999999899357173e-01,1.006436526594150710e-11
9.999999999899356062e-01,1.006436526594150549e-11,9.999999999899357173e-01,1.006436526594150710e-11
9.999999999899356062e-01,1.006436526594150549e-11,9.999999999899357173e-01,1.006436526594150710e-11
9.999999999899356062e-01,1.006436526594150549e-11,9.999999999899357173e-01,1.006436526594150710e-11
9.999999999899356062e-01,1.006436526594150549e-11,9.999999999899357173e-01,1.006436526594150710e-11
9.999999999899356062e-01,1.006436526594150549e-11,9.999999999899357173e-01,1.006436526594150710e-11
9.999999999899356062e-01,1.006436526594150549e-11,9.999999999899357173e-01,1.006436526594150710e-11
9.999999999899356062e-01,1.006436526594150549e-11,9.999999999899357173e-01,1.006436526594150710e-11
9.999999999899356062e-01,1.006436526594150549e-11,9.999999999899357173e-01,1.006436526594150710e-11
9.999999999899356062e-01,1.006436526594150549e-11,9.999999999899357173e-01,1.006436526594150710e-11
9.999999999899356062e-01,1.006436526594150549e-11,9.999999999899357173e-01,1.006436526594150710e-11
9.999999999899356062e-01,1.006436526594150549e-11,9.999999999899357173e-01,1.006436526594150710e-11
9.999999999945707874e-01,5.429193516163432098e-12,9.999999999945708984e-01,5.429193516163432098e-12
9.999999999899356062e-01,1.006436526594150549e-11,9.999999999899356062e-01,1.006436526594150549e-11
9.999999999899356062e-01,1.006436526594150549e-11,9.999999999899357173e-01,1.006436526594150710e-11
9.999999999899356062e-01,1.006436526594150549e-11,9.999999999899357173e-01,1.006436526594150710e-11
9.999999999899356062e-01,1.006436526594150549e-11,9.999999999899357173e-01,1.006436526594150710e-11
9.999999999899356062e-01,1.006436526594150549e-11,9.999999999899357173e-01,1.006436526594150710e-11
9.999999999899356062e-01,1.006436526594150549e-11,9.999999999899357173e-01,1.006436526594150710e-11
9.999999999951034724e-01,4.896557034193483427e-12,9.999999999951034724e-01,4.896557034193483427e-12
9.999999999899356062e-01,1.006436526594150549e-11,9.999999999899356062e-01,1.006436526594150549e-11
9.999999999899356062e-01,1.006436526594150549e-11,9.999999999899357173e-01,1.006436526594150710e-11
9.999999999899356062e-01,1.006436526594150549e-11,9.999999999899357173e-01,1.006436526594150710e-11
9.999999999899356062e-01,1.006436526594150549e-11,9.999999999899357173e-01,1.006436526594150710e-11
9.999999999899356062e-01,1.006436526594150549e-11,9.999999999899357173e-01,1.006436526594150710e-11
9.999999999899356062e-01,1.006436526594150549e-11,9.999999999899357173e-01,1.006436526594150710e-11
9.999999999899356062e-01,1.006436526594150549e-11,9.999999999899357173e-01,1.006436526594150710e-11
9.999999999899356062e-01,1.006436526594150549e-11,9.999999999899357173e-01,1.006436526594150710e-11
9.999999999899356062e-01,1.006436526594150549e-11,9.999999999899357173e-01,1.006436526594150710e-11
9.999999999899356062e-01,1.006436526594150549e-11,9.999999999899357173e-01,1.006436526594150710e-11
9.999999999899356062e-01,1.006436526594150549e-11,9.999999999899357173e-01,1.006436526594150710e-11
9.999999999899356062e-01,1.006436526594150549e-11,9.999999999899357173e-01,1.006436526594150710e-11
9.999999999899356062e-01,1.006436526594150549e-11,9.999999999899357173e-01,1.006436526594150710e-11
9.999999999899356062e-01,1.006436526594150549e-11,9.999999999899357173e-01,1.006436526594150710e-11
9.999999999899356062e-01,1.006436526594150549e-11,9.999999999899357173e-01,1.006436526594150710e-11
9.999999999899356062e-01,1.006436526594150549e-11,9.999999999899357173e-01,1.006436526594150710e-11
9.999999999899356062e-01,1.006436526594150549e-11,9.999999999899357173e-01,1.006436526594150710e-11
9.999999999899356062e-01,1.006436526594150549e-11,9.999999999899357173e-01,1.006436526594150710e-11
9.999999999899356062e-01,1.006436526594150549e-11,9.999999999899357173e-01,1.006436526594150710e-11
9.999999999899356062e-01,1.006436526594150549e-11,9.999999999899357173e-01,1.006436526594150710e-11
9.999999999899356062e-01,1.006436526594150549e-11,9.999999999899357173e-01,1.006436526594150710e-11
9.999999999899356062e-01,1.006436526594150549e-11,9.999999999899357173e-01,1.006436526594150710e-11
9.999999999942015272e-01,5.798478635386659122e-12,9.999999999942015272e-01,5.798478635386659122e-12
9.999999999899356062e-01,1.006436526594150549e-11,9.999999999899356062e-01,1.006436526594150710e-11
9.999999999899356062e-01,1.006436526594150549e-11,9.999999999899357173e-01,1.006436526594150710e-11
9.999999999905299086e-01,9.470110775287381414e-12,9.999999999905299086e-01,9.470110775287381414e-12
9.999999999899356062e-01,1.006436526594150549e-11,9.999999999899357173e-01,1.006436526594150710e-11
9.999999999899356062e-01,1.006436526594150549e-11,9.999999999899357173e-01,1.006436526594150710e-11
9.999999999899356062e-01,1.006436526594150549e-11,9.999999999899357173e-01,1.006436526594150710e-11
9.999999999899356062e-01,1.006436526594150549e-11,9.999999999899357173e-01,1.006436526594150710e-11
9.999999999899356062e-01,1.006436526594150549e-11,9.999999999899357173e-01,1.006436526594150710e-11
9.999999999899356062e-01,1.006436526594150549e-11,9.999999999899357173e-01,1.006436526594150710e-11
9.999999999899356062e-01,1.006436526594150549e-11,9.999999999899357173e-01,1.006436526594150710e-11
9.999999999899356062e-01,1.006436526594150549e-11,9.999999999899357173e-01,1.006436526594150710e-11
9.999999999899356062e-01,1.006436526594150549e-11,9.999999999899357173e-01,1.006436526594150710e-11
9.999999999951034724e-01,4.896557034193483427e-12,9.999999999951034724e-01,4.896557034193483427e-12
9.999999999899356062e-01,1.006436526594150549e-11,9.999999999899356062e-01,1.006436526594150549e-11
9.999999999899356062e-01,1.006436526594150549e-11,9.999999999899357173e-01,1.006436526594150710e-11
9.999999999899356062e-01,1.006436526594150549e-11,9.999999999899357173e-01,1.006436526594150710e-11
9.999999999951999508e-01,4.800040420001613782e-12,9.999999999951999508e-01,4.800040420001612974e-12
9.999999999899356062e-01,1.006436526594150549e-11,9.999999999899356062e-01,1.006436526594150710e-11
9.999999999906338255e-01,9.366147880958001830e-12,9.999999999906338255e-01,9.366147880958001830e-12
9.999999999899356062e-01,1.006436526594150549e-11,9.999999999899356062e-01,1.006436526594150549e-11
9.999999999899356062e-01,1.006436526594150549e-11,9.999999999899357173e-01,1.006436526594150710e-11
9.999999999899356062e-01,1.006436526594150549e-11,9.999999999899357173e-01,1.006436526594150710e-11
9.999999999894058078e-01,1.059421469923963425e-11,9.999999999894058078e-01,1.059421469923963264e-11
9.999999999899356062e-01,1.006436526594150549e-11,9.999999999899356062e-01,1.006436526594150549e-11
9.999999999899356062e-01,1.006436526594150549e-11,9.999999999899357173e-01,1.006436526594150710e-11
9.999999999952163821e-01,4.783576317964525966e-12,9.999999999952164931e-01,4.783576317964526774e-12
9.999999999899356062e-01,1.006436526594150549e-11,9.999999999899356062e-01,1.006436526594150549e-11
9.999999999899356062e-01,1.006436526594150549e-11,9.999999999899357173e-01,1.006436526594150710e-11
9.999999999899356062e-01,1.006436526594150549e-11,9.999999999899357173e-01,1.006436526594150710e-11
9.999999999899356062e-01,1.006436526594150549e-11,9.999999999899357173e-01,1.006436526594150710e-11
9.999999999899356062e-01,1.006436526594150549e-11,9.999999999899357173e-01,1.006436526594150710e-11
9.999999999944562123e-01,5.543774189631414125e-12,9.999999999944562123e-01,5.543774189631414933e-12
9.999999999899356062e-01,1.006436526594150549e-11,9.999999999899357173e-01,1.006436526594150710e-11
9.999999999899356062e-01,1.006436526594150549e-11,9.999999999899357173e-01,1.006436526594150710e-11
9.999999999899356062e-01,1.006436526594150549e-11,9.999999999899357173e-01,1.006436526594150710e-11
9.999999999946544982e-01,5.345521493554953680e-12,9.999999999946544982e-01,5.345521493554953680e-12
9.999999999899356062e-01,1.006436526594150549e-11,9.999999999899357173e-01,1.006436526594150710e-11
9.999999999899356062e-01,1.006436526594150549e-11,9.999999999899357173e-01,1.006436526594150710e-11
9.999999999899356062e-01,1.006436526594150549e-11,9.999999999899357173e-01,1.006436526594150710e-11
9.999999999899356062e-01,1.006436526594150549e-11,9.999999999899357173e-01,1.006436526594150710e-11
9.999999999899356062e-01,1.006436526594150549e-11,9.999999999899357173e-01,1.006436526594150710e-11
9.999999999899356062e-01,1.006436526594150549e-11,9.999999999899357173e-01,1.006436526594150710e-11
9.999999999899356062e-01,1.006436526594150549e-11,9.999999999899357173e-01,1.006436526594150710e-11
9.999999999899356062e-01,1.006436526594150549e-11,9.999999999899357173e-01,1.006436526594150710e-11
9.999999999940604178e-01,5.939534100410235722e-12,9.999999999940604178e-01,5.939534100410235722e-12
9.999999999899356062e-01,1.006436526594150549e-11,9.999999999899356062e-01,1.006436526594150710e-11
9.999999999899356062e-01,1.006436526594150549e-11,9.999999999899357173e-01,1.006436526594150710e-11
9.999999999899356062e-01,1.006436526594150549e-11,9.999999999899357173e-01,1.006436526594150710e-11
9.999999999899356062e-01,1.006436526594150549e-11,9.999999999899357173e-01,1.006436526594150710e-11
9.999999999899356062e-01,1.006436526594150549e-11,9.999999999899357173e-01,1.006436526594150710e-11
9.999999999899356062e-01,1.006436526594150549e-11,9.999999999899357173e-01,1.006436526594150710e-11
9.999999999899356062e-01,1.006436526594150549e-11,9.999999999899357173e-01,1.006436526594150710e-11
9.999999999954056751e-01,4.594320500659562682e-12,9.999999999954055641e-01,4.594320500659561874e-12
9.999999999899356062e-01,1.006436526594150549e-11,9.999999999899356062e-01,1.006436526594150710e-11
9.999999999899356062e-01,1.006436526594150549e-11,9.999999999899357173e-01,1.006436526594150710e-11
9.999999999942685847e-01,5.731468574141193056e-12,9.999999999942685847e-01,5.731468574141193863e-12
9.999999999899356062e-01,1.006436526594150549e-11,9.999999999899356062e-01,1.006436526594150549e-11
9.999999999899356062e-01,1.006436526594150549e-11,9.999999999899357173e-01,1.006436526594150710e-11
9.999999999899356062e-01,1.006436526594150549e-11,9.999999999899357173e-01,1.006436526594150710e-11
9.999999999899356062e-01,1.006436526594150549e-11,9.999999999899357173e-01,1.006436526594150710e-11
9.999999999899356062e-01,1.006436526594150549e-11,9.999999999899357173e-01,1.006436526594150710e-11
9.999999995101670480e-01,4.898329619689137195e-10,9.999999995101670480e-01,4.898329619689137195e-10
9.999999999936636241e-01,6.336410936379219337e-12,9.999999999936636241e-01,6.336410936379218529e-12
9.999999999899356062e-01,1.006436526594150549e-11,9.999999999899356062e-01,1.006436526594150549e-11
9.999999999899356062e-01,1.006436526594150549e-11,9.999999999899357173e-01,1.006436526594150710e-11
9.999999999899356062e-01,1.006436526594150549e-11,9.999999999899357173e-01,1.006436526594150710e-11
9.999999999899356062e-01,1.006436526594150549e-11,9.999999999899357173e-01,1.006436526594150710e-11
9.999999999899356062e-01,1.006436526594150549e-11,9.999999999899357173e-01,1.006436526594150710e-11
9.999999999899356062e-01,1.006436526594150549e-11,9.999999999899357173e-01,1.006436526594150710e-11
9.999999999899356062e-01,1.006436526594150549e-11,9.999999999899357173e-01,1.006436526594150710e-11
9.999999999899356062e-01,1.006436526594150549e-11,9.999999999899357173e-01,1.006436526594150710e-11
9.999999999899356062e-01,1.006436526594150549e-11,9.999999999899357173e-01,1.006436526594150710e-11
9.999999999899356062e-01,1.006436526594150549e-11,9.999999999899357173e-01,1.006436526594150710e-11
9.999999999899356062e-01,1.006436526594150549e-11,9.999999999899357173e-01,1.006436526594150710e-11
9.999999999899356062e-01,1.006436526594150549e-11,9.999999999899357173e-01,1.006436526594150710e-11
9.999999999899356062e-01,1.006436526594150549e-11,9.999999999899357173e-01,1.006436526594150710e-11
9.999999999899356062e-01,1.006436526594150549e-11,9.999999999899357173e-01,1.006436526594150710e-11
9.999999999899356062e-01,1.006436526594150549e-11,9.999999999899357173e-01,1.006436526594150710e-11
9.999999999899356062e-01,1.006436526594150549e-11,9.999999999899357173e-01,1.006436526594150710e-11
9.999999999923419036e-01,7.658139894137861334e-12,9.999999999923417926e-01,7.658139894137859719e-12
9.999999999922692950e-01,7.730700947606279369e-12,9.999999999922692950e-01,7.730700947606277753e-12
9.999999999899356062e-01,1.006436526594150549e-11,9.999999999899356062e-01,1.006436526594150387e-11
9.999999999899356062e-01,1.006436526594150549e-11,9.999999999899357173e-01,1.006436526594150710e-11
9.999999999952834395e-01,4.716556624679471874e-12,9.999999999952834395e-01,4.716556624679471874e-12
9.999999999928261829e-01,7.173779663715421509e-12,9.999999999928262939e-01,7.173779663715423932e-12
9.999999999899356062e-01,1.006436526594150549e-11,9.999999999899356062e-01,1.006436526594150549e-11
9.999999999899356062e-01,1.006436526594150549e-11,9.999999999899357173e-01,1.006436526594150710e-11
9.999999999899356062e-01,1.006436526594150549e-11,9.999999999899357173e-01,1.006436526594150710e-11
9.999999999899356062e-01,1.006436526594150549e-11,9.999999999899357173e-01,1.006436526594150710e-11
9.999999999899356062e-01,1.006436526594150549e-11,9.999999999899357173e-01,1.006436526594150710e-11
9.999999999899356062e-01,1.006436526594150549e-11,9.999999999899357173e-01,1.006436526594150710e-11
9.999999999936636241e-01,6.336410936379218529e-12,9.999999999936636241e-01,6.336410936379218529e-12
9.999999999899356062e-01,1.006436526594150549e-11,9.999999999899356062e-01,1.006436526594150549e-11
9.999999998902970866e-01,1.097029182965418691e-10,9.999999998902970866e-01,1.097029182965418691e-10
9.999999999899356062e-01,1.006436526594150549e-11,9.999999999899356062e-01,1.006436526594150549e-11
9.999999999899356062e-01,1.006436526594150549e-11,9.999999999899357173e-01,1.006436526594150710e-11
9.999999999899356062e-01,1.006436526594150549e-11,9.999999999899357173e-01,1.006436526594150710e-11
9.999999999941007189e-01,5.899290110926180300e-12,9.999999999941007189e-01,5.899290110926180300e-12
9.999999999899356062e-01,1.006436526594150549e-11,9.999999999899356062e-01,1.006436526594150549e-11
9.999999999899356062e-01,1.006436526594150549e-11,9.999999999899357173e-01,1.006436526594150710e-11
9.999999999899356062e-01,1.006436526594150549e-11,9.999999999899357173e-01,1.006436526594150710e-11
9.999999999951999508e-01,4.800040420001613782e-12,9.999999999951999508e-01,4.800040420001613782e-12
9.999999999899356062e-01,1.006436526594150549e-11,9.999999999899356062e-01,1.006436526594150710e-11
9.999999999899356062e-01,1.006436526594150549e-11,9.999999999899357173e-01,1.006436526594150710e-11
9.999999999899356062e-01,1.006436526594150549e-11,9.999999999899357173e-01,1.006436526594150710e-11
9.999999999899356062e-01,1.006436526594150549e-11,9.999999999899357173e-01,1.006436526594150710e-11
9.999999999899356062e-01,1.006436526594150549e-11,9.999999999899357173e-01,1.006436526594150710e-11
9.999999999899356062e-01,1.006436526594150549e-11,9.999999999899357173e-01,1.006436526594150710e-11
9.999999999899356062e-01,1.006436526594150549e-11,9.999999999899357173e-01,1.006436526594150710e-11
9.999999999950521801e-01,4.947834189787315473e-12,9.999999999950520690e-01,4.947834189787315473e-12
9.999999999899356062e-01,1.006436526594150549e-11,9.999999999899357173e-01,1.006436526594150872e-11
9.999999999899356062e-01,1.006436526594150549e-11,9.999999999899357173e-01,1.006436526594150710e-11
9.999999999899356062e-01,1.006436526594150549e-11,9.999999999899357173e-01,1.006436526594150710e-11
9.999999999954979346e-01,4.502010443702746270e-12,9.999999999954980456e-01,4.502010443702747078e-12
9.999999999910680337e-01,8.932022517738112321e-12,9.999999999910680337e-01,8.932022517738110705e-12
9.999999999908945059e-01,9.105508767128303057e-12,9.999999999908945059e-01,9.105508767128304673e-12
9.999999999899356062e-01,1.006436526594150549e-11,9.999999999899356062e-01,1.006436526594150710e-11
9.999999999899356062e-01,1.006436526594150549e-11,9.999999999899357173e-01,1.006436526594150710e-11
9.999999999899356062e-01,1.006436526594150549e-11,9.999999999899357173e-01,1.006436526594150710e-11
9.999999999899356062e-01,1.006436526594150549e-11,9.999999999899357173e-01,1.006436526594150710e-11
9.999999999899356062e-01,1.006436526594150549e-11,9.999999999899357173e-01,1.006436526594150710e-11
9.999999999899356062e-01,1.006436526594150549e-11,9.999999999899357173e-01,1.006436526594150710e-11
9.999999999899356062e-01,1.006436526594150549e-11,9.999999999899357173e-01,1.006436526594150710e-11
9.999999999906338255e-01,9.366147880958001830e-12,9.999999999906338255e-01,9.366147880958001830e-12
9.999999999899356062e-01,1.006436526594150549e-11,9.999999999899356062e-01,1.006436526594150549e-11
9.999999999899356062e-01,1.006436526594150549e-11,9.999999999899357173e-01,1.006436526594150710e-11
9.999999999899356062e-01,1.006436526594150549e-11,9.999999999899357173e-01,1.006436526594150710e-11
9.999999999899356062e-01,1.006436526594150549e-11,9.999999999899357173e-01,1.006436526594150710e-11
9.999999999899356062e-01,1.006436526594150549e-11,9.999999999899357173e-01,1.006436526594150710e-11
9.999999999899356062e-01,1.006436526594150549e-11,9.999999999899357173e-01,1.006436526594150710e-11
9.999999999899356062e-01,1.006436526594150549e-11,9.999999999899357173e-01,1.006436526594150710e-11
9.999999999899356062e-01,1.006436526594150549e-11,9.999999999899357173e-01,1.006436526594150710e-11
9.999999999899356062e-01,1.006436526594150549e-11,9.999999999899357173e-01,1.006436526594150710e-11
9.999999999899356062e-01,1.006436526594150549e-11,9.999999999899357173e-01,1.006436526594150710e-11
9.999999999899356062e-01,1.006436526594150549e-11,9.999999999899357173e-01,1.006436526594150710e-11
9.999999698367983969e-01,3.016320162238130533e-08,9.999999698367983969e-01,3.016320162238130533e-08
9.999999999899356062e-01,1.006436526594150549e-11,9.999999999899356062e-01,1.006436526594150710e-11
9.999999999899356062e-01,1.006436526594150549e-11,9.999999999899357173e-01,1.006436526594150710e-11
9.999999999899356062e-01,1.006436526594150549e-11,9.999999999899357173e-01,1.006436526594150710e-11
9.999999999899356062e-01,1.006436526594150549e-11,9.999999999899357173e-01,1.006436526594150710e-11
9.999999999899356062e-01,1.006436526594150549e-11,9.999999999899357173e-01,1.006436526594150710e-11
9.999999999899356062e-01,1.006436526594150549e-11,9.999999999899357173e-01,1.006436526594150710e-11
9.999999999899356062e-01,1.006436526594150549e-11,9.999999999899357173e-01,1.006436526594150710e-11
9.999999960903752649e-01,3.909624719461175298e-09,9.999999960903752649e-01,3.909624719461175298e-09
9.999999999899356062e-01,1.006436526594150549e-11,9.999999999899356062e-01,1.006436526594150549e-11
9.999999999899356062e-01,1.006436526594150549e-11,9.999999999899357173e-01,1.006436526594150710e-11
9.999999999899356062e-01,1.006436526594150549e-11,9.999999999899357173e-01,1.006436526594150710e-11
9.999999999899356062e-01,1.006436526594150549e-11,9.999999999899357173e-01,1.006436526594150710e-11
9.999999999899356062e-01,1.006436526594150549e-11,9.999999999899357173e-01,1.006436526594150710e-11
9.999999999899356062e-01,1.006436526594150549e-11,9.999999999899357173e-01,1.006436526594150710e-11
9.999999999899356062e-01,1.006436526594150549e-11,9.999999999899357173e-01,1.006436526594150710e-11
9.999999999899356062e-01,1.006436526594150549e-11,9.999999999899357173e-01,1.006436526594150710e-11
9.999999999899356062e-01,1.006436526594150549e-11,9.999999999899357173e-01,1.006436526594150710e-11
9.999999999899356062e-01,1.006436526594150549e-11,9.999999999899357173e-01,1.006436526594150710e-11
9.999999999899356062e-01,1.006436526594150549e-11,9.999999999899357173e-01,1.006436526594150710e-11
9.999999999899356062e-01,1.006436526594150549e-11,9.999999999899357173e-01,1.006436526594150710e-11
9.999999999899356062e-01,1.006436526594150549e-11,9.999999999899357173e-01,1.006436526594150710e-11
9.999999999899356062e-01,1.006436526594150549e-11,9.999999999899357173e-01,1.006436526594150710e-11
9.999999999899356062e-01,1.006436526594150549e-11,9.999999999899357173e-01,1.006436526594150710e-11
9.999999999899356062e-01,1.006436526594150549e-11,9.999999999899357173e-01,1.006436526594150710e-11
9.999999999899356062e-01,1.006436526594150549e-11,9.999999999899357173e-01,1.006436526594150710e-11
9.999999999899356062e-01,1.006436526594150549e-11,9.999999999899357173e-01,1.006436526594150710e-11
9.999999999899356062e-01,1.006436526594150549e-11,9.999999999899357173e-01,1.006436526594150710e-11
9.999999999899356062e-01,1.006436526594150549e-11,9.999999999899357173e-01,1.006436526594150710e-11
9.999999999899356062e-01,1.006436526594150549e-11,9.999999999899357173e-01,1.006436526594150710e-11
9.999999999899356062e-01,1.006436526594150549e-11,9.999999999899357173e-01,1.006436526594150710e-11
9.999999999899356062e-01,1.006436526594150549e-11,9.999999999899357173e-01,1.006436526594150710e-11
9.999999999899356062e-01,1.006436526594150549e-11,9.999999999899357173e-01,1.006436526594150710e-11
9.999999999899356062e-01,1.006436526594150549e-11,9.999999999899357173e-01,1.006436526594150710e-11
9.999999999899356062e-01,1.006436526594150549e-11,9.999999999899357173e-01,1.006436526594150710e-11
9.999999999899356062e-01,1.006436526594150549e-11,9.999999999899357173e-01,1.006436526594150710e-11
9.999999999899356062e-01,1.006436526594150549e-11,9.999999999899357173e-01,1.006436526594150710e-11
9.887602347579522721e-01,1.123976524204770358e-02,9.887602347579522721e-01,1.123976524204770185e-02
9.999999995101670480e-01,4.898329619689137195e-10,9.999999995101669370e-01,4.898329619689137195e-10
9.999999999953218532e-01,4.678158430719900854e-12,9.999999999953218532e-01,4.678158430719900854e-12
9.999999999899356062e-01,1.006436526594150549e-11,9.999999999899356062e-01,1.006436526594150549e-11
9.999999999954614083e-01,4.538601109177454893e-12,9.999999999954614083e-01,4.538601109177455701e-12
9.999999698367983969e-01,3.016320162238131195e-08,9.999999698367983969e-01,3.016320162238130533e-08
9.999999999899356062e-01,1.006436526594150549e-11,9.999999999899356062e-01,1.006436526594150710e-11
9.999999999899356062e-01,1.006436526594150549e-11,9.999999999899357173e-01,1.006436526594150710e-11
9.999999999899356062e-01,1.006436526594150549e-11,9.999999999899357173e-01,1.006436526594150710e-11
9.999999998528751322e-01,1.471248556232709977e-10,9.999999998528751322e-01,1.471248556232709977e-10
9.999696545150300597e-01,3.034548496989706066e-05,9.999696545150301707e-01,3.034548496989706066e-05
9.999999999955387908e-01,4.461220696168341326e-12,9.999999999955386798e-01,4.461220696168341326e-12
9.999999999937111417e-01,6.288878759764702990e-12,9.999999999937110307e-01,6.288878759764702183e-12
9.999696545150300597e-01,3.034548496989705727e-05,9.999696545150301707e-01,3.034548496989706066e-05
9.999999999932954742e-01,6.704528807953964017e-12,9.999999999932954742e-01,6.704528807953964017e-12
9.999999999928261829e-01,7.173779663715421509e-12,9.999999999928261829e-01,7.173779663715421509e-12
9.999912770566484754e-01,8.722943351604157448e-06,9.999912770566484754e-01,8.722943351604155754e-06
9.999999997909722049e-01,2.090278510371158602e-10,9.999999997909720939e-01,2.090278510371158860e-10
9.999999988784760152e-01,1.121523946544871222e-09,9.999999988784761262e-01,1.121523946544871429e-09
9.999999988784760152e-01,1.121523946544871429e-09,9.999999988784760152e-01,1.121523946544871222e-09
9.999999988784760152e-01,1.121523946544871429e-09,9.999999988784760152e-01,1.121523946544871222e-09
9.999999988784760152e-01,1.121523946544871429e-09,9.999999988784760152e-01,1.121523946544871222e-09
9.999999988784760152e-01,1.121523946544871429e-09,9.999999988784760152e-01,1.121523946544871222e-09
9.999999988784760152e-01,1.121523946544871429e-09,9.999999988784760152e-01,1.121523946544871222e-09
9.999999988784760152e-01,1.121523946544871429e-09,9.999999988784760152e-01,1.121523946544871222e-09
9.999999988784760152e-01,1.121523946544871429e-09,9.999999988784760152e-01,1.121523946544871222e-09
9.999999988784760152e-01,1.121523946544871429e-09,9.999999988784760152e-01,1.121523946544871222e-09
9.999999988784760152e-01,1.121523946544871429e-09,9.999999988784760152e-01,1.121523946544871222e-09
9.999999988784760152e-01,1.121523946544871429e-09,9.999999988784760152e-01,1.121523946544871222e-09
9.999999988784760152e-01,1.121523946544871429e-09,9.999999988784760152e-01,1.121523946544871222e-09
9.999999988784760152e-01,1.121523946544871429e-09,9.999999988784760152e-01,1.121523946544871222e-09
9.999999988784760152e-01,1.121523946544871429e-09,9.999999988784760152e-01,1.121523946544871222e-09
9.999999988784760152e-01,1.121523946544871429e-09,9.999999988784760152e-01,1.121523946544871222e-09
9.999999988784760152e-01,1.121523946544871429e-09,9.999999988784760152e-01,1.121523946544871222e-09
9.999999988784760152e-01,1.121523946544871429e-09,9.999999988784760152e-01,1.121523946544871222e-09
9.999999988784760152e-01,1.121523946544871429e-09,9.999999988784760152e-01,1.121523946544871222e-09
9.999999988784760152e-01,1.121523946544871429e-09,9.999999988784760152e-01,1.121523946544871222e-09
9.999999988784760152e-01,1.121523946544871429e-09,9.999999988784760152e-01,1.121523946544871222e-09
9.999999988784760152e-01,1.121523946544871429e-09,9.999999988784760152e-01,1.121523946544871222e-09
9.999999988784760152e-01,1.121523946544871429e-09,9.999999988784760152e-01,1.121523946544871222e-09
9.999999988784760152e-01,1.121523946544871429e-09,9.999999988784760152e-01,1.121523946544871222e-09
9.999999988784760152e-01,1.121523946544871429e-09,9.999999988784760152e-01,1.121523946544871222e-09
9.999999988784760152e-01,1.121523946544871429e-09,9.999999988784760152e-01,1.121523946544871222e-09
9.999999988784760152e-01,1.121523946544871429e-09,9.999999988784760152e-01,1.121523946544871222e-09
9.999999988784760152e-01,1.121523946544871429e-09,9.999999988784760152e-01,1.121523946544871222e-09
9.999999988784760152e-01,1.121523946544871429e-09,9.999999988784760152e-01,1.121523946544871222e-09
9.999999988784760152e-01,1.121523946544871429e-09,9.999999988784760152e-01,1.121523946544871222e-09
9.999999988784760152e-01,1.121523946544871429e-09,9.999999988784760152e-01,1.121523946544871222e-09
9.999999988784760152e-01,1.121523946544871429e-09,9.999999988784760152e-01,1.121523946544871222e-09
9.999999988784760152e-01,1.121523946544871429e-09,9.999999988784760152e-01,1.121523946544871222e-09
9.999999988784760152e-01,1.121523946544871429e-09,9.999999988784760152e-01,1.121523946544871222e-09
9.999999988784760152e-01,1.121523946544871429e-09,9.999999988784760152e-01,1.121523946544871222e-09
9.999999988784760152e-01,1.121523946544871429e-09,9.999999988784760152e-01,1.121523946544871222e-09
9.999999999899356062e-01,1.006436526594150710e-11,9.999999999899356062e-01,1.006436526594150387e-11
9.999999999899356062e-01,1.006436526594150549e-11,9.999999999899357173e-01,1.006436526594150710e-11
9.999999352164864463e-01,6.478351360437163970e-08,9.999999352164864463e-01,6.478351360437163970e-08
1.729472159156367546e-86,1.000000000000000000e+00,1.729472159156367546e-86,1.000000000000000000e+00
9.999999960903753760e-01,3.909624719461175298e-09,9.999999960903753760e-01,3.909624719461175298e-09
6.877579828410526687e-27,1.000000000000000000e+00,6.877579828410528122e-27,1.000000000000000000e+00
1.024093259736573733e-07,9.999998975906740917e-01,1.024093259736573601e-07,9.999998975906739807e-01
9.999999996834015858e-01,3.165983998440406059e-10,9.999999996834015858e-01,3.165983998440405542e-10
9.998888664507001867e-01,1.111335492998637273e-04,9.998888664507000756e-01,1.111335492998637273e-04
9.998888664507000756e-01,1.111335492998637137e-04,9.998888664507000756e-01,1.111335492998637137e-04
1.807898221812568574e-35,1.000000000000000000e+00,1.807898221812568574e-35,1.000000000000000000e+00
9.998888664507001867e-01,1.111335492998637137e-04,9.998888664507000756e-01,1.111335492998637137e-04
3.397932514708830940e-80,1.000000000000000000e+00,3.397932514708830940e-80,1.000000000000000000e+00
1.280513414457660445e-29,1.000000000000000000e+00,1.280513414457660165e-29,1.000000000000000000e+00
6.508554717865464225e-69,1.000000000000000000e+00,6.508554717865464225e-69,1.000000000000000000e+00
8.800956425758332587e-125,1.000000000000000000e+00,8.800956425758332587e-125,1.000000000000000000e+00
5.646231525335899583e-22,1.000000000000000000e+00,5.646231525335899583e-22,1.000000000000000000e+00
3.118280795953258742e-12,9.999999999968818276e-01,3.118280795953258742e-12,9.999999999968818276e-01
6.877579828410528122e-27,1.000000000000000000e+00,6.877579828410528122e-27,1.000000000000000000e+00
1.909432868935981671e-06,9.999980905671310705e-01,1.909432868935981671e-06,9.999980905671310705e-01
5.075134280179416368e-03,9.949248657198205281e-01,5.075134280179417236e-03,9.949248657198206391e-01
9.995273477505144388e-01,4.726522494856117492e-04,9.995273477505144388e-01,4.726522494856117492e-04
9.999999995101670480e-01,4.898329619689137195e-10,9.999999995101670480e-01,4.898329619689137195e-10
9.999999978183631288e-01,2.181636924981145429e-09,9.999999978183631288e-01,2.181636924981146256e-09
9.999999999860557098e-01,1.394431753178002253e-11,9.999999999860555988e-01,1.394431753178001930e-11
9.999999999542145135e-01,4.578553539518116784e-11,9.999999999542145135e-01,4.578553539518116784e-11
9.999999999906338255e-01,9.366147880958003446e-12,9.999999999906338255e-01,9.366147880958003446e-12
9.999989299898902617e-01,1.070010109758290638e-06,9.999989299898903727e-01,1.070010109758290638e-06
9.999999999720921018e-01,2.790791985147400355e-11,9.999999999720921018e-01,2.790791985147400678e-11
9.999999999953218532e-01,4.678158430719900854e-12,9.999999999953218532e-01,4.678158430719900854e-12
9.999999999203141865e-01,7.968584051343268729e-11,9.999999999203141865e-01,7.968584051343268729e-11
9.999999999929860550e-01,7.013891618570120165e-12,9.999999999929861660e-01,7.013891618570120973e-12
9.999999999720921018e-01,2.790791985147400355e-11,9.999999999720921018e-01,2.790791985147400355e-11
9.999999999953218532e-01,4.678158430719900854e-12,9.999999999953218532e-01,4.678158430719900854e-12
9.999999999922692950e-01,7.730700947606279369e-12,9.999999999922691840e-01,7.730700947606279369e-12
9.999999999933920636e-01,6.607938860822676397e-12,9.999999999933921746e-01,6.607938860822676397e-12
9.999999999953218532e-01,4.678158430719900854e-12,9.999999999953218532e-01,4.678158430719900854e-12
9.999999999918549598e-01,8.144940324079871441e-12,9.999999999918549598e-01,8.144940324079871441e-12
9.999999999905299086e-01,9.470110775287381414e-12,9.999999999905299086e-01,9.470110775287381414e-12
9.999999999932954742e-01,6.704528807953964017e-12,9.999999999932954742e-01,6.704528807953964017e-12
9.999999999899356062e-01,1.006436526594150549e-11,9.999999999899357173e-01,1.006436526594150549e-11
9.999999999899356062e-01,1.006436526594150549e-11,9.999999999899357173e-01,1.006436526594150710e-11
9.999999999929860550e-01,7.013891618570120165e-12,9.999999999929861660e-01,7.013891618570120973e-12
9.999999999908943948e-01,9.105508767128301442e-12,9.999999999908945059e-01,9.105508767128301442e-12
9.999999999899356062e-01,1.006436526594150549e-11,9.999999999899356062e-01,1.006436526594150710e-11
9.999999999955372365e-01,4.462777587715606883e-12,9.999999999955372365e-01,4.462777587715606883e-12
9.978702591859793802e-01,2.129740814020658363e-03,9.978702591859792692e-01,2.129740814020658363e-03
9.999999996834015858e-01,3.165983998440406059e-10,9.999999996834014748e-01,3.165983998440406059e-10
7.552308208795004252e-14,9.999999999999245048e-01,7.552308208795005515e-14,9.999999999999245048e-01
8.282882430931687010e-39,1.000000000000000000e+00,8.282882430931687010e-39,1.000000000000000000e+00
9.978702591859792692e-01,2.129740814020658363e-03,9.978702591859793802e-01,2.129740814020658363e-03
2.800694639572795519e-01,7.199305360427203926e-01,2.800694639572796074e-01,7.199305360427203926e-01
3.205186936509915818e-05,9.999679481306349427e-01,3.205186936509915818e-05,9.999679481306349427e-01
2.165113646131694048e-74,1.000000000000000000e+00,2.165113646131694048e-74,1.000000000000000000e+00
5.646231525335899583e-22,1.000000000000000000e+00,5.646231525335899583e-22,1.000000000000000000e+00
1.204632648630328443e-17,1.000000000000000000e+00,1.204632648630328443e-17,1.000000000000000000e+00
9.525930785844259549e-64,1.000000000000000000e+00,9.525930785844260898e-64,1.000000000000000000e+00
2.647869429057981356e-203,1.000000000000000000e+00,2.647869429057981356e-203,1.000000000000000000e+00
3.869687574661800232e-116,1.000000000000000000e+00,3.869696153150460501e-116,1.000000000000000000e+00
8.282882430931687010e-39,1.000000000000000000e+00,8.282882430931687010e-39,1.000000000000000000e+00
1.204632648630328443e-17,1.000000000000000000e+00,1.204632648630328443e-17,1.000000000000000000e+00
1.807898221812568574e-35,1.000000000000000000e+00,1.807898221812568574e-35,1.000000000000000000e+00
1.133231708851856434e-217,1.000000000000000000e+00,1.133231708851856434e-217,1.000000000000000000e+00
6.508554717865464225e-69,1.000000000000000000e+00,6.508554717865464225e-69,1.000000000000000000e+00
8.800956425758332587e-125,1.000000000000000000e+00,8.800956425758332587e-125,1.000000000000000000e+00
1.000000000000000000e+00,8.800956425886403721e-115,1.138911968820228842e-250,1.000000000000000000e+00
1.138911968803655444e-240,1.000000000000000000e+00,1.306047896574799907e-272,1.000000000000000000e+00
1.138911968820228834e-240,1.000000000000000000e+00,2.350216348743533511e-154,1.000000000000000000e+00
2.660874161072915971e-54,1.000000000000000000e+00,2.660874161072915971e-54,1.000000000000000000e+00
5.528123244746720880e-210,1.000000000000000000e+00,5.528123244746721555e-210,1.000000000000000000e+00
1.000000000000000000e+00,2.194542371494451869e-65,1.461403465811696564e-252,1.000000000000000000e+00
1.000000000000000000e+00,2.148713815980086290e-19,2.190368571278432261e-308,1.000000000000000000e+00
1.000000000000000000e+00,5.528123244786943822e-200,5.434431110224979432e-97,1.000000000000000000e+00
1.000000000000000000e+00,8.245363697063481678e-190,3.307133096684565484e-177,1.000000000000000000e+00
1.911837754403147828e-32,1.000000000000000000e+00,1.911837754403147828e-32,1.000000000000000000e+00
1.729472159156367546e-86,1.000000000000000000e+00,1.729472159156367546e-86,1.000000000000000000e+00
1.024093259736573469e-07,9.999998975906738696e-01,1.024093259736573601e-07,9.999998975906739807e-01
9.978702591859793802e-01,2.129740814020658797e-03,9.978702591859792692e-01,2.129740814020658363e-03
9.995273477505143278e-01,4.726522494856116407e-04,9.995273477505144388e-01,4.726522494856116949e-04
7.552308208795004252e-14,9.999999999999245048e-01,7.552308208795005515e-14,9.999999999999245048e-01
9.999999978183630178e-01,2.181636924981145429e-09,9.999999978183631288e-01,2.181636924981145429e-09
9.999912770566484754e-01,8.722943351604157448e-06,9.999912770566484754e-01,8.722943351604157448e-06
9.999999999954980456e-01,4.502010443702746270e-12,9.999999999954980456e-01,4.502010443702747078e-12
9.999696545150300597e-01,3.034548496989705727e-05,9.999696545150301707e-01,3.034548496989706066e-05
9.999999999941007189e-01,5.899290110926179492e-12,9.999999999941007189e-01,5.899290110926179492e-12
9.999999998528752432e-01,1.471248556232710236e-10,9.999999998528751322e-01,1.471248556232709719e-10
9.999999997909720939e-01,2.090278510371158602e-10,9.999999997909720939e-01,2.090278510371158343e-10
9.999999999950521801e-01,4.947834189787316281e-12,9.999999999950521801e-01,4.947834189787316281e-12
9.999999999905297976e-01,9.470110775287381414e-12,9.999999999905297976e-01,9.470110775287381414e-12
9.999999999949931162e-01,5.006829722137265452e-12,9.999999999949931162e-01,5.006829722137264645e-12
9.999999999927624561e-01,7.237517422365036121e-12,9.999999999927625671e-01,7.237517422365036121e-12
9.999999999860557098e-01,1.394431753178002253e-11,9.999999999860555988e-01,1.394431753178002091e-11
9.999696545150300597e-01,3.034548496989705727e-05,9.999696545150300597e-01,3.034548496989705727e-05
9.999999997909722049e-01,2.090278510371158860e-10,9.999999997909722049e-01,2.090278510371158602e-10
9.999999960903752649e-01,3.909624719461175298e-09,9.999999960903752649e-01,3.909624719461174470e-09
9.999999987502280474e-01,1.249771974204332617e-09,9.999999987502280474e-01,1.249771974204332617e-09
9.999999352164863353e-01,6.478351360437162646e-08,9.999999352164863353e-01,6.478351360437162646e-08
5.075134280179417236e-03,9.949248657198205281e-01,5.075134280179416368e-03,9.949248657198205281e-01
9.999999996834014748e-01,3.165983998440406059e-10,9.999999996834015858e-01,3.165983998440406576e-10
9.999999987502280474e-01,1.249771974204332617e-09,9.999999987502280474e-01,1.249771974204332617e-09
9.999998453444800539e-01,1.546555199409894226e-07,9.999998453444800539e-01,1.546555199409894226e-07
9.995273477505143278e-01,4.726522494856116407e-04,9.995273477505144388e-01,4.726522494856116949e-04
9.999999999411371965e-01,5.886277231940617913e-11,9.999999999411373075e-01,5.886277231940617913e-11
9.999999995101670480e-01,4.898329619689137195e-10,9.999999995101669370e-01,4.898329619689137195e-10
9.999999998528751322e-01,1.471248556232709977e-10,9.999999998528752432e-01,1.471248556232709977e-10
9.887602347579522721e-01,1.123976524204770185e-02,9.887602347579522721e-01,1.123976524204770185e-02
9.999999999203141865e-01,7.968584051343268729e-11,9.999999999203141865e-01,7.968584051343268729e-11
3.118280795953258742e-12,9.999999999968817166e-01,3.118280795953259146e-12,9.999999999968818276e-01
1.909432868935981247e-06,9.999980905671310705e-01,1.909432868935981671e-06,9.999980905671310705e-01
9.999996165722053743e-01,3.834277945064683469e-07,9.999996165722054853e-01,3.834277945064683469e-07
9.999999996834015858e-01,3.165983998440406059e-10,9.999999996834015858e-01,3.165983998440406059e-10
9.999999960903752649e-01,3.909624719461174470e-09,9.999999960903752649e-01,3.909624719461175298e-09
9.999912770566484754e-01,8.722943351604157448e-06,9.999912770566484754e-01,8.722943351604154060e-06
9.999999999923417926e-01,7.658139894137859719e-12,9.999999999923417926e-01,7.658139894137861334e-12
9.999999999945707874e-01,5.429193516163432098e-12,9.999999999945708984e-01,5.429193516163431290e-12
9.999999960903753760e-01,3.909624719461175298e-09,9.999999960903753760e-01,3.909624719461175298e-09
9.999999999946544982e-01,5.345521493554953680e-12,9.999999999946544982e-01,5.345521493554953680e-12
9.999999999913984361e-01,8.601674835794415783e-12,9.999999999913983251e-01,8.601674835794415783e-12
9.999999996834015858e-01,3.165983998440406059e-10,9.999999996834014748e-01,3.165983998440406059e-10
9.999999992258554737e-01,7.741444925183932724e-10,9.999999992258555848e-01,7.741444925183932724e-10
7.171004187908405214e-01,2.828995812091595341e-01,7.171004187908405214e-01,2.828995812091594786e-01
9.999999698367983969e-01,3.016320162238130533e-08,9.999999698367982859e-01,3.016320162238130533e-08
9.999999999860557098e-01,1.394431753178002415e-11,9.999999999860557098e-01,1.394431753178002091e-11
9.999999999899356062e-01,1.006436526594150549e-11,9.999999999899356062e-01,1.006436526594150387e-11
9.999999999955205832e-01,4.479402961119157849e-12,9.999999999955205832e-01,4.479402961119157849e-12
9.999999999942685847e-01,5.731468574141193056e-12,9.999999999942685847e-01,5.731468574141193056e-12
9.999999999899356062e-01,1.006436526594150549e-11,9.999999999899356062e-01,1.006436526594150549e-11
9.999999999953218532e-01,4.678158430719900854e-12,9.999999999953218532e-01,4.678158430719900854e-12
4.701494535463961871e-02,9.529850546453603188e-01,4.701494535463961871e-02,9.529850546453603188e-01
9.999999923441931227e-01,7.655806880215143900e-09,9.999999923441931227e-01,7.655806880215143900e-09
9.999971298270133868e-01,2.870172986552558248e-06,9.999971298270134978e-01,2.870172986552558248e-06
9.999999999542145135e-01,4.578553539518116137e-11,9.999999999542144025e-01,4.578553539518115491e-11
9.999999999954932717e-01,4.506725468282261001e-12,9.999999999954932717e-01,4.506725468282260194e-12
9.999999999930926364e-01,6.907402739650461784e-12,9.999999999930925254e-01,6.907402739650461784e-12
9.999999999954979346e-01,4.502010443702746270e-12,9.999999999954980456e-01,4.502010443702747078e-12
9.999999999933496531e-01,6.650344746519999898e-12,9.999999999933496531e-01,6.650344746520000706e-12
9.999999999899356062e-01,1.006436526594150549e-11,9.999999999899356062e-01,1.006436526594150710e-11
9.999999999951034724e-01,4.896557034193483427e-12,9.999999999951034724e-01,4.896557034193483427e-12
9.999999999923419036e-01,7.658139894137861334e-12,9.999999999923417926e-01,7.658139894137859719e-12
9.999999999942015272e-01,5.798478635386659122e-12,9.999999999942014162e-01,5.798478635386658314e-12
9.999999999928261829e-01,7.173779663715421509e-12,9.999999999928261829e-01,7.173779663715422317e-12
9.999912770566484754e-01,8.722943351604157448e-06,9.999912770566484754e-01,8.722943351604155754e-06
9.999912770566483644e-01,8.722943351604155754e-06,9.999912770566484754e-01,8.722943351604155754e-06
9.999999352164864463e-01,6.478351360437163970e-08,9.999999352164863353e-01,6.478351360437162646e-08
9.999999960903752649e-01,3.909624719461175298e-09,9.999999960903753760e-01,3.909624719461176125e-09
2.800694639572796074e-01,7.199305360427205036e-01,2.800694639572796074e-01,7.199305360427203926e-01
9.978702591859793802e-01,2.129740814020658797e-03,9.978702591859793802e-01,2.129740814020658797e-03
9.999912770566484754e-01,8.722943351604155754e-06,9.999912770566483644e-01,8.722943351604155754e-06
9.999999999928261829e-01,7.173779663715422317e-12,9.999999999928261829e-01,7.173779663715421509e-12
9.999999997909720939e-01,2.090278510371158343e-10,9.999999997909720939e-01,2.090278510371158602e-10
9.999999923441931227e-01,7.655806880215145554e-09,9.999999923441931227e-01,7.655806880215145554e-09
9.999996165722055963e-01,3.834277945064683469e-07,9.999996165722054853e-01,3.834277945064683469e-07
9.999999995101670480e-01,4.898329619689137195e-10,9.999999995101670480e-01,4.898329619689137195e-10
9.999999923441931227e-01,7.655806880215143900e-09,9.999999923441932337e-01,7.655806880215145554e-09
9.999999999542145135e-01,4.578553539518116137e-11,9.999999999542146245e-01,4.578553539518116137e-11
2.411949648323457487e-24,1.000000000000000000e+00,2.411949648323457487e-24,1.000000000000000000e+00
9.999989299898901507e-01,1.070010109758290638e-06,9.999989299898901507e-01,1.070010109758290638e-06
9.999999997909722049e-01,2.090278510371158860e-10,9.999999997909720939e-01,2.090278510371158085e-10
9.999999999879028989e-01,1.209708840208108786e-11,9.999999999879028989e-01,1.209708840208108624e-11
9.999999352164864463e-01,6.478351360437163970e-08,9.999999352164864463e-01,6.478351360437163970e-08
3.802272892144981297e-93,1.000000000000000000e+00,3.802272892144981723e-93,1.000000000000000000e+00
3.802272892144980872e-93,1.000000000000000000e+00,3.802272892144981297e-93,1.000000000000000000e+00
2.900305680550908513e-42,1.000000000000000000e+00,2.900305680550908513e-42,1.000000000000000000e+00
1.280513414457660165e-29,1.000000000000000000e+00,1.280513414457660165e-29,1.000000000000000000e+00
9.999999845245972629e-01,1.547540266008139746e-08,9.999999845245973740e-01,1.547540266008139746e-08
2.350216348743533511e-154,1.000000000000000000e+00,2.350216348743533511e-154,1.000000000000000000e+00
2.411949648323457119e-24,1.000000000000000000e+00,2.411949648323457119e-24,1.000000000000000000e+00
9.887602347579522721e-01,1.123976524204770185e-02,9.887602347579522721e-01,1.123976524204770358e-02
2.411949648323457487e-24,1.000000000000000000e+00,2.411949648323456752e-24,1.000000000000000000e+00
9.999999999916410198e-01,8.359062569314931437e-12,9.999999999916409088e-01,8.359062569314933052e-12
3.205186936509915818e-05,9.999679481306349427e-01,3.205186936509915818e-05,9.999679481306349427e-01
9.999999999720921018e-01,2.790791985147400678e-11,9.999999999720921018e-01,2.790791985147400678e-11
9.999999999955372365e-01,4.462777587715606075e-12,9.999999999955372365e-01,4.462777587715606883e-12
4.109082433440388344e-50,1.000000000000000000e+00,4.109082433440388344e-50,1.000000000000000000e+00
3.118280795953258742e-12,9.999999999968817166e-01,3.118280795953258742e-12,9.999999999968818276e-01
2.900305680550908513e-42,1.000000000000000000e+00,2.900305680550908513e-42,1.000000000000000000e+00
7.552308208795004252e-14,9.999999999999243938e-01,7.552308208795004252e-14,9.999999999999245048e-01
1.204632648630328597e-17,1.000000000000000000e+00,1.204632648630328443e-17,1.000000000000000000e+00
8.282882430931687010e-39,1.000000000000000000e+00,8.282882430931687010e-39,1.000000000000000000e+00
6.877579828410528122e-27,1.000000000000000000e+00,6.877579828410528122e-27,1.000000000000000000e+00
9.999999352164863353e-01,6.478351360437163970e-08,9.999999352164864463e-01,6.478351360437162646e-08
3.802272892144981297e-93,1.000000000000000000e+00,3.802272892144981723e-93,1.000000000000000000e+00
9.999696545150301707e-01,3.034548496989705727e-05,9.999696545150300597e-01,3.034548496989705727e-05
9.999999999720919908e-01,2.790791985147400032e-11,9.999999999720919908e-01,2.790791985147400355e-11
3.205186936509915818e-05,9.999679481306349427e-01,3.205186936509915818e-05,9.999679481306348316e-01
9.999999999411373075e-01,5.886277231940619206e-11,9.999999999411371965e-01,5.886277231940617913e-11
9.999999999542145135e-01,4.578553539518116137e-11,9.999999999542145135e-01,4.578553539518116784e-11
9.999999352164864463e-01,6.478351360437163970e-08,9.999999352164864463e-01,6.478351360437163970e-08
9.999989299898902617e-01,1.070010109758290426e-06,9.999989299898902617e-01,1.070010109758290638e-06
9.999999999906338255e-01,9.366147880958001830e-12,9.999999999906338255e-01,9.366147880958001830e-12
9.999999999860557098e-01,1.394431753178002253e-11,9.999999999860557098e-01,1.394431753178002415e-11
9.452084402540938957e-01,5.479155974590618761e-02,9.452084402540937846e-01,5.479155974590618761e-02
9.999999352164864463e-01,6.478351360437163970e-08,9.999999352164864463e-01,6.478351360437163970e-08
9.995273477505144388e-01,4.726522494856117492e-04,9.995273477505144388e-01,4.726522494856117492e-04
9.999999352164864463e-01,6.478351360437163970e-08,9.999999352164864463e-01,6.478351360437163970e-08
9.999999995101670480e-01,4.898329619689137195e-10,9.999999995101670480e-01,4.898329619689137195e-10
9.999999960903752649e-01,3.909624719461175298e-09,9.999999960903753760e-01,3.909624719461175298e-09
9.999999996834015858e-01,3.165983998440406059e-10,9.999999996834016969e-01,3.165983998440406059e-10
9.999999999411371965e-01,5.886277231940616621e-11,9.999999999411371965e-01,5.886277231940616621e-11
5.646231525335899583e-22,1.000000000000000000e+00,5.646231525335898642e-22,1.000000000000000000e+00
7.552308208795005515e-14,9.999999999999245048e-01,7.552308208795004252e-14,9.999999999999245048e-01
1.729472159156367546e-86,1.000000000000000000e+00,1.729472159156367546e-86,1.000000000000000000e+00
1.280513414457660165e-29,1.000000000000000000e+00,1.280513414457660165e-29,1.000000000000000000e+00
3.307133096684565922e-177,1.000000000000000000e+00,3.307133096684565484e-177,1.000000000000000000e+00
2.165113646131694048e-74,1.000000000000000000e+00,2.165113646131694048e-74,1.000000000000000000e+00
9.999999352164863353e-01,6.478351360437162646e-08,9.999999352164864463e-01,6.478351360437162646e-08
9.525930785844260898e-64,1.000000000000000000e+00,9.525930785844260898e-64,1.000000000000000000e+00
2.660874161072915971e-54,1.000000000000000000e+00,2.660874161072915971e-54,1.000000000000000000e+00
9.999999923441931227e-01,7.655806880215145554e-09,9.999999923441931227e-01,7.655806880215145554e-09
9.438928158463123889e-16,9.999999999999990008e-01,9.438928158463123889e-16,9.999999999999991118e-01
1.280513414457660445e-29,1.000000000000000000e+00,1.280513414457660165e-29,1.000000000000000000e+00
9.525930785844260898e-64,1.000000000000000000e+00,9.525930785844260898e-64,1.000000000000000000e+00
4.500959010832751184e-134,1.000000000000000000e+00,4.500959010832751184e-134,1.000000000000000000e+00
1.000000000000000000e+00,4.500959010898248272e-124,1.487508966157011370e-260,1.000000000000000000e+00
1.487508966146188319e-250,1.000000000000000000e+00,1.107851615420626078e-281,1.000000000000000000e+00
1.000000000000000000e+00,5.009785317725145958e-55,1.373808131957797945e-266,1.000000000000000000e+00
1.807898221812568574e-35,1.000000000000000000e+00,1.807898221812568574e-35,1.000000000000000000e+00
1.928928561818142476e-234,1.000000000000000000e+00,1.928928561818142476e-234,1.000000000000000000e+00
1.184833469282323975e-36,1.000000000000000000e+00,3.047454300785636517e-70,1.000000000000000000e+00
1.084725414926709754e-189,1.000000000000000000e+00,6.508554717865464225e-69,1.000000000000000000e+00
9.525930785844259549e-64,1.000000000000000000e+00,9.525930785844260898e-64,1.000000000000000000e+00
9.999999999922692950e-01,7.730700947606279369e-12,9.999999999922692950e-01,7.730700947606279369e-12
9.999999845245973740e-01,1.547540266008140077e-08,9.999999845245972629e-01,1.547540266008139746e-08
9.438928158463121917e-16,9.999999999999990008e-01,9.438928158463123889e-16,9.999999999999991118e-01
9.998888664507000756e-01,1.111335492998637273e-04,9.998888664507000756e-01,1.111335492998637137e-04
9.999999999919976235e-01,8.002350202457409247e-12,9.999999999919976235e-01,8.002350202457407632e-12
9.999999999860557098e-01,1.394431753178002253e-11,9.999999999860557098e-01,1.394431753178002415e-11
9.999999998902970866e-01,1.097029182965418691e-10,9.999999998902970866e-01,1.097029182965418820e-10
9.999999999905299086e-01,9.470110775287381414e-12,9.999999999905299086e-01,9.470110775287381414e-12
9.999999999899356062e-01,1.006436526594150549e-11,9.999999999899357173e-01,1.006436526594150710e-11
9.999999999899356062e-01,1.006436526594150549e-11,9.999999999899357173e-01,1.006436526594150710e-11
9.999999999947765117e-01,5.223516961249337452e-12,9.999999999947765117e-01,5.223516961249337452e-12
9.999999999899356062e-01,1.006436526594150549e-11,9.999999999899357173e-01,1.006436526594150710e-11
9.999999999950521801e-01,4.947834189787315473e-12,9.999999999950520690e-01,4.947834189787315473e-12
9.999999999947765117e-01,5.223516961249337452e-12,9.999999999947764007e-01,5.223516961249336644e-12
9.999999999899356062e-01,1.006436526594150549e-11,9.999999999899357173e-01,1.006436526594150710e-11
9.999999999899356062e-01,1.006436526594150549e-11,9.999999999899357173e-01,1.006436526594150710e-11
9.999999999899356062e-01,1.006436526594150549e-11,9.999999999899357173e-01,1.006436526594150710e-11
9.999999999899356062e-01,1.006436526594150549e-11,9.999999999899357173e-01,1.006436526594150710e-11
9.999999999913983251e-01,8.601674835794415783e-12,9.999999999913984361e-01,8.601674835794415783e-12
9.999999999955432317e-01,4.456731138826037149e-12,9.999999999955433427e-01,4.456731138826037957e-12
9.999999999955372365e-01,4.462777587715606883e-12,9.999999999955372365e-01,4.462777587715606883e-12
9.999999999915556437e-01,8.444435846188331079e-12,9.999999999915555327e-01,8.444435846188327847e-12
9.999998453444800539e-01,1.546555199409894226e-07,9.999998453444800539e-01,1.546555199409893962e-07
3.118280795953258338e-12,9.999999999968817166e-01,3.118280795953258742e-12,9.999999999968817166e-01
9.995273477505144388e-01,4.726522494856117492e-04,9.995273477505143278e-01,4.726522494856116949e-04
9.999971298270134978e-01,2.870172986552558248e-06,9.999971298270134978e-01,2.870172986552557824e-06
9.999999999944297890e-01,5.570273398802444620e-12,9.999999999944296780e-01,5.570273398802443812e-12
9.999999999203141865e-01,7.968584051343268729e-11,9.999999999203141865e-01,7.968584051343268729e-11
9.999999999948926410e-01,5.107369090437681211e-12,9.999999999948926410e-01,5.107369090437681211e-12
4.237959541079384658e-04,9.995762040458920916e-01,4.237959541079384658e-04,9.995762040458919806e-01
9.999999923441931227e-01,7.655806880215143900e-09,9.999999923441931227e-01,7.655806880215145554e-09
9.999999992258554737e-01,7.741444925183932724e-10,9.999999992258554737e-01,7.741444925183932724e-10
9.999999978183631288e-01,2.181636924981145843e-09,9.999999978183630178e-01,2.181636924981145429e-09
9.999999352164864463e-01,6.478351360437162646e-08,9.999999352164864463e-01,6.478351360437163970e-08
9.999999999773966364e-01,2.260333082473759073e-11,9.999999999773967474e-01,2.260333082473759073e-11
9.999999999944296780e-01,5.570273398802443812e-12,9.999999999944297890e-01,5.570273398802443812e-12
9.999999996834015858e-01,3.165983998440406059e-10,9.999999996834016969e-01,3.165983998440406059e-10
9.999696545150300597e-01,3.034548496989706066e-05,9.999696545150300597e-01,3.034548496989706066e-05
1.909432868935981671e-06,9.999980905671310705e-01,1.909432868935981671e-06,9.999980905671310705e-01
9.999999999941007189e-01,5.899290110926179492e-12,9.999999999941007189e-01,5.899290110926179492e-12
9.999999923441931227e-01,7.655806880215145554e-09,9.999999923441931227e-01,7.655806880215145554e-09
9.999999998902970866e-01,1.097029182965418820e-10,9.999999998902970866e-01,1.097029182965418691e-10
9.999999999948926410e-01,5.107369090437682018e-12,9.999999999948925300e-01,5.107369090437682018e-12
9.999999999955432317e-01,4.456731138826037957e-12,9.999999999955433427e-01,4.456731138826037957e-12
9.999999999948926410e-01,5.107369090437681211e-12,9.999999999948926410e-01,5.107369090437681211e-12
9.999999999809391360e-01,1.906088483002907982e-11,9.999999999809390250e-01,1.906088483002907982e-11
9.999999999809391360e-01,1.906088483002907659e-11,9.999999999809391360e-01,1.906088483002907659e-11
9.999971298270134978e-01,2.870172986552557824e-06,9.999971298270134978e-01,2.870172986552558248e-06
9.999999999860557098e-01,1.394431753178002253e-11,9.999999999860555988e-01,1.394431753178002253e-11
9.999999999954614083e-01,4.538601109177454893e-12,9.999999999954614083e-01,4.538601109177455701e-12
9.999999999954979346e-01,4.502010443702746270e-12,9.999999999954979346e-01,4.502010443702746270e-12
9.999999999899356062e-01,1.006436526594150549e-11,9.999999999899356062e-01,1.006436526594150549e-11
9.999999999720921018e-01,2.790791985147400355e-11,9.999999999720919908e-01,2.790791985147400355e-11
9.999999999955372365e-01,4.462777587715606075e-12,9.999999999955372365e-01,4.462777587715606883e-12
9.999999999899356062e-01,1.006436526594150549e-11,9.999999999899356062e-01,1.006436526594150549e-11
9.999999999926451055e-01,7.354885591305519385e-12,9.999999999926449945e-01,7.354885591305519385e-12
9.999999999954932717e-01,4.506725468282261001e-12,9.999999999954931607e-01,4.506725468282261001e-12
9.999999999954056751e-01,4.594320500659562682e-12,9.999999999954056751e-01,4.594320500659562682e-12
9.999999698367983969e-01,3.016320162238131195e-08,9.999999698367983969e-01,3.016320162238130533e-08
9.978702591859793802e-01,2.129740814020658797e-03,9.978702591859792692e-01,2.129740814020658363e-03
9.999999999899356062e-01,1.006436526594150549e-11,9.999999999899354952e-01,1.006436526594150549e-11
9.999999999899356062e-01,1.006436526594150549e-11,9.999999999899357173e-01,1.006436526594150710e-11
9.999999999953544938e-01,4.645487461669452078e-12,9.999999999953546048e-01,4.645487461669452078e-12
9.999999999860557098e-01,1.394431753178002253e-11,9.999999999860557098e-01,1.394431753178002091e-11
9.999999845245973740e-01,1.547540266008140077e-08,9.999999845245973740e-01,1.547540266008140077e-08
9.999999999542145135e-01,4.578553539518116137e-11,9.999999999542145135e-01,4.578553539518116137e-11
9.999999998902970866e-01,1.097029182965418691e-10,9.999999998902970866e-01,1.097029182965418691e-10
9.999999999955236918e-01,4.476278123280249213e-12,9.999999999955236918e-01,4.476278123280249213e-12
9.999999995101669370e-01,4.898329619689137195e-10,9.999999995101669370e-01,4.898329619689137195e-10
9.452084402540938957e-01,5.479155974590619455e-02,9.452084402540938957e-01,5.479155974590618761e-02
5.592733038423038714e-233,1.000000000000000000e+00,5.592733038423037821e-233,1.000000000000000000e+00
1.024093259736573733e-07,9.999998975906739807e-01,1.024093259736573601e-07,9.999998975906739807e-01
1.204632648630328443e-17,1.000000000000000000e+00,1.204632648630328443e-17,1.000000000000000000e+00
2.418487454728752030e-100,1.000000000000000000e+00,2.418487454728751522e-100,1.000000000000000000e+00
9.438928158463123889e-16,9.999999999999991118e-01,9.438928158463123889e-16,9.999999999999991118e-01
1.204632648630328597e-17,1.000000000000000000e+00,1.204632648630328443e-17,1.000000000000000000e+00
3.118280795953258742e-12,9.999999999968817166e-01,3.118280795953258742e-12,9.999999999968818276e-01
2.411949648323457119e-24,1.000000000000000000e+00,2.411949648323457119e-24,1.000000000000000000e+00
9.012425899289902827e-20,1.000000000000000000e+00,9.012425899289904031e-20,1.000000000000000000e+00
4.238036665409437353e-09,9.999999957619634117e-01,4.238036665409436526e-09,9.999999957619634117e-01
2.800694639572795519e-01,7.199305360427203926e-01,2.800694639572795519e-01,7.199305360427205036e-01
2.800694639572795519e-01,7.199305360427203926e-01,2.800694639572796074e-01,7.199305360427203926e-01
2.660874161072915971e-54,1.000000000000000000e+00,2.660874161072915971e-54,1.000000000000000000e+00
4.237959541079384658e-04,9.995762040458922026e-01,4.237959541079384658e-04,9.995762040458920916e-01
3.802272892144980872e-93,1.000000000000000000e+00,3.802272892144980872e-93,1.000000000000000000e+00
2.165113646131693656e-74,1.000000000000000000e+00,2.165113646131694048e-74,1.000000000000000000e+00
7.348060592059387583e-144,1.000000000000000000e+00,7.348060592059387583e-144,1.000000000000000000e+00
1.729472159156367546e-86,1.000000000000000000e+00,1.729472159156367546e-86,1.000000000000000000e+00
9.438928158463121917e-16,9.999999999999990008e-01,9.438928158463123889e-16,9.999999999999991118e-01
9.999999999650964755e-01,3.490349648769413991e-11,9.999999999650964755e-01,3.490349648769413991e-11
7.171004187908405214e-01,2.828995812091594786e-01,7.171004187908405214e-01,2.828995812091594786e-01
9.999989299898902617e-01,1.070010109758290638e-06,9.999989299898901507e-01,1.070010109758290638e-06
9.999999998902970866e-01,1.097029182965418820e-10,9.999999998902969756e-01,1.097029182965418820e-10
9.525930785844259549e-64,1.000000000000000000e+00,9.525930785844260898e-64,1.000000000000000000e+00
9.999998453444800539e-01,1.546555199409894226e-07,9.999998453444800539e-01,1.546555199409894226e-07
1.204632648630328443e-17,1.000000000000000000e+00,1.204632648630328289e-17,1.000000000000000000e+00
9.525930785844259549e-64,1.000000000000000000e+00,9.525930785844260898e-64,1.000000000000000000e+00
2.418487454728751522e-100,1.000000000000000000e+00,2.418487454728751522e-100,1.000000000000000000e+00
1.807898221812568306e-35,1.000000000000000000e+00,1.807898221812568574e-35,1.000000000000000000e+00
8.800956425758333637e-125,1.000000000000000000e+00,8.800956425758332587e-125,1.000000000000000000e+00
5.075134280179417236e-03,9.949248657198205281e-01,5.075134280179417236e-03,9.949248657198205281e-01
9.999998453444800539e-01,1.546555199409894226e-07,9.999998453444800539e-01,1.546555199409893962e-07
9.998888664507001867e-01,1.111335492998637273e-04,9.998888664507000756e-01,1.111335492998637273e-04
9.999999999946544982e-01,5.345521493554952872e-12,9.999999999946544982e-01,5.345521493554953680e-12
9.999999978183631288e-01,2.181636924981145429e-09,9.999999978183630178e-01,2.181636924981145429e-09
9.999999999860557098e-01,1.394431753178002253e-11,9.999999999860555988e-01,1.394431753178001930e-11
9.999999999916409088e-01,8.359062569314933052e-12,9.999999999916409088e-01,8.359062569314931437e-12
9.999999999941007189e-01,5.899290110926180300e-12,9.999999999941007189e-01,5.899290110926179492e-12
9.999999999879028989e-01,1.209708840208108786e-11,9.999999999879028989e-01,1.209708840208108786e-11
9.999999999908945059e-01,9.105508767128303057e-12,9.999999999908943948e-01,9.105508767128303057e-12
9.999999999937111417e-01,6.288878759764702183e-12,9.999999999937111417e-01,6.288878759764702183e-12
9.999999999946544982e-01,5.345521493554953680e-12,9.999999999946544982e-01,5.345521493554952872e-12
9.999999998528752432e-01,1.471248556232710236e-10,9.999999998528751322e-01,1.471248556232709977e-10
9.999999999899356062e-01,1.006436526594150710e-11,9.999999999899354952e-01,1.006436526594150549e-11
9.999996165722054853e-01,3.834277945064683469e-07,9.999996165722055963e-01,3.834277945064683999e-07
9.999999992258554737e-01,7.741444925183932724e-10,9.999999992258554737e-01,7.741444925183932724e-10
9.999999999905299086e-01,9.470110775287381414e-12,9.999999999905299086e-01,9.470110775287383029e-12
9.999999999952163821e-01,4.783576317964525966e-12,9.999999999952163821e-01,4.783576317964525966e-12
9.999999999928261829e-01,7.173779663715421509e-12,9.999999999928261829e-01,7.173779663715420701e-12
9.999999999837736464e-01,1.622624383848748758e-11,9.999999999837737574e-01,1.622624383848749081e-11
9.999999999203141865e-01,7.968584051343268729e-11,9.999999999203140755e-01,7.968584051343268729e-11
9.999999999937111417e-01,6.288878759764702990e-12,9.999999999937111417e-01,6.288878759764703798e-12
9.999999999720921018e-01,2.790791985147400355e-11,9.999999999720921018e-01,2.790791985147400678e-11
9.998888664507000756e-01,1.111335492998637137e-04,9.998888664507001867e-01,1.111335492998637273e-04
9.452084402540937846e-01,5.479155974590618761e-02,9.452084402540937846e-01,5.479155974590618761e-02
9.999999698367983969e-01,3.016320162238130533e-08,9.999999698367983969e-01,3.016320162238131195e-08
1.729472159156367546e-86,1.000000000000000000e+00,1.729472159156367546e-86,1.000000000000000000e+00
5.075134280179417236e-03,9.949248657198206391e-01,5.075134280179417236e-03,9.949248657198205281e-01
2.411949648323457119e-24,1.000000000000000000e+00,2.411949648323457487e-24,1.000000000000000000e+00
9.999999992258555848e-01,7.741444925183933758e-10,9.999999992258554737e-01,7.741444925183932724e-10
9.999999999954550800e-01,4.544940010447998581e-12,9.999999999954550800e-01,4.544940010447997773e-12
9.999999999720921018e-01,2.790791985147400355e-11,9.999999999720921018e-01,2.790791985147400678e-11
9.999999999542145135e-01,4.578553539518116784e-11,9.999999999542145135e-01,4.578553539518116137e-11
9.999999698367983969e-01,3.016320162238130533e-08,9.999999698367983969e-01,3.016320162238131195e-08
9.999999999948683271e-01,5.131695836158599465e-12,9.999999999948683271e-01,5.131695836158599465e-12
9.999999999542144025e-01,4.578553539518116137e-11,9.999999999542145135e-01,4.578553539518116784e-11
9.999999999953544938e-01,4.645487461669451271e-12,9.999999999953544938e-01,4.645487461669451271e-12
9.999999999955432317e-01,4.456731138826037957e-12,9.999999999955432317e-01,4.456731138826037957e-12
9.999999999650964755e-01,3.490349648769413991e-11,9.999999999650965865e-01,3.490349648769414637e-11
9.999999999942685847e-01,5.731468574141193056e-12,9.999999999942684736e-01,5.731468574141192248e-12
9.999999999922692950e-01,7.730700947606279369e-12,9.999999999922692950e-01,7.730700947606279369e-12
9.999999999899356062e-01,1.006436526594150549e-11,9.999999999899356062e-01,1.006436526594150387e-11
9.999999999908945059e-01,9.105508767128303057e-12,9.999999999908945059e-01,9.105508767128303057e-12
9.999999999929860550e-01,7.013891618570120165e-12,9.999999999929860550e-01,7.013891618570120165e-12
9.999999999954932717e-01,4.506725468282260194e-12,9.999999999954932717e-01,4.506725468282260194e-12
9.999989299898901507e-01,1.070010109758290638e-06,9.999989299898902617e-01,1.070010109758290638e-06
9.998888664507001867e-01,1.111335492998637273e-04,9.998888664507001867e-01,1.111335492998637137e-04
9.999999992258554737e-01,7.741444925183932724e-10,9.999999992258555848e-01,7.741444925183932724e-10
9.452084402540937846e-01,5.479155974590618761e-02,9.452084402540937846e-01,5.479155974590618067e-02
9.999999999411371965e-01,5.886277231940617913e-11,9.999999999411371965e-01,5.886277231940617913e-11
4.500959010832751184e-134,1.000000000000000000e+00,4.500959010832750207e-134,1.000000000000000000e+00
1.000000000000000000e+00,4.500959010767253046e-124,2.647869429057981356e-203,1.000000000000000000e+00
2.411949648323457119e-24,1.000000000000000000e+00,2.411949648323457119e-24,1.000000000000000000e+00
3.397932514708830940e-80,1.000000000000000000e+00,3.397932514708830940e-80,1.000000000000000000e+00
6.045497239936985602e-108,1.000000000000000000e+00,6.045497239936985602e-108,1.000000000000000000e+00
9.352388813999779979e-59,1.000000000000000000e+00,9.352388813999781748e-59,1.000000000000000000e+00
9.999996165722053743e-01,3.834277945064682410e-07,9.999996165722054853e-01,3.834277945064683469e-07
9.999999960903752649e-01,3.909624719461175298e-09,9.999999960903752649e-01,3.909624719461175298e-09
4.600492363018045496e-46,1.000000000000000000e+00,4.600492363018045496e-46,1.000000000000000000e+00
9.525930785844260898e-64,1.000000000000000000e+00,9.525930785844260898e-64,1.000000000000000000e+00
4.238036665409437353e-09,9.999999957619634117e-01,4.238036665409436526e-09,9.999999957619634117e-01
4.109082433440387869e-50,1.000000000000000000e+00,4.109082433440388344e-50,1.000000000000000000e+00
1.807898221812568306e-35,1.000000000000000000e+00,1.807898221812568574e-35,1.000000000000000000e+00
9.999999999950521801e-01,4.947834189787316281e-12,9.999999999950521801e-01,4.947834189787316281e-12
9.999999999650964755e-01,3.490349648769413991e-11,9.999999999650965865e-01,3.490349648769413991e-11
9.999999698367983969e-01,3.016320162238131195e-08,9.999999698367983969e-01,3.016320162238131195e-08
9.999999999944296780e-01,5.570273398802443812e-12,9.999999999944297890e-01,5.570273398802444620e-12
9.999999999411373075e-01,5.886277231940617913e-11,9.999999999411371965e-01,5.886277231940617913e-11
9.999989299898901507e-01,1.070010109758290638e-06,9.999989299898902617e-01,1.070010109758290638e-06
9.999999999908945059e-01,9.105508767128303057e-12,9.999999999908945059e-01,9.105508767128303057e-12
7.552308208795004252e-14,9.999999999999245048e-01,7.552308208795004252e-14,9.999999999999243938e-01
9.999999999941007189e-01,5.899290110926179492e-12,9.999999999941007189e-01,5.899290110926180300e-12
8.282882430931687010e-39,1.000000000000000000e+00,8.282882430931687010e-39,1.000000000000000000e+00
8.282882430931687010e-39,1.000000000000000000e+00,8.282882430931687010e-39,1.000000000000000000e+00
9.525930785844259549e-64,1.000000000000000000e+00,9.525930785844260898e-64,1.000000000000000000e+00
2.142316050007143544e-165,1.000000000000000000e+00,2.142316050022731146e-165,1.000000000000000000e+00
9.525930785844260898e-64,1.000000000000000000e+00,9.525930785844260898e-64,1.000000000000000000e+00
1.807898221812568574e-35,1.000000000000000000e+00,1.807898221812568574e-35,1.000000000000000000e+00
1.024093259736573733e-07,9.999998975906740917e-01,1.024093259736573601e-07,9.999998975906739807e-01
9.999999999203141865e-01,7.968584051343270022e-11,9.999999999203141865e-01,7.968584051343270022e-11
9.999999999809391360e-01,1.906088483002907982e-11,9.999999999809391360e-01,1.906088483002907659e-11
9.999999999948926410e-01,5.107369090437681211e-12,9.999999999948925300e-01,5.107369090437681211e-12
9.999999999948683271e-01,5.131695836158599465e-12,9.999999999948682161e-01,5.131695836158599465e-12
9.999999999941007189e-01,5.899290110926180300e-12,9.999999999941006079e-01,5.899290110926180300e-12
9.999999998902970866e-01,1.097029182965418820e-10,9.999999998902970866e-01,1.097029182965418820e-10
9.999999960903752649e-01,3.909624719461175298e-09,9.999999960903752649e-01,3.909624719461174470e-09
4.500959010832751184e-134,1.000000000000000000e+00,4.500959010832751184e-134,1.000000000000000000e+00
9.999696545150301707e-01,3.034548496989705727e-05,9.999696545150300597e-01,3.034548496989705727e-05
9.995273477505143278e-01,4.726522494856116949e-04,9.995273477505143278e-01,4.726522494856116949e-04
9.999989299898902617e-01,1.070010109758290638e-06,9.999989299898901507e-01,1.070010109758290426e-06
9.999989299898901507e-01,1.070010109758290638e-06,9.999989299898903727e-01,1.070010109758290850e-06
9.999971298270134978e-01,2.870172986552557824e-06,9.999971298270134978e-01,2.870172986552558248e-06
9.999999999720921018e-01,2.790791985147400678e-11,9.999999999720921018e-01,2.790791985147400355e-11
9.999999999941007189e-01,5.899290110926179492e-12,9.999999999941007189e-01,5.899290110926180300e-12
9.999999997909720939e-01,2.090278510371158343e-10,9.999999997909720939e-01,2.090278510371158602e-10
9.999999999411371965e-01,5.886277231940617913e-11,9.999999999411373075e-01,5.886277231940617913e-11
9.999999999949116258e-01,5.088395614172991670e-12,9.999999999949116258e-01,5.088395614172991670e-12
9.999999999933496531e-01,6.650344746519999898e-12,9.999999999933497641e-01,6.650344746520001514e-12
9.999999698367983969e-01,3.016320162238131195e-08,9.999999698367982859e-01,3.016320162238130533e-08
9.999999999906338255e-01,9.366147880958003446e-12,9.999999999906339365e-01,9.366147880958003446e-12
9.999999999720921018e-01,2.790791985147400355e-11,9.999999999720921018e-01,2.790791985147400678e-11
9.995273477505144388e-01,4.726522494856116949e-04,9.995273477505143278e-01,4.726522494856116949e-04
1.807898221812568574e-35,1.000000000000000000e+00,1.807898221812568574e-35,1.000000000000000000e+00
6.045497239936985602e-108,1.000000000000000000e+00,6.045497239936985602e-108,1.000000000000000000e+00
1.911837754403148101e-32,1.000000000000000000e+00,1.911837754403147828e-32,1.000000000000000000e+00
6.877579828410526687e-27,1.000000000000000000e+00,6.877579828410528122e-27,1.000000000000000000e+00
1.911837754403147828e-32,1.000000000000000000e+00,1.911837754403147828e-32,1.000000000000000000e+00
5.646231525335899583e-22,1.000000000000000000e+00,5.646231525335899583e-22,1.000000000000000000e+00
4.600492363018045496e-46,1.000000000000000000e+00,4.600492363018045496e-46,1.000000000000000000e+00
1.807898221812568574e-35,1.000000000000000000e+00,1.807898221812568574e-35,1.000000000000000000e+00
9.999999352164864463e-01,6.478351360437163970e-08,9.999999352164864463e-01,6.478351360437162646e-08
9.999999999951999508e-01,4.800040420001613782e-12,9.999999999951999508e-01,4.800040420001612974e-12
9.999999923441931227e-01,7.655806880215145554e-09,9.999999923441932337e-01,7.655806880215143900e-09
9.999999999650964755e-01,3.490349648769414637e-11,9.999999999650965865e-01,3.490349648769414637e-11
9.999998453444800539e-01,1.546555199409894226e-07,9.999998453444801649e-01,1.546555199409894491e-07
9.999999999954550800e-01,4.544940010447997773e-12,9.999999999954550800e-01,4.544940010447998581e-12
9.999999999952834395e-01,4.716556624679471874e-12,9.999999999952834395e-01,4.716556624679472682e-12
9.999999999899356062e-01,1.006436526594150549e-11,9.999999999899356062e-01,1.006436526594150710e-11
9.999999999944296780e-01,5.570273398802444620e-12,9.999999999944297890e-01,5.570273398802445428e-12
9.999999999933496531e-01,6.650344746519999898e-12,9.999999999933495420e-01,6.650344746520000706e-12
9.999999999926452166e-01,7.354885591305519385e-12,9.999999999926451055e-01,7.354885591305519385e-12
9.999999995101670480e-01,4.898329619689137195e-10,9.999999995101670480e-01,4.898329619689137195e-10
9.998888664507000756e-01,1.111335492998637137e-04,9.998888664507001867e-01,1.111335492998637273e-04
5.592733038423038714e-233,1.000000000000000000e+00,5.592733038423038714e-233,1.000000000000000000e+00
5.791212680180160386e-49,1.000000000000000000e+00,5.791212680180161145e-49,1.000000000000000000e+00
2.260169015175911537e-21,1.000000000000000000e+00,9.999999998999999750e-11,9.999999998999999917e-01
4.438048539790322038e-43,1.000000000000000000e+00,1.329140831224158876e-59,1.000000000000000000e+00
1.000000000000000000e+00,1.329140831195146302e-49,1.097390027135868367e-305,1.000000000000000000e+00
1.097390027143852975e-295,1.000000000000000000e+00,4.144426515082534203e-113,1.000000000000000000e+00
1.128015099316161542e-136,1.000000000000000000e+00,9.999999998999999750e-11,9.999999998999999917e-01
1.000000000000000000e+00,1.216072994320442488e-39,9.999999998999999750e-11,9.999999998999999917e-01
1.000000000000000000e+00,4.674975687019357713e-239,2.372532378696426706e-158,1.000000000000000000e+00
1.000000000000000000e+00,2.372532378627376849e-148,7.272014977312240274e-172,1.000000000000000000e+00
1.000000000000000000e+00,7.272014977365150505e-162,3.869696153150460501e-116,1.000000000000000000e+00
2.411949648323457487e-24,1.000000000000000000e+00,2.411949648323457119e-24,1.000000000000000000e+00
1.024093259736573733e-07,9.999998975906739807e-01,1.024093259736573601e-07,9.999998975906739807e-01
9.999999987502280474e-01,1.249771974204332411e-09,9.999999987502280474e-01,1.249771974204332617e-09
9.999999352164863353e-01,6.478351360437162646e-08,9.999999352164863353e-01,6.478351360437162646e-08
9.999999996834015858e-01,3.165983998440406059e-10,9.999999996834015858e-01,3.165983998440406059e-10
9.999999999953544938e-01,4.645487461669452078e-12,9.999999999953543828e-01,4.645487461669451271e-12
9.999999999955205832e-01,4.479402961119157849e-12,9.999999999955206942e-01,4.479402961119158657e-12
9.999999999879028989e-01,1.209708840208108786e-11,9.999999999879028989e-01,1.209708840208108786e-11
4.238036665409436526e-09,9.999999957619633006e-01,4.238036665409436526e-09,9.999999957619633006e-01
1.331061532841260605e-10,9.999999998668938073e-01,1.331061532841260863e-10,9.999999998668938073e-01
9.999999999879030099e-01,1.209708840208108948e-11,9.999999999879028989e-01,1.209708840208108786e-11
9.999999352164864463e-01,6.478351360437163970e-08,9.999999352164864463e-01,6.478351360437163970e-08
9.999999999906338255e-01,9.366147880958001830e-12,9.999999999906339365e-01,9.366147880958003446e-12
9.999989299898902617e-01,1.070010109758290638e-06,9.999989299898903727e-01,1.070010109758290638e-06
1.331061532841261122e-10,9.999999998668939183e-01,1.331061532841260605e-10,9.999999998668938073e-01
9.999912770566483644e-01,8.722943351604155754e-06,9.999912770566483644e-01,8.722943351604155754e-06
9.998888664507000756e-01,1.111335492998637273e-04,9.998888664507001867e-01,1.111335492998637002e-04
9.999999999906339365e-01,9.366147880958003446e-12,9.999999999906339365e-01,9.366147880958003446e-12
9.999999999933496531e-01,6.650344746519999898e-12,9.999999999933497641e-01,6.650344746520002321e-12
9.999999999894058078e-01,1.059421469923963425e-11,9.999999999894058078e-01,1.059421469923963425e-11
9.999999999916409088e-01,8.359062569314933052e-12,9.999999999916409088e-01,8.359062569314931437e-12
9.999999999928261829e-01,7.173779663715421509e-12,9.999999999928262939e-01,7.173779663715422317e-12
9.999999999955236918e-01,4.476278123280249213e-12,9.999999999955236918e-01,4.476278123280248405e-12
9.999999999954056751e-01,4.594320500659562682e-12,9.999999999954056751e-01,4.594320500659562682e-12
9.999999999879028989e-01,1.209708840208108786e-11,9.999999999879028989e-01,1.209708840208108948e-11
9.999999987502280474e-01,1.249771974204332617e-09,9.999999987502280474e-01,1.249771974204332617e-09
9.999999999913983251e-01,8.601674835794415783e-12,9.999999999913984361e-01,8.601674835794415783e-12
9.999999999947765117e-01,5.223516961249337452e-12,9.999999999947765117e-01,5.223516961249336644e-12
9.999999999906339365e-01,9.366147880958003446e-12,9.999999999906339365e-01,9.366147880958003446e-12
9.999999999944296780e-01,5.570273398802444620e-12,9.999999999944296780e-01,5.570273398802444620e-12
9.999999999916409088e-01,8.359062569314933052e-12,9.999999999916410198e-01,8.359062569314933052e-12
9.999999999933496531e-01,6.650344746519999898e-12,9.999999999933496531e-01,6.650344746520000706e-12
9.999999998902970866e-01,1.097029182965418820e-10,9.999999998902970866e-01,1.097029182965418820e-10
9.999999999951034724e-01,4.896557034193482619e-12,9.999999999951034724e-01,4.896557034193483427e-12
9.999999999954979346e-01,4.502010443702746270e-12,9.999999999954979346e-01,4.502010443702745462e-12
9.999999999952834395e-01,4.716556624679471874e-12,9.999999999952835505e-01,4.716556624679471874e-12
9.999999999542144025e-01,4.578553539518116137e-11,9.999999999542145135e-01,4.578553539518116137e-11
9.999999997909720939e-01,2.090278510371158343e-10,9.999999997909720939e-01,2.090278510371158343e-10
9.999999999923419036e-01,7.658139894137859719e-12,9.999999999923417926e-01,7.658139894137859719e-12
9.999971298270134978e-01,2.870172986552557824e-06,9.999971298270133868e-01,2.870172986552557824e-06
9.999999998528751322e-01,1.471248556232709977e-10,9.999999998528751322e-01,1.471248556232709977e-10
9.999989299898902617e-01,1.070010109758290638e-06,9.999989299898901507e-01,1.070010109758290426e-06
9.999999999955236918e-01,4.476278123280248405e-12,9.999999999955235808e-01,4.476278123280248405e-12
9.999999992258554737e-01,7.741444925183932724e-10,9.999999992258555848e-01,7.741444925183931691e-10
9.999999999928261829e-01,7.173779663715421509e-12,9.999999999928261829e-01,7.173779663715420701e-12
9.999999999950521801e-01,4.947834189787316281e-12,9.999999999950521801e-01,4.947834189787315473e-12
9.999999999899356062e-01,1.006436526594150549e-11,9.999999999899357173e-01,1.006436526594150549e-11
9.999999999899356062e-01,1.006436526594150549e-11,9.999999999899357173e-01,1.006436526594150710e-11
9.999999999899356062e-01,1.006436526594150549e-11,9.999999999899357173e-01,1.006436526594150710e-11
9.999999999773966364e-01,2.260333082473759073e-11,9.999999999773967474e-01,2.260333082473759719e-11
9.999999992258554737e-01,7.741444925183932724e-10,9.999999992258555848e-01,7.741444925183932724e-10
9.999999997909720939e-01,2.090278510371158602e-10,9.999999997909722049e-01,2.090278510371158860e-10
9.999999999935760275e-01,6.423970721800951839e-12,9.999999999935760275e-01,6.423970721800951839e-12
9.999999999916409088e-01,8.359062569314933052e-12,9.999999999916410198e-01,8.359062569314933052e-12
9.999999999899356062e-01,1.006436526594150549e-11,9.999999999899356062e-01,1.006436526594150549e-11
9.999999999955387908e-01,4.461220696168341326e-12,9.999999999955387908e-01,4.461220696168342134e-12
9.999999999899356062e-01,1.006436526594150549e-11,9.999999999899356062e-01,1.006436526594150549e-11
9.999999999941007189e-01,5.899290110926180300e-12,9.999999999941007189e-01,5.899290110926180300e-12
9.999999999951999508e-01,4.800040420001612974e-12,9.999999999951999508e-01,4.800040420001612974e-12
9.999999698367983969e-01,3.016320162238131195e-08,9.999999698367983969e-01,3.016320162238130533e-08
9.999999999915555327e-01,8.444435846188329463e-12,9.999999999915555327e-01,8.444435846188331079e-12
9.999999999935760275e-01,6.423970721800951839e-12,9.999999999935760275e-01,6.423970721800951839e-12
9.999999999922692950e-01,7.730700947606279369e-12,9.999999999922692950e-01,7.730700947606279369e-12
9.999999998902970866e-01,1.097029182965418691e-10,9.999999998902971976e-01,1.097029182965418820e-10
9.999999999952163821e-01,4.783576317964525966e-12,9.999999999952164931e-01,4.783576317964526774e-12
9.999999999837736464e-01,1.622624383848748758e-11,9.999999999837737574e-01,1.622624383848749404e-11
9.999999999953218532e-01,4.678158430719900854e-12,9.999999999953217422e-01,4.678158430719900854e-12
9.999999923441931227e-01,7.655806880215145554e-09,9.999999923441932337e-01,7.655806880215145554e-09
9.999999999933496531e-01,6.650344746520000706e-12,9.999999999933497641e-01,6.650344746520000706e-12
9.999999999926452166e-01,7.354885591305519385e-12,9.999999999926451055e-01,7.354885591305519385e-12
9.999999999922692950e-01,7.730700947606279369e-12,9.999999999922691840e-01,7.730700947606279369e-12
9.999999995101670480e-01,4.898329619689137195e-10,9.999999995101670480e-01,4.898329619689137195e-10
9.999999999947278839e-01,5.272117414844185101e-12,9.999999999947278839e-01,5.272117414844184293e-12
9.999999999542144025e-01,4.578553539518116137e-11,9.999999999542145135e-01,4.578553539518116137e-11
9.999999999954550800e-01,4.544940010447998581e-12,9.999999999954550800e-01,4.544940010447997773e-12
9.999999999954932717e-01,4.506725468282260194e-12,9.999999999954933827e-01,4.506725468282261001e-12
9.999999999923987470e-01,7.601346801464903229e-12,9.999999999923987470e-01,7.601346801464904844e-12
9.999999999953544938e-01,4.645487461669452078e-12,9.999999999953544938e-01,4.645487461669452078e-12
9.999999999928261829e-01,7.173779663715421509e-12,9.999999999928262939e-01,7.173779663715421509e-12
9.999999999954932717e-01,4.506725468282260194e-12,9.999999999954932717e-01,4.506725468282260194e-12
9.999999999905297976e-01,9.470110775287381414e-12,9.999999999905299086e-01,9.470110775287383029e-12
9.999999999919976235e-01,8.002350202457409247e-12,9.999999999919977345e-01,8.002350202457410863e-12
9.999999999899356062e-01,1.006436526594150549e-11,9.999999999899356062e-01,1.006436526594150549e-11
9.999999999948926410e-01,5.107369090437681211e-12,9.999999999948925300e-01,5.107369090437681211e-12
9.999999999950521801e-01,4.947834189787316281e-12,9.999999999950521801e-01,4.947834189787316281e-12
9.999999999932954742e-01,6.704528807953964017e-12,9.999999999932954742e-01,6.704528807953964825e-12
9.999999999942015272e-01,5.798478635386659122e-12,9.999999999942015272e-01,5.798478635386659122e-12
9.999999999411373075e-01,5.886277231940617913e-11,9.999999999411371965e-01,5.886277231940617913e-11
9.999989299898901507e-01,1.070010109758290638e-06,9.999989299898902617e-01,1.070010109758290638e-06
9.999999978183631288e-01,2.181636924981145843e-09,9.999999978183631288e-01,2.181636924981145843e-09
9.999999999955236918e-01,4.476278123280249213e-12,9.999999999955236918e-01,4.476278123280249213e-12
9.999999999946544982e-01,5.345521493554953680e-12,9.999999999946546092e-01,5.345521493554952872e-12
9.999999999944296780e-01,5.570273398802443812e-12,9.999999999944296780e-01,5.570273398802443812e-12
9.999999999950521801e-01,4.947834189787316281e-12,9.999999999950520690e-01,4.947834189787315473e-12
9.999999999955432317e-01,4.456731138826037957e-12,9.999999999955432317e-01,4.456731138826037149e-12
9.999999999954932717e-01,4.506725468282260194e-12,9.999999999954933827e-01,4.506725468282260194e-12
9.999999999916409088e-01,8.359062569314933052e-12,9.999999999916409088e-01,8.359062569314933052e-12
9.999989299898902617e-01,1.070010109758290638e-06,9.999989299898902617e-01,1.070010109758290638e-06
1.909432868935981671e-06,9.999980905671310705e-01,1.909432868935981671e-06,9.999980905671310705e-01
9.978702591859794913e-01,2.129740814020658363e-03,9.978702591859793802e-01,2.129740814020658363e-03
2.411949648323457119e-24,1.000000000000000000e+00,2.411949648323456752e-24,1.000000000000000000e+00
1.204632648630328597e-17,1.000000000000000000e+00,1.204632648630328443e-17,1.000000000000000000e+00
6.508554717865464225e-69,1.000000000000000000e+00,6.508554717865464225e-69,1.000000000000000000e+00
9.999696545150301707e-01,3.034548496989705727e-05,9.999696545150300597e-01,3.034548496989705727e-05
5.075134280179417236e-03,9.949248657198205281e-01,5.075134280179417236e-03,9.949248657198206391e-01
4.237959541079384658e-04,9.995762040458920916e-01,4.237959541079384658e-04,9.995762040458920916e-01
1.331061532841260863e-10,9.999999998668938073e-01,1.331061532841260605e-10,9.999999998668938073e-01
2.142316050022730905e-165,1.000000000000000000e+00,2.142316050022731146e-165,1.000000000000000000e+00
1.331061532841260863e-10,9.999999998668938073e-01,1.331061532841260863e-10,9.999999998668938073e-01
7.552308208795004252e-14,9.999999999999245048e-01,7.552308208795005515e-14,9.999999999999245048e-01
1.331061532841260863e-10,9.999999998668938073e-01,1.331061532841260863e-10,9.999999998668938073e-01
2.660874161072915971e-54,1.000000000000000000e+00,2.660874161072915971e-54,1.000000000000000000e+00
2.418487454728752030e-100,1.000000000000000000e+00,2.418487454728751522e-100,1.000000000000000000e+00
2.142316050007143544e-165,1.000000000000000000e+00,2.142316050022731146e-165,1.000000000000000000e+00
1.000000000000000000e+00,2.142316049991555994e-155,3.170400911169890824e-208,1.000000000000000000e+00
1.000000000000000000e+00,1.406901203311464473e-87,5.502033506899062883e-285,1.000000000000000000e+00
8.282882430931685705e-39,1.000000000000000000e+00,8.282882430931687010e-39,1.000000000000000000e+00
1.133231708851856233e-217,1.000000000000000000e+00,1.133231708851856434e-217,1.000000000000000000e+00
1.000000000000000000e+00,1.133231708843610999e-207,3.869696153150460501e-116,1.000000000000000000e+00
1.000000000000000000e+00,3.869696153150460199e-106,1.133231708851856434e-217,1.000000000000000000e+00
7.552308208795004252e-14,9.999999999999245048e-01,7.552308208795004252e-14,9.999999999999245048e-01
9.978702591859793802e-01,2.129740814020658363e-03,9.978702591859793802e-01,2.129740814020658363e-03
5.646231525335899583e-22,1.000000000000000000e+00,5.646231525335898642e-22,1.000000000000000000e+00
1.024093259736573601e-07,9.999998975906739807e-01,1.024093259736573601e-07,9.999998975906739807e-01
9.995273477505144388e-01,4.726522494856117492e-04,9.995273477505144388e-01,4.726522494856117492e-04
9.999999999894058078e-01,1.059421469923963264e-11,9.999999999894058078e-01,1.059421469923963425e-11
9.999999999948926410e-01,5.107369090437681211e-12,9.999999999948925300e-01,5.107369090437681211e-12
5.646231525335899583e-22,1.000000000000000000e+00,5.646231525335899583e-22,1.000000000000000000e+00
4.238036665409435698e-09,9.999999957619633006e-01,4.238036665409436526e-09,9.999999957619634117e-01
9.999999999720922128e-01,2.790791985147401001e-11,9.999999999720921018e-01,2.790791985147400678e-11
9.998888664507000756e-01,1.111335492998637137e-04,9.998888664507001867e-01,1.111335492998637273e-04
9.999999995101670480e-01,4.898329619689136161e-10,9.999999995101670480e-01,4.898329619689138229e-10
9.999999999906338255e-01,9.366147880958001830e-12,9.999999999906338255e-01,9.366147880958001830e-12
9.999999978183631288e-01,2.181636924981145843e-09,9.999999978183630178e-01,2.181636924981145429e-09
9.999999999542145135e-01,4.578553539518116784e-11,9.999999999542144025e-01,4.578553539518115491e-11
1.807898221812568574e-35,1.000000000000000000e+00,1.807898221812568574e-35,1.000000000000000000e+00
1.204632648630328443e-17,1.000000000000000000e+00,1.204632648630328443e-17,1.000000000000000000e+00
9.999999999542144025e-01,4.578553539518115491e-11,9.999999999542144025e-01,4.578553539518116137e-11
9.999999999952163821e-01,4.783576317964525966e-12,9.999999999952164931e-01,4.783576317964526774e-12
9.999999999955205832e-01,4.479402961119157849e-12,9.999999999955205832e-01,4.479402961119158657e-12
9.999999997909720939e-01,2.090278510371158343e-10,9.999999997909720939e-01,2.090278510371158602e-10
7.552308208795005515e-14,9.999999999999245048e-01,7.552308208795004252e-14,9.999999999999243938e-01
3.397932514708830940e-80,1.000000000000000000e+00,3.397932514708830940e-80,1.000000000000000000e+00
9.999912770566483644e-01,8.722943351604155754e-06,9.999912770566484754e-01,8.722943351604157448e-06
9.999999998902970866e-01,1.097029182965418820e-10,9.999999998902970866e-01,1.097029182965418691e-10
4.600492363018045496e-46,1.000000000000000000e+00,4.600492363018045496e-46,1.000000000000000000e+00
9.438928158463121917e-16,9.999999999999990008e-01,9.438928158463123889e-16,9.999999999999991118e-01
4.600492363018046273e-46,1.000000000000000000e+00,4.600492363018045496e-46,1.000000000000000000e+00
4.109082433440388344e-50,1.000000000000000000e+00,4.109082433440388344e-50,1.000000000000000000e+00
2.868567708286730604e-249,1.000000000000000000e+00,2.868567708286730604e-249,1.000000000000000000e+00
3.205186936509915818e-05,9.999679481306348316e-01,3.205186936509915818e-05,9.999679481306349427e-01
9.999999999930926364e-01,6.907402739650462592e-12,9.999999999930926364e-01,6.907402739650462592e-12
9.999999999944296780e-01,5.570273398802443812e-12,9.999999999944297890e-01,5.570273398802443812e-12
9.999999999946250773e-01,5.374910414184052083e-12,9.999999999946250773e-01,5.374910414184052083e-12
9.999999999954136687e-01,4.586312181200780250e-12,9.999999999954137797e-01,4.586312181200780250e-12
9.995273477505143278e-01,4.726522494856116949e-04,9.995273477505144388e-01,4.726522494856116949e-04
9.887602347579522721e-01,1.123976524204770185e-02,9.887602347579522721e-01,1.123976524204770358e-02
9.999999999953544938e-01,4.645487461669451271e-12,9.999999999953546048e-01,4.645487461669451271e-12
9.999999999860557098e-01,1.394431753178002253e-11,9.999999999860557098e-01,1.394431753178002415e-11
9.999999698367983969e-01,3.016320162238130533e-08,9.999999698367983969e-01,3.016320162238130533e-08
9.999999999899356062e-01,1.006436526594150549e-11,9.999999999899356062e-01,1.006436526594150710e-11
9.999999999919976235e-01,8.002350202457409247e-12,9.999999999919976235e-01,8.002350202457409247e-12
9.352388813999781748e-59,1.000000000000000000e+00,9.352388813999779979e-59,1.000000000000000000e+00
9.999696545150301707e-01,3.034548496989705727e-05,9.999696545150300597e-01,3.034548496989705727e-05
9.999999999937111417e-01,6.288878759764702990e-12,9.999999999937111417e-01,6.288878759764702183e-12
9.999999999942685847e-01,5.731468574141193056e-12,9.999999999942684736e-01,5.731468574141192248e-12
9.999999999955236918e-01,4.476278123280249213e-12,9.999999999955236918e-01,4.476278123280249213e-12
9.999999999411373075e-01,5.886277231940617913e-11,9.999999999411371965e-01,5.886277231940616621e-11
2.800694639572795519e-01,7.199305360427203926e-01,2.800694639572796074e-01,7.199305360427203926e-01
9.999999999899354952e-01,1.006436526594150549e-11,9.999999999899356062e-01,1.006436526594150549e-11
9.999999999949116258e-01,5.088395614172991670e-12,9.999999999949116258e-01,5.088395614172992478e-12
9.999999999950521801e-01,4.947834189787316281e-12,9.999999999950521801e-01,4.947834189787315473e-12
9.999999999916409088e-01,8.359062569314933052e-12,9.999999999916410198e-01,8.359062569314931437e-12
9.999999999949116258e-01,5.088395614172991670e-12,9.999999999949117369e-01,5.088395614172992478e-12
9.999999999899356062e-01,1.006436526594150549e-11,9.999999999899356062e-01,1.006436526594150549e-11
9.999999997909720939e-01,2.090278510371158602e-10,9.999999997909722049e-01,2.090278510371158602e-10
9.999999999933920636e-01,6.607938860822675590e-12,9.999999999933920636e-01,6.607938860822676397e-12
9.999999999905297976e-01,9.470110775287381414e-12,9.999999999905297976e-01,9.470110775287381414e-12
9.999999999923986360e-01,7.601346801464903229e-12,9.999999999923986360e-01,7.601346801464903229e-12
9.999999999899356062e-01,1.006436526594150549e-11,9.999999999899356062e-01,1.006436526594150710e-11
6.877579828410528122e-27,1.000000000000000000e+00,6.877579828410528122e-27,1.000000000000000000e+00
9.999999999542144025e-01,4.578553539518116137e-11,9.999999999542144025e-01,4.578553539518116137e-11
9.999999999860557098e-01,1.394431753178002253e-11,9.999999999860557098e-01,1.394431753178002091e-11
9.999999999910679227e-01,8.932022517738109090e-12,9.999999999910680337e-01,8.932022517738110705e-12
9.999999999922692950e-01,7.730700947606279369e-12,9.999999999922694061e-01,7.730700947606279369e-12
9.999999999905299086e-01,9.470110775287381414e-12,9.999999999905299086e-01,9.470110775287381414e-12
9.999999999910679227e-01,8.932022517738109090e-12,9.999999999910679227e-01,8.932022517738110705e-12
9.999999999899356062e-01,1.006436526594150549e-11,9.999999999899357173e-01,1.006436526594150710e-11
9.999999999954932717e-01,4.506725468282261001e-12,9.999999999954932717e-01,4.506725468282260194e-12
4.109082433440388344e-50,1.000000000000000000e+00,4.109082433440388344e-50,1.000000000000000000e+00
4.109082433440387869e-50,1.000000000000000000e+00,4.109082433440388344e-50,1.000000000000000000e+00
9.999999999894058078e-01,1.059421469923963425e-11,9.999999999894058078e-01,1.059421469923963425e-11
9.438928158463121917e-16,9.999999999999990008e-01,9.438928158463123889e-16,9.999999999999991118e-01
7.552308208795006777e-14,9.999999999999246159e-01,7.552308208795004252e-14,9.999999999999245048e-01
9.999999992258555848e-01,7.741444925183933758e-10,9.999999992258554737e-01,7.741444925183932724e-10
9.999999999955372365e-01,4.462777587715606883e-12,9.999999999955372365e-01,4.462777587715606883e-12
9.999999999948926410e-01,5.107369090437681211e-12,9.999999999948927520e-01,5.107369090437681211e-12
9.999999999937111417e-01,6.288878759764702990e-12,9.999999999937111417e-01,6.288878759764702990e-12
9.999999999650964755e-01,3.490349648769413991e-11,9.999999999650964755e-01,3.490349648769414637e-11
9.999999999933496531e-01,6.650344746520000706e-12,9.999999999933496531e-01,6.650344746519999898e-12
9.999999999203141865e-01,7.968584051343268729e-11,9.999999999203141865e-01,7.968584051343267437e-11
4.600492363018045496e-46,1.000000000000000000e+00,4.600492363018046273e-46,1.000000000000000000e+00
9.999999999542145135e-01,4.578553539518116137e-11,9.999999999542144025e-01,4.578553539518116137e-11
9.999999999923419036e-01,7.658139894137861334e-12,9.999999999923417926e-01,7.658139894137859719e-12
4.701494535463961871e-02,9.529850546453603188e-01,4.701494535463962565e-02,9.529850546453604299e-01
1.024093259736573733e-07,9.999998975906740917e-01,1.024093259736573601e-07,9.999998975906739807e-01
9.452084402540937846e-01,5.479155974590618761e-02,9.452084402540937846e-01,5.479155974590618761e-02
9.999996165722055963e-01,3.834277945064683469e-07,9.999996165722054853e-01,3.834277945064683469e-07
9.999999999949932272e-01,5.006829722137265452e-12,9.999999999949932272e-01,5.006829722137265452e-12
9.999999999908943948e-01,9.105508767128301442e-12,9.999999999908945059e-01,9.105508767128303057e-12
9.999999999941007189e-01,5.899290110926180300e-12,9.999999999941006079e-01,5.899290110926179492e-12
9.999696545150300597e-01,3.034548496989705727e-05,9.999696545150300597e-01,3.034548496989705388e-05
9.999999923441931227e-01,7.655806880215145554e-09,9.999999923441931227e-01,7.655806880215145554e-09
1.729472159156367904e-86,1.000000000000000000e+00,1.729472159156367546e-86,1.000000000000000000e+00
9.999999978183631288e-01,2.181636924981145429e-09,9.999999978183631288e-01,2.181636924981145429e-09
9.999999999773966364e-01,2.260333082473759073e-11,9.999999999773966364e-01,2.260333082473759073e-11
9.999999999899356062e-01,1.006436526594150549e-11,9.999999999899356062e-01,1.006436526594150710e-11
9.999999999899356062e-01,1.006436526594150549e-11,9.999999999899357173e-01,1.006436526594150710e-11
9.999999999899356062e-01,1.006436526594150549e-11,9.999999999899357173e-01,1.006436526594150710e-11
9.999999999899356062e-01,1.006436526594150549e-11,9.999999999899357173e-01,1.006436526594150710e-11
9.999999999894058078e-01,1.059421469923963425e-11,9.999999999894058078e-01,1.059421469923963264e-11
9.999999999946544982e-01,5.345521493554953680e-12,9.999999999946544982e-01,5.345521493554953680e-12
9.999999999894058078e-01,1.059421469923963425e-11,9.999999999894056968e-01,1.059421469923963102e-11
9.999996165722054853e-01,3.834277945064683469e-07,9.999996165722055963e-01,3.834277945064683469e-07
7.552308208795004252e-14,9.999999999999245048e-01,7.552308208795005515e-14,9.999999999999245048e-01
9.995273477505143278e-01,4.726522494856116407e-04,9.995273477505143278e-01,4.726522494856116949e-04
9.999999999203141865e-01,7.968584051343270022e-11,9.999999999203141865e-01,7.968584051343270022e-11
9.999999352164864463e-01,6.478351360437162646e-08,9.999999352164863353e-01,6.478351360437162646e-08
7.171004187908405214e-01,2.828995812091594786e-01,7.171004187908405214e-01,2.828995812091595341e-01
3.205186936509915818e-05,9.999679481306349427e-01,3.205186936509915818e-05,9.999679481306348316e-01
9.999999845245973740e-01,1.547540266008139746e-08,9.999999845245972629e-01,1.547540266008139746e-08
4.237959541079384116e-04,9.995762040458919806e-01,4.237959541079384116e-04,9.995762040458920916e-01
2.800694639572795519e-01,7.199305360427203926e-01,2.800694639572796074e-01,7.199305360427203926e-01
9.999999960903752649e-01,3.909624719461175298e-09,9.999999960903753760e-01,3.909624719461175298e-09
9.998888664507001867e-01,1.111335492998637273e-04,9.998888664507000756e-01,1.111335492998637273e-04
9.999912770566483644e-01,8.722943351604155754e-06,9.999912770566483644e-01,8.722943351604155754e-06
9.999912770566483644e-01,8.722943351604155754e-06,9.999912770566484754e-01,8.722943351604155754e-06
9.999999845245973740e-01,1.547540266008139746e-08,9.999999845245972629e-01,1.547540266008139746e-08
9.999999998902970866e-01,1.097029182965418820e-10,9.999999998902971976e-01,1.097029182965418950e-10
9.999999923441931227e-01,7.655806880215145554e-09,9.999999923441931227e-01,7.655806880215145554e-09
9.999999992258554737e-01,7.741444925183932724e-10,9.999999992258554737e-01,7.741444925183932724e-10
4.238036665409436526e-09,9.999999957619633006e-01,4.238036665409436526e-09,9.999999957619633006e-01
9.999912770566484754e-01,8.722943351604155754e-06,9.999912770566484754e-01,8.722943351604155754e-06
9.999998453444800539e-01,1.546555199409894226e-07,9.999998453444799429e-01,1.546555199409893962e-07
9.998888664507001867e-01,1.111335492998637273e-04,9.998888664507000756e-01,1.111335492998637273e-04
9.999999923441931227e-01,7.655806880215143900e-09,9.999999923441931227e-01,7.655806880215143900e-09
9.999912770566483644e-01,8.722943351604155754e-06,9.999912770566483644e-01,8.722943351604155754e-06
9.999999997909722049e-01,2.090278510371158602e-10,9.999999997909720939e-01,2.090278510371158860e-10
9.999999352164864463e-01,6.478351360437163970e-08,9.999999352164863353e-01,6.478351360437162646e-08
9.999999999650964755e-01,3.490349648769413991e-11,9.999999999650965865e-01,3.490349648769413991e-11
7.171004187908405214e-01,2.828995812091594786e-01,7.171004187908405214e-01,2.828995812091594786e-01
9.999999999899357173e-01,1.006436526594150710e-11,9.999999999899356062e-01,1.006436526594150549e-11
9.999999999894058078e-01,1.059421469923963425e-11,9.999999999894058078e-01,1.059421469923963264e-11
9.999999999879028989e-01,1.209708840208108786e-11,9.999999999879028989e-01,1.209708840208108624e-11
9.999999999411371965e-01,5.886277231940617913e-11,9.999999999411371965e-01,5.886277231940617913e-11
9.999999999906338255e-01,9.366147880958001830e-12,9.999999999906338255e-01,9.366147880958001830e-12
9.999999999913983251e-01,8.601674835794415783e-12,9.999999999913983251e-01,8.601674835794415783e-12
9.999999999941007189e-01,5.899290110926180300e-12,9.999999999941007189e-01,5.899290110926179492e-12
9.999999999899356062e-01,1.006436526594150549e-11,9.999999999899356062e-01,1.006436526594150549e-11
9.999999999899356062e-01,1.006436526594150549e-11,9.999999999899357173e-01,1.006436526594150710e-11
9.999999698367983969e-01,3.016320162238130533e-08,9.999999698367983969e-01,3.016320162238131195e-08
9.978702591859793802e-01,2.129740814020658797e-03,9.978702591859792692e-01,2.129740814020658363e-03
9.999999999955236918e-01,4.476278123280249213e-12,9.999999999955238028e-01,4.476278123280249213e-12
9.999999999953218532e-01,4.678158430719900854e-12,9.999999999953219643e-01,4.678158430719901662e-12
9.999999960903753760e-01,3.909624719461175298e-09,9.999999960903752649e-01,3.909624719461174470e-09
5.075134280179417236e-03,9.949248657198205281e-01,5.075134280179417236e-03,9.949248657198206391e-01
9.999999998902970866e-01,1.097029182965418820e-10,9.999999998902970866e-01,1.097029182965418691e-10
9.999999999899356062e-01,1.006436526594150549e-11,9.999999999899356062e-01,1.006436526594150549e-11
9.999999999720921018e-01,2.790791985147400355e-11,9.999999999720919908e-01,2.790791985147400355e-11
9.999998453444800539e-01,1.546555199409894226e-07,9.999998453444800539e-01,1.546555199409894226e-07
9.978702591859793802e-01,2.129740814020658363e-03,9.978702591859792692e-01,2.129740814020658363e-03
9.999999998902970866e-01,1.097029182965418691e-10,9.999999998902971976e-01,1.097029182965418820e-10
9.999999999946544982e-01,5.345521493554953680e-12,9.999999999946544982e-01,5.345521493554953680e-12
9.999999999837736464e-01,1.622624383848748758e-11,9.999999999837737574e-01,1.622624383848749081e-11
9.999999999809391360e-01,1.906088483002907659e-11,9.999999999809390250e-01,1.906088483002907659e-11
9.999999999955387908e-01,4.461220696168341326e-12,9.999999999955387908e-01,4.461220696168342134e-12
9.999999960903753760e-01,3.909624719461175298e-09,9.999999960903752649e-01,3.909624719461175298e-09
5.075134280179417236e-03,9.949248657198205281e-01,5.075134280179417236e-03,9.949248657198206391e-01
9.999999999950521801e-01,4.947834189787316281e-12,9.999999999950521801e-01,4.947834189787316281e-12
9.999999999542144025e-01,4.578553539518116137e-11,9.999999999542145135e-01,4.578553539518116137e-11
9.999912770566483644e-01,8.722943351604155754e-06,9.999912770566484754e-01,8.722943351604155754e-06
9.999999999542144025e-01,4.578553539518116137e-11,9.999999999542145135e-01,4.578553539518116137e-11
9.999998453444800539e-01,1.546555199409893962e-07,9.999998453444800539e-01,1.546555199409894226e-07
1.331061532841260863e-10,9.999999998668939183e-01,1.331061532841260863e-10,9.999999998668938073e-01
9.995273477505143278e-01,4.726522494856117492e-04,9.995273477505144388e-01,4.726522494856116949e-04
9.999999996834015858e-01,3.165983998440406059e-10,9.999999996834015858e-01,3.165983998440406576e-10
9.999999352164864463e-01,6.478351360437162646e-08,9.999999352164864463e-01,6.478351360437163970e-08
9.999999999905299086e-01,9.470110775287381414e-12,9.999999999905299086e-01,9.470110775287383029e-12
9.999999999899356062e-01,1.006436526594150549e-11,9.999999999899357173e-01,1.006436526594150710e-11
9.999999999951034724e-01,4.896557034193483427e-12,9.999999999951034724e-01,4.896557034193483427e-12
9.999999999899356062e-01,1.006436526594150549e-11,9.999999999899356062e-01,1.006436526594150549e-11
9.999996165722054853e-01,3.834277945064683469e-07,9.999996165722055963e-01,3.834277945064683469e-07
9.999999999915555327e-01,8.444435846188329463e-12,9.999999999915555327e-01,8.444435846188329463e-12
9.999999999926451055e-01,7.354885591305519385e-12,9.999999999926451055e-01,7.354885591305517769e-12
9.999999999899356062e-01,1.006436526594150549e-11,9.999999999899354952e-01,1.006436526594150710e-11
9.999999999899356062e-01,1.006436526594150549e-11,9.999999999899357173e-01,1.006436526594150710e-11
9.978702591859792692e-01,2.129740814020658797e-03,9.978702591859792692e-01,2.129740814020658363e-03
9.999999992258555848e-01,7.741444925183932724e-10,9.999999992258554737e-01,7.741444925183932724e-10
9.999999999899356062e-01,1.006436526594150710e-11,9.999999999899356062e-01,1.006436526594150549e-11
9.999999999899356062e-01,1.006436526594150549e-11,9.999999999899357173e-01,1.006436526594150710e-11
1.204632648630328443e-17,1.000000000000000000e+00,1.204632648630328289e-17,1.000000000000000000e+00
9.999999999944297890e-01,5.570273398802444620e-12,9.999999999944296780e-01,5.570273398802443812e-12
9.999999999947765117e-01,5.223516961249337452e-12,9.999999999947764007e-01,5.223516961249336644e-12
2.800694639572795519e-01,7.199305360427203926e-01,2.800694639572796074e-01,7.199305360427203926e-01
9.999999999933496531e-01,6.650344746519999898e-12,9.999999999933495420e-01,6.650344746519999898e-12
9.999999999899356062e-01,1.006436526594150549e-11,9.999999999899356062e-01,1.006436526594150710e-11
9.999999999899356062e-01,1.006436526594150549e-11,9.999999999899357173e-01,1.006436526594150710e-11
7.171004187908405214e-01,2.828995812091595341e-01,7.171004187908405214e-01,2.828995812091595341e-01
9.999999999905299086e-01,9.470110775287381414e-12,9.999999999905299086e-01,9.470110775287381414e-12
9.999999999899356062e-01,1.006436526594150549e-11,9.999999999899357173e-01,1.006436526594150710e-11
9.999999999952163821e-01,4.783576317964525966e-12,9.999999999952164931e-01,4.783576317964526774e-12
9.999999698367983969e-01,3.016320162238131195e-08,9.999999698367983969e-01,3.016320162238130533e-08
9.999999999954550800e-01,4.544940010447998581e-12,9.999999999954551910e-01,4.544940010447998581e-12
9.999999999952163821e-01,4.783576317964525966e-12,9.999999999952164931e-01,4.783576317964526774e-12
9.999999998528752432e-01,1.471248556232710236e-10,9.999999998528751322e-01,1.471248556232709977e-10
9.999971298270133868e-01,2.870172986552557824e-06,9.999971298270134978e-01,2.870172986552557824e-06
5.646231525335899583e-22,1.000000000000000000e+00,5.646231525335899583e-22,1.000000000000000000e+00
3.869696153150460501e-116,1.000000000000000000e+00,3.869696153150460501e-116,1.000000000000000000e+00
9.999999999908945059e-01,9.105508767128301442e-12,9.999999999908943948e-01,9.105508767128301442e-12
9.999998453444800539e-01,1.546555199409894226e-07,9.999998453444801649e-01,1.546555199409894226e-07
9.887602347579522721e-01,1.123976524204770185e-02,9.887602347579522721e-01,1.123976524204770358e-02
9.999999999928262939e-01,7.173779663715422317e-12,9.999999999928261829e-01,7.173779663715421509e-12
1.024093259736573601e-07,9.999998975906739807e-01,1.024093259736573601e-07,9.999998975906739807e-01
1.331061532841260863e-10,9.999999998668938073e-01,1.331061532841260863e-10,9.999999998668938073e-01
9.999912770566483644e-01,8.722943351604155754e-06,9.999912770566483644e-01,8.722943351604155754e-06
9.999696545150301707e-01,3.034548496989706066e-05,9.999696545150300597e-01,3.034548496989705388e-05
9.999999996834015858e-01,3.165983998440406059e-10,9.999999996834015858e-01,3.165983998440406576e-10
9.999912770566483644e-01,8.722943351604154060e-06,9.999912770566484754e-01,8.722943351604155754e-06
9.999999352164864463e-01,6.478351360437163970e-08,9.999999352164863353e-01,6.478351360437162646e-08
9.999999999955205832e-01,4.479402961119157849e-12,9.999999999955206942e-01,4.479402961119158657e-12
4.701494535463961871e-02,9.529850546453603188e-01,4.701494535463962565e-02,9.529850546453604299e-01
9.998888664507000756e-01,1.111335492998637137e-04,9.998888664507000756e-01,1.111335492998637137e-04
9.999999960903752649e-01,3.909624719461175298e-09,9.999999960903752649e-01,3.909624719461174470e-09
9.999999998029284187e-01,1.970716037530230425e-10,9.999999998029284187e-01,1.970716037530230425e-10
1.523791237363449283e-70,1.000000000000000000e+00,9.244774235025401010e-62,1.000000000000000000e+00
4.205593146018062994e-05,9.999579440685397724e-01,6.877579828460568423e-27,1.000000000000000000e+00
7.348060592112851013e-144,1.000000000000000000e+00,7.348060592086119298e-144,1.000000000000000000e+00
9.999999999947279949e-01,5.272117414805825408e-12,9.999999999947277729e-01,5.272117414805824600e-12
1.909432868935981671e-06,9.999980905671310705e-01,1.909432868935981247e-06,9.999980905671310705e-01
9.998888664507001867e-01,1.111335492998637137e-04,9.998888664507001867e-01,1.111335492998637273e-04
9.999999999809391360e-01,1.906088482995973559e-11,9.999999999809391360e-01,1.906088482995973559e-11
9.999999999720921018e-01,2.790791985147400355e-11,9.999999999720921018e-01,2.790791985147401001e-11
9.999999992258554737e-01,7.741444925155769293e-10,9.999999992258554737e-01,7.741444925155770327e-10
9.999999999935760275e-01,6.423970721777582371e-12,9.999999999935760275e-01,6.423970721777580755e-12
9.999999992258554737e-01,7.741444925155770327e-10,9.999999992258554737e-01,7.741444925155769293e-10
9.999999999203141865e-01,7.968584051314279926e-11,9.999999999203141865e-01,7.968584051314279926e-11
9.999696545150300597e-01,3.034548496989705388e-05,9.999696545150300597e-01,3.034548496989706066e-05
9.999999999928261829e-01,7.173779663741519703e-12,9.999999999928262939e-01,7.173779663741520511e-12
9.999696545150300597e-01,3.034548496989705727e-05,9.999696545150301707e-01,3.034548496989706066e-05
9.999999999954980456e-01,4.502010443686368256e-12,9.999999999954979346e-01,4.502010443686368256e-12
9.999999999899356062e-01,1.006436526583166333e-11,9.999999999899356062e-01,1.006436526586827738e-11
9.999971298270134978e-01,2.870172986542116025e-06,9.999971298270133868e-01,2.870172986542116025e-06
9.999999999949932272e-01,5.006829722173695327e-12,9.999999999949932272e-01,5.006829722173695327e-12
9.999999999773967474e-01,2.260333082481982412e-11,9.999999999773966364e-01,2.260333082473759073e-11
9.999999999953544938e-01,4.645487461635651572e-12,9.999999999953544938e-01,4.645487461618751723e-12
9.999999999915556437e-01,8.444435846249771857e-12,9.999999999915555327e-01,8.444435846249771857e-12
9.999999999952163821e-01,4.783576317981928263e-12,9.999999999952163821e-01,4.783576317947123670e-12
9.999999999948683271e-01,5.131695836158599465e-12,9.999999999948682161e-01,5.131695836158600273e-12
9.999999999944296780e-01,5.570273398741650076e-12,9.999999999944297890e-01,5.570273398741650884e-12
9.999999999773967474e-01,2.260333082481982412e-11,9.999999999773966364e-01,2.260333082481982412e-11
9.999999999950521801e-01,4.947834189787316281e-12,9.999999999950521801e-01,4.947834189787315473e-12
9.999999999953217422e-01,4.678158430702880643e-12,9.999999999953218532e-01,4.678158430685862856e-12
9.999999999938302686e-01,6.169712484150116220e-12,9.999999999938301576e-01,6.169712484127670060e-12
9.999999999952835505e-01,4.716556624627996036e-12,9.999999999952834395e-01,4.716556624645153572e-12
9.999999999899356062e-01,1.006436526583166333e-11,9.999999999899356062e-01,1.006436526586827738e-11
9.999999999899356062e-01,1.006436526583166333e-11,9.999999999899357173e-01,1.006436526586828062e-11
9.999999999899356062e-01,1.006436526583166333e-11,9.999999999899357173e-01,1.006436526586828062e-11
9.999999999899356062e-01,1.006436526583166333e-11,9.999999999899357173e-01,1.006436526583166495e-11
9.999999999899356062e-01,1.006436526583166333e-11,9.999999999899357173e-01,1.006436526583166495e-11
9.999999999899356062e-01,1.006436526583166333e-11,9.999999999899357173e-01,1.006436526583166495e-11
9.999999999899356062e-01,1.006436526583166333e-11,9.999999999899357173e-01,1.006436526583166495e-11
9.999999999899356062e-01,1.006436526583166333e-11,9.999999999899357173e-01,1.006436526583166495e-11
9.999999999954136687e-01,4.586312181200779442e-12,9.999999999954136687e-01,4.586312181200780250e-12
9.999999999928261829e-01,7.173779663663225927e-12,9.999999999928261829e-01,7.173779663663225927e-12
9.999999999922692950e-01,7.730700947521906946e-12,9.999999999922692950e-01,7.730700947550031087e-12
9.999999999899356062e-01,1.006436526586827738e-11,9.999999999899356062e-01,1.006436526583166172e-11
9.999998453444800539e-01,1.546555199387388826e-07,9.999998453444801649e-01,1.546555199381762674e-07
9.999999999899356062e-01,1.006436526590489305e-11,9.999999999899357173e-01,1.006436526590489144e-11
9.999999999899356062e-01,1.006436526590489144e-11,9.999999999899357173e-01,1.006436526590489305e-11
9.999999923441931227e-01,7.655806880270847897e-09,9.999999923441931227e-01,7.655806880270847897e-09
9.999971298270134978e-01,2.870172986531675074e-06,9.999971298270136089e-01,2.870172986531675074e-06
9.999999999955432317e-01,4.456731138793610700e-12,9.999999999955433427e-01,4.456731138793611507e-12
9.999999999950521801e-01,4.947834189787316281e-12,9.999999999950521801e-01,4.947834189787316281e-12
1.331061532836418496e-10,9.999999998668938073e-01,1.331061532836418755e-10,9.999999998668939183e-01
2.660874161043875206e-54,1.000000000000000000e+00,2.660874161043875206e-54,1.000000000000000000e+00
9.999999996834015858e-01,3.165983998417370630e-10,9.999999996834016969e-01,3.165983998417370630e-10
9.452084402542821895e-01,5.479155974571778276e-02,9.452084402542823005e-01,5.479155974571777582e-02
9.999999997909722049e-01,2.090278510378763235e-10,9.999999997909720939e-01,2.090278510378762718e-10
9.999999999928261829e-01,7.173779663663225927e-12,9.999999999928261829e-01,7.173779663663225927e-12
9.999999999944296780e-01,5.570273398721385767e-12,9.999999999944296780e-01,5.570273398721386575e-12
9.999999996834016969e-01,3.165983998440406059e-10,9.999999996834016969e-01,3.165983998440406059e-10
9.999999698367983969e-01,3.016320162194237683e-08,9.999999698367983969e-01,3.016320162194237683e-08
5.646231525356440641e-22,1.000000000000000000e+00,5.646231525376980759e-22,1.000000000000000000e+00
7.552308208712580279e-14,9.999999999999245048e-01,7.552308208712579016e-14,9.999999999999245048e-01
7.891091843108999723e-190,1.000000000000000000e+00,7.891091843108999723e-190,1.000000000000000000e+00
1.000000000000000000e+00,7.891091843080291279e-180,2.350216348717883414e-154,1.000000000000000000e+00
6.045497239980973557e-108,1.000000000000000000e+00,6.045497239914992759e-108,1.000000000000000000e+00
1.024093259740299355e-07,9.999998975906739807e-01,1.024093259732847980e-07,9.999998975906739807e-01
3.869696153164538764e-116,1.000000000000000000e+00,3.869696153164538764e-116,1.000000000000000000e+00
3.118280795930570244e-12,9.999999999968817166e-01,3.118280795919225591e-12,9.999999999968817166e-01
1.024093259732847847e-07,9.999998975906739807e-01,1.024093259732847980e-07,9.999998975906739807e-01
1.024093259732848112e-07,9.999998975906740917e-01,1.024093259732848112e-07,9.999998975906740917e-01
9.999996165722054853e-01,3.834277945036785380e-07,9.999996165722054853e-01,3.834277945036785380e-07
9.999999923441931227e-01,7.655806880270847897e-09,9.999999923441931227e-01,7.655806880270847897e-09
6.508554717889141960e-69,1.000000000000000000e+00,6.508554717889141960e-69,1.000000000000000000e+00
9.438928158394445658e-16,9.999999999999990008e-01,9.438928158394445658e-16,9.999999999999991118e-01
9.995273477505143278e-01,4.726522494856116949e-04,9.995273477505144388e-01,4.726522494856117492e-04
1.911837754375326853e-32,1.000000000000000000e+00,1.911837754375327127e-32,1.000000000000000000e+00
9.999999999879028989e-01,1.209708840221311526e-11,9.999999999879030099e-01,1.209708840221311687e-11
9.999999999955372365e-01,4.462777587650665127e-12,9.999999999955372365e-01,4.462777587650665127e-12
9.999999978183631288e-01,2.181636924981145429e-09,9.999999978183630178e-01,2.181636924981145429e-09
9.999999999879028989e-01,1.209708840221311526e-11,9.999999999879027879e-01,1.209708840221311526e-11
9.999999999203141865e-01,7.968584051343268729e-11,9.999999999203141865e-01,7.968584051343268729e-11
9.999999992258554737e-01,7.741444925155769293e-10,9.999999992258555848e-01,7.741444925183932724e-10
9.999999999919976235e-01,8.002350202486520512e-12,9.999999999919976235e-01,8.002350202486520512e-12
9.999999999899356062e-01,1.006436526579505090e-11,9.999999999899356062e-01,1.006436526583166333e-11
9.999999999899356062e-01,1.006436526579505090e-11,9.999999999899357173e-01,1.006436526579505090e-11
9.999999999899356062e-01,1.006436526579505090e-11,9.999999999899357173e-01,1.006436526579505090e-11
9.999999999899356062e-01,1.006436526579505090e-11,9.999999999899357173e-01,1.006436526579505090e-11
9.999999999940604178e-01,5.939534100323804234e-12,9.999999999940604178e-01,5.939534100323804234e-12
9.999999999899356062e-01,1.006436526579504928e-11,9.999999999899356062e-01,1.006436526579504928e-11
9.999999999899356062e-01,1.006436526579505090e-11,9.999999999899357173e-01,1.006436526579505090e-11
9.999999999899356062e-01,1.006436526579505090e-11,9.999999999899357173e-01,1.006436526579505090e-11
9.999999999650964755e-01,3.490349648731320385e-11,9.999999999650964755e-01,3.490349648731320385e-11
9.999999999922692950e-01,7.730700947437534524e-12,9.999999999922692950e-01,7.730700947437534524e-12
9.999999999899356062e-01,1.006436526579505090e-11,9.999999999899356062e-01,1.006436526579504928e-11
9.999999999899356062e-01,1.006436526579505090e-11,9.999999999899357173e-01,1.006436526579505090e-11
9.999999999899356062e-01,1.006436526579505090e-11,9.999999999899357173e-01,1.006436526579505090e-11
7.171004187915785977e-01,2.828995812084215133e-01,7.171004187915784867e-01,2.828995812084214578e-01
7.552308208685103938e-14,9.999999999999243938e-01,7.552308208685103938e-14,9.999999999999245048e-01
9.999999997909720939e-01,2.090278510386367351e-10,9.999999997909720939e-01,2.090278510386367093e-10
9.999999999899356062e-01,1.006436526579505090e-11,9.999999999899356062e-01,1.006436526579505090e-11
9.999999999899356062e-01,1.006436526579505090e-11,9.999999999899357173e-01,1.006436526579505090e-11
9.999999999933920636e-01,6.607938860894794591e-12,9.999999999933921746e-01,6.607938860894795399e-12
9.999999999899356062e-01,1.006436526579504928e-11,9.999999999899356062e-01,1.006436526579505090e-11
9.999999999899356062e-01,1.006436526579505090e-11,9.999999999899357173e-01,1.006436526579505090e-11
9.999999999899356062e-01,1.006436526579505090e-11,9.999999999899357173e-01,1.006436526579505090e-11
9.999999999899356062e-01,1.006436526579505090e-11,9.999999999899357173e-01,1.006436526579505090e-11
9.999999999899356062e-01,1.006436526579505090e-11,9.999999999899357173e-01,1.006436526579505090e-11
9.999999999899356062e-01,1.006436526579505090e-11,9.999999999899357173e-01,1.006436526579505090e-11
9.999999999899356062e-01,1.006436526579505090e-11,9.999999999899357173e-01,1.006436526579505090e-11
9.999999999899356062e-01,1.006436526579505090e-11,9.999999999899357173e-01,1.006436526579505090e-11
9.999999999899356062e-01,1.006436526579505090e-11,9.999999999899357173e-01,1.006436526579505090e-11
9.999999999899356062e-01,1.006436526579505090e-11,9.999999999899357173e-01,1.006436526579505090e-11
9.999999999899356062e-01,1.006436526579505090e-11,9.999999999899357173e-01,1.006436526579505090e-11
9.999999999936636241e-01,6.336410936333115327e-12,9.999999999936636241e-01,6.336410936333116135e-12
9.999999999899356062e-01,1.006436526579504928e-11,9.999999999899356062e-01,1.006436526579505090e-11
9.999999999899356062e-01,1.006436526579505090e-11,9.999999999899357173e-01,1.006436526579505090e-11
9.999999999650964755e-01,3.490349648731320385e-11,9.999999999650964755e-01,3.490349648731320385e-11
9.999999999899356062e-01,1.006436526579505090e-11,9.999999999899357173e-01,1.006436526579505090e-11
9.999999999899356062e-01,1.006436526579505090e-11,9.999999999899357173e-01,1.006436526579505090e-11
9.999999999899356062e-01,1.006436526579505090e-11,9.999999999899357173e-01,1.006436526579505090e-11
9.999999999899356062e-01,1.006436526579505090e-11,9.999999999899357173e-01,1.006436526579505090e-11
9.999999999899356062e-01,1.006436526579505090e-11,9.999999999899357173e-01,1.006436526579505090e-11
9.999999999899356062e-01,1.006436526579505090e-11,9.999999999899357173e-01,1.006436526579505090e-11
9.999999999899356062e-01,1.006436526579505090e-11,9.999999999899357173e-01,1.006436526579505090e-11
9.999999999899356062e-01,1.006436526579505090e-11,9.999999999899357173e-01,1.006436526579505090e-11
9.999999999899356062e-01,1.006436526579505090e-11,9.999999999899357173e-01,1.006436526579505090e-11
9.999999999899356062e-01,1.006436526579505090e-11,9.999999999899357173e-01,1.006436526579505090e-11
9.999999999899356062e-01,1.006436526579505090e-11,9.999999999899357173e-01,1.006436526579505090e-11
9.999999999899356062e-01,1.006436526579505090e-11,9.999999999899357173e-01,1.006436526579505090e-11
9.999999999899356062e-01,1.006436526575843685e-11,9.999999999899357173e-01,1.006436526575843846e-11
9.999999987502280474e-01,1.249771974213425814e-09,9.999999987502280474e-01,1.249771974222519217e-09
9.999999999899356062e-01,1.006436526579504928e-11,9.999999999899357173e-01,1.006436526575843685e-11
9.999999999899356062e-01,1.006436526579505090e-11,9.999999999899357173e-01,1.006436526579505090e-11
9.999999999899356062e-01,1.006436526579505090e-11,9.999999999899357173e-01,1.006436526579505090e-11
9.999999999951034724e-01,4.896557034246923819e-12,9.999999999951034724e-01,4.896557034246924626e-12
9.999999999899356062e-01,1.006436526579504928e-11,9.999999999899356062e-01,1.006436526579504928e-11
9.999999999899356062e-01,1.006436526579505090e-11,9.999999999899357173e-01,1.006436526579505090e-11
9.999999999905299086e-01,9.470110775149573447e-12,9.999999999905299086e-01,9.470110775149573447e-12
9.999999999899356062e-01,1.006436526579505090e-11,9.999999999899357173e-01,1.006436526579505090e-11
9.999999999899356062e-01,1.006436526579505090e-11,9.999999999899357173e-01,1.006436526579505090e-11
9.999999999899356062e-01,1.006436526579505090e-11,9.999999999899357173e-01,1.006436526579505090e-11
9.999999999908945059e-01,9.105508766995800679e-12,9.999999999908945059e-01,9.105508766995800679e-12
9.999999999899356062e-01,1.006436526579505090e-11,9.999999999899356062e-01,1.006436526579504928e-11
9.999999999899356062e-01,1.006436526579505090e-11,9.999999999899357173e-01,1.006436526579505090e-11
9.999999999899356062e-01,1.006436526579505090e-11,9.999999999899357173e-01,1.006436526579505090e-11
9.999999999899356062e-01,1.006436526579505090e-11,9.999999999899357173e-01,1.006436526579505090e-11
9.999999999899356062e-01,1.006436526579505090e-11,9.999999999899357173e-01,1.006436526579505090e-11
9.999999999899356062e-01,1.006436526579505090e-11,9.999999999899357173e-01,1.006436526579505090e-11
9.999999999955205832e-01,4.479402961070270183e-12,9.999999999955205832e-01,4.479402961070270183e-12
9.999999999952000618e-01,4.800040419931763872e-12,9.999999999952000618e-01,4.800040419931763872e-12
9.999999999905299086e-01,9.470110775149573447e-12,9.999999999905299086e-01,9.470110775149573447e-12
9.999999999905299086e-01,9.470110775149573447e-12,9.999999999905299086e-01,9.470110775149573447e-12
9.999999999919976235e-01,8.002350202486522127e-12,9.999999999919977345e-01,8.002350202486520512e-12
9.999999999918550708e-01,8.144940323902084155e-12,9.999999999918549598e-01,8.144940323902084155e-12
9.999999999922692950e-01,7.730700947465658665e-12,9.999999999922692950e-01,7.730700947465658665e-12
9.999999999951034724e-01,4.896557034246923819e-12,9.999999999951034724e-01,4.896557034246923819e-12
9.999999999908945059e-01,9.105508766995799063e-12,9.999999999908945059e-01,9.105508766995799063e-12
9.999999999899356062e-01,1.006436526579505090e-11,9.999999999899356062e-01,1.006436526579504928e-11
9.999999999899356062e-01,1.006436526579505090e-11,9.999999999899357173e-01,1.006436526579505090e-11
9.999999999913983251e-01,8.601674835982172858e-12,9.999999999913984361e-01,8.601674835982172858e-12
9.999999999955387908e-01,4.461220696103422996e-12,9.999999999955387908e-01,4.461220696103422996e-12
9.999999999942015272e-01,5.798478635386659122e-12,9.999999999942016382e-01,5.798478635386659929e-12
9.999999999899356062e-01,1.006436526579504928e-11,9.999999999899356062e-01,1.006436526579504928e-11
9.999999999899356062e-01,1.006436526579505090e-11,9.999999999899357173e-01,1.006436526579505090e-11
9.999999999899356062e-01,1.006436526579505090e-11,9.999999999899357173e-01,1.006436526579505090e-11
9.999999999899356062e-01,1.006436526579505090e-11,9.999999999899357173e-01,1.006436526579505090e-11
9.999999999899356062e-01,1.006436526579505090e-11,9.999999999899357173e-01,1.006436526579505090e-11
9.999999999899356062e-01,1.006436526579505090e-11,9.999999999899357173e-01,1.006436526579505090e-11
9.999999999899356062e-01,1.006436526579505090e-11,9.999999999899357173e-01,1.006436526579505090e-11
9.999999999899356062e-01,1.006436526579505090e-11,9.999999999899357173e-01,1.006436526579505090e-11
9.999999999899356062e-01,1.006436526579505090e-11,9.999999999899357173e-01,1.006436526579505090e-11
9.999999999899356062e-01,1.006436526579505090e-11,9.999999999899357173e-01,1.006436526579505090e-11
9.999999999922692950e-01,7.730700947465658665e-12,9.999999999922692950e-01,7.730700947465658665e-12
9.999999999899356062e-01,1.006436526579505090e-11,9.999999999899356062e-01,1.006436526579504928e-11
9.999999999899356062e-01,1.006436526579505090e-11,9.999999999899357173e-01,1.006436526579505090e-11
9.999999999915555327e-01,8.444435846188329463e-12,9.999999999915555327e-01,8.444435846188331079e-12
9.999999999899356062e-01,1.006436526579505090e-11,9.999999999899356062e-01,1.006436526579504928e-11
9.999999999773966364e-01,2.260333082498428119e-11,9.999999999773967474e-01,2.260333082498428443e-11
9.999999999899356062e-01,1.006436526579505090e-11,9.999999999899356062e-01,1.006436526579505251e-11
9.999999999905299086e-01,9.470110775149573447e-12,9.999999999905299086e-01,9.470110775149573447e-12
9.999999999899356062e-01,1.006436526579505090e-11,9.999999999899357173e-01,1.006436526579505090e-11
9.999999999899356062e-01,1.006436526579505090e-11,9.999999999899357173e-01,1.006436526579505090e-11
9.999999999933920636e-01,6.607938860870755463e-12,9.999999999933921746e-01,6.607938860870756270e-12
9.999999999908945059e-01,9.105508766995799063e-12,9.999999999908945059e-01,9.105508766995800679e-12
9.999999999899356062e-01,1.006436526579505090e-11,9.999999999899356062e-01,1.006436526579504928e-11
9.999999999899356062e-01,1.006436526579505090e-11,9.999999999899357173e-01,1.006436526579505090e-11
9.999999999899356062e-01,1.006436526579505090e-11,9.999999999899357173e-01,1.006436526579505090e-11
9.999999999905299086e-01,9.470110775149573447e-12,9.999999999905299086e-01,9.470110775149573447e-12
9.999999999899356062e-01,1.006436526579505090e-11,9.999999999899357173e-01,1.006436526579505090e-11
9.999999999899356062e-01,1.006436526579505090e-11,9.999999999899357173e-01,1.006436526579505090e-11
9.999999999899356062e-01,1.006436526579505090e-11,9.999999999899357173e-01,1.006436526579505090e-11
9.999999999899356062e-01,1.006436526579505090e-11,9.999999999899357173e-01,1.006436526579505090e-11
9.999999999899356062e-01,1.006436526579505090e-11,9.999999999899357173e-01,1.006436526579505090e-11
9.999999999899356062e-01,1.006436526579505090e-11,9.999999999899357173e-01,1.006436526579505090e-11
9.999999999899356062e-01,1.006436526579505090e-11,9.999999999899357173e-01,1.006436526579505090e-11
9.999999999899356062e-01,1.006436526579505090e-11,9.999999999899357173e-01,1.006436526579505090e-11
9.999999999899356062e-01,1.006436526579505090e-11,9.999999999899357173e-01,1.006436526579505090e-11
9.999999999899356062e-01,1.006436526579505090e-11,9.999999999899357173e-01,1.006436526579505090e-11
9.999999999899356062e-01,1.006436526579505090e-11,9.999999999899357173e-01,1.006436526579505090e-11
9.999999999899356062e-01,1.006436526579505090e-11,9.999999999899357173e-01,1.006436526579505090e-11
9.999999999899356062e-01,1.006436526579505090e-11,9.999999999899357173e-01,1.006436526579505090e-11
9.999999999954614083e-01,4.538601109226988794e-12,9.999999999954614083e-01,4.538601109226989602e-12
9.999999999899356062e-01,1.006436526579504928e-11,9.999999999899356062e-01,1.006436526579505090e-11
9.999999999899356062e-01,1.006436526579505090e-11,9.999999999899357173e-01,1.006436526579505090e-11
9.999999999899356062e-01,1.006436526579505090e-11,9.999999999899357173e-01,1.006436526579505090e-11
9.999999999899356062e-01,1.006436526579505090e-11,9.999999999899357173e-01,1.006436526579505090e-11
9.999999999899356062e-01,1.006436526579505090e-11,9.999999999899357173e-01,1.006436526579505090e-11
9.999999999919976235e-01,8.002350202486522127e-12,9.999999999919976235e-01,8.002350202486522127e-12
9.999999999899356062e-01,1.006436526579505090e-11,9.999999999899356062e-01,1.006436526579505090e-11
9.999999999899356062e-01,1.006436526579505090e-11,9.999999999899357173e-01,1.006436526579505090e-11
9.999999999899356062e-01,1.006436526579505090e-11,9.999999999899357173e-01,1.006436526579505090e-11
9.999999999949931162e-01,5.006829722137264645e-12,9.999999999949932272e-01,5.006829722137266260e-12
9.999999999899356062e-01,1.006436526579504928e-11,9.999999999899357173e-01,1.006436526579505090e-11
9.999999999899356062e-01,1.006436526579505090e-11,9.999999999899357173e-01,1.006436526579505090e-11
9.999999999899356062e-01,1.006436526579505090e-11,9.999999999899357173e-01,1.006436526579505090e-11
9.999999999899356062e-01,1.006436526579505090e-11,9.999999999899357173e-01,1.006436526579505090e-11
9.999999999899356062e-01,1.006436526579505090e-11,9.999999999899357173e-01,1.006436526579505090e-11
9.999999999899356062e-01,1.006436526579505090e-11,9.999999999899357173e-01,1.006436526579505090e-11
9.999999999899356062e-01,1.006436526579505090e-11,9.999999999899357173e-01,1.006436526579505090e-11
9.999999999899356062e-01,1.006436526579505090e-11,9.999999999899357173e-01,1.006436526579505090e-11
9.999999999899356062e-01,1.006436526579505090e-11,9.999999999899357173e-01,1.006436526579505090e-11
9.999999999899356062e-01,1.006436526579505090e-11,9.999999999899357173e-01,1.006436526579505090e-11
9.999999999899356062e-01,1.006436526579505090e-11,9.999999999899357173e-01,1.006436526579505090e-11
9.999999999899356062e-01,1.006436526579505090e-11,9.999999999899357173e-01,1.006436526579505090e-11
9.999999999899356062e-01,1.006436526579505090e-11,9.999999999899357173e-01,1.006436526579505090e-11
9.999999999899356062e-01,1.006436526579505090e-11,9.999999999899357173e-01,1.006436526579505090e-11
9.999999999899356062e-01,1.006436526579505090e-11,9.999999999899357173e-01,1.006436526579505090e-11
9.999999999899356062e-01,1.006436526579505090e-11,9.999999999899357173e-01,1.006436526579505090e-11
9.999999999899356062e-01,1.006436526579505090e-11,9.999999999899357173e-01,1.006436526579505090e-11
9.999999999899356062e-01,1.006436526579505090e-11,9.999999999899357173e-01,1.006436526579505090e-11
9.999999999899356062e-01,1.006436526579505090e-11,9.999999999899357173e-01,1.006436526579505090e-11
9.999999999899356062e-01,1.006436526579505090e-11,9.999999999899357173e-01,1.006436526579505090e-11
9.999999999899356062e-01,1.006436526579505090e-11,9.999999999899357173e-01,1.006436526579505090e-11
9.999999999899356062e-01,1.006436526579505090e-11,9.999999999899357173e-01,1.006436526579505090e-11
9.999999999899356062e-01,1.006436526579505090e-11,9.999999999899357173e-01,1.006436526579505090e-11
9.999999999899356062e-01,1.006436526579505090e-11,9.999999999899357173e-01,1.006436526579505090e-11
9.999999999899356062e-01,1.006436526579505090e-11,9.999999999899357173e-01,1.006436526579505090e-11
9.999999999899356062e-01,1.006436526579505090e-11,9.999999999899357173e-01,1.006436526579505090e-11
9.999999999899356062e-01,1.006436526579505090e-11,9.999999999899357173e-01,1.006436526579505090e-11
9.999999999899356062e-01,1.006436526579505090e-11,9.999999999899357173e-01,1.006436526579505090e-11
9.999999999899356062e-01,1.006436526579505090e-11,9.999999999899357173e-01,1.006436526579505090e-11
9.999999999899356062e-01,1.006436526579505090e-11,9.999999999899357173e-01,1.006436526579505090e-11
9.999999999899356062e-01,1.006436526579505090e-11,9.999999999899357173e-01,1.006436526579505090e-11
9.999999999899356062e-01,1.006436526579505090e-11,9.999999999899357173e-01,1.006436526579505090e-11
9.999999999899356062e-01,1.006436526579505090e-11,9.999999999899357173e-01,1.006436526579505090e-11
9.999999999899356062e-01,1.006436526579505090e-11,9.999999999899357173e-01,1.006436526579505090e-11
9.999999999899356062e-01,1.006436526579505090e-11,9.999999999899357173e-01,1.006436526579505090e-11
9.999999999899356062e-01,1.006436526579505090e-11,9.999999999899357173e-01,1.006436526579505090e-11
9.999999999899356062e-01,1.006436526579505090e-11,9.999999999899357173e-01,1.006436526579505090e-11
9.999999999899356062e-01,1.006436526579505090e-11,9.999999999899357173e-01,1.006436526579505090e-11
9.999999999899356062e-01,1.006436526572182279e-11,9.999999999899357173e-01,1.006436526572182441e-11
9.999999999899356062e-01,1.006436526572182279e-11,9.999999999899357173e-01,1.006436526575843846e-11
9.999999999899356062e-01,1.006436526572182279e-11,9.999999999899357173e-01,1.006436526572182441e-11
9.999999999899356062e-01,1.006436526572182279e-11,9.999999999899357173e-01,1.006436526572182441e-11
9.999999999899356062e-01,1.006436526572182279e-11,9.999999999899357173e-01,1.006436526572182441e-11
9.999999999899356062e-01,1.006436526572182279e-11,9.999999999899357173e-01,1.006436526572182441e-11
9.999999999899356062e-01,1.006436526572182279e-11,9.999999999899357173e-01,1.006436526572182441e-11
9.999999999899356062e-01,1.006436526572182279e-11,9.999999999899357173e-01,1.006436526572182441e-11
9.999999999899356062e-01,1.006436526572182279e-11,9.999999999899357173e-01,1.006436526572182441e-11
9.999999999927624561e-01,7.237517422417696184e-12,9.999999999927625671e-01,7.237517422417696992e-12
9.999999999899356062e-01,1.006436526572182118e-11,9.999999999899356062e-01,1.006436526572182279e-11
9.999999999899356062e-01,1.006436526572182279e-11,9.999999999899357173e-01,1.006436526572182441e-11
9.999999999899356062e-01,1.006436526572182279e-11,9.999999999899357173e-01,1.006436526572182441e-11
9.999999999899356062e-01,1.006436526572182279e-11,9.999999999899357173e-01,1.006436526572182441e-11
9.999999999899356062e-01,1.006436526572182279e-11,9.999999999899357173e-01,1.006436526572182441e-11
9.999999999899356062e-01,1.006436526572182279e-11,9.999999999899357173e-01,1.006436526572182441e-11
9.999999999899356062e-01,1.006436526572182279e-11,9.999999999899357173e-01,1.006436526572182441e-11
9.999999999899356062e-01,1.006436526572182279e-11,9.999999999899357173e-01,1.006436526572182441e-11
9.999999999899356062e-01,1.006436526572182279e-11,9.999999999899357173e-01,1.006436526572182441e-11
9.999999999899356062e-01,1.006436526572182279e-11,9.999999999899357173e-01,1.006436526572182441e-11
9.999999999899356062e-01,1.006436526572182279e-11,9.999999999899357173e-01,1.006436526572182441e-11
9.999999999899356062e-01,1.006436526572182279e-11,9.999999999899357173e-01,1.006436526572182441e-11
9.999999999899356062e-01,1.006436526572182279e-11,9.999999999899357173e-01,1.006436526572182441e-11
9.999999999899356062e-01,1.006436526572182279e-11,9.999999999899357173e-01,1.006436526572182441e-11
9.999999999899356062e-01,1.006436526572182279e-11,9.999999999899357173e-01,1.006436526572182441e-11
9.999999999899356062e-01,1.006436526572182279e-11,9.999999999899357173e-01,1.006436526572182441e-11
9.999999999899356062e-01,1.006436526572182279e-11,9.999999999899357173e-01,1.006436526572182441e-11
9.999999999905299086e-01,9.470110775149573447e-12,9.999999999905299086e-01,9.470110775149573447e-12
9.999999999953544938e-01,4.645487461618751723e-12,9.999999999953543828e-01,4.645487461618750107e-12
9.999999999899356062e-01,1.006436526572182118e-11,9.999999999899354952e-01,1.006436526572182279e-11
9.999999999899356062e-01,1.006436526572182279e-11,9.999999999899357173e-01,1.006436526572182441e-11
9.999999999899356062e-01,1.006436526572182279e-11,9.999999999899357173e-01,1.006436526572182441e-11
9.999999999899356062e-01,1.006436526572182279e-11,9.999999999899357173e-01,1.006436526572182441e-11
9.999999999899356062e-01,1.006436526572182279e-11,9.999999999899357173e-01,1.006436526572182441e-11
9.999999999899356062e-01,1.006436526572182279e-11,9.999999999899357173e-01,1.006436526572182441e-11
9.999999999899356062e-01,1.006436526572182279e-11,9.999999999899357173e-01,1.006436526572182441e-11
9.999999999899356062e-01,1.006436526572182279e-11,9.999999999899357173e-01,1.006436526572182441e-11
9.999999999899356062e-01,1.006436526572182279e-11,9.999999999899357173e-01,1.006436526572182441e-11
9.999999999899356062e-01,1.006436526572182279e-11,9.999999999899357173e-01,1.006436526572182441e-11
9.999999999899356062e-01,1.006436526572182279e-11,9.999999999899357173e-01,1.006436526572182441e-11
9.999999999899356062e-01,1.006436526572182279e-11,9.999999999899357173e-01,1.006436526572182441e-11
9.999999999899356062e-01,1.006436526572182279e-11,9.999999999899357173e-01,1.006436526572182441e-11
9.999999999899356062e-01,1.006436526572182279e-11,9.999999999899357173e-01,1.006436526572182441e-11
9.999999999899356062e-01,1.006436526572182279e-11,9.999999999899357173e-01,1.006436526572182441e-11
9.999999999899356062e-01,1.006436526572182279e-11,9.999999999899357173e-01,1.006436526572182441e-11
9.999999999942015272e-01,5.798478635386659122e-12,9.999999999942015272e-01,5.798478635386659122e-12
9.999999999899356062e-01,1.006436526572182118e-11,9.999999999899356062e-01,1.006436526572182118e-11
9.999999999899356062e-01,1.006436526572182279e-11,9.999999999899357173e-01,1.006436526572182441e-11
9.999999999913983251e-01,8.601674836013465165e-12,9.999999999913984361e-01,8.601674836013465165e-12
9.999999999946544982e-01,5.345521493516059227e-12,9.999999999946543872e-01,5.345521493516059227e-12
9.999999999913984361e-01,8.601674836013465165e-12,9.999999999913983251e-01,8.601674836013465165e-12
9.999999999899356062e-01,1.006436526572182279e-11,9.999999999899357173e-01,1.006436526572182441e-11
9.999999999899356062e-01,1.006436526572182279e-11,9.999999999899357173e-01,1.006436526572182441e-11
9.999999999899356062e-01,1.006436526572182279e-11,9.999999999899357173e-01,1.006436526572182441e-11
9.999999999899356062e-01,1.006436526572182279e-11,9.999999999899357173e-01,1.006436526572182441e-11
9.999999999899356062e-01,1.006436526572182279e-11,9.999999999899357173e-01,1.006436526572182441e-11
9.999999999899356062e-01,1.006436526572182279e-11,9.999999999899357173e-01,1.006436526572182441e-11
9.999999999899356062e-01,1.006436526572182279e-11,9.999999999899357173e-01,1.006436526572182441e-11
9.999999999899356062e-01,1.006436526572182279e-11,9.999999999899357173e-01,1.006436526572182441e-11
9.999999999899356062e-01,1.006436526572182279e-11,9.999999999899357173e-01,1.006436526572182441e-11
9.999999999899356062e-01,1.006436526572182279e-11,9.999999999899357173e-01,1.006436526572182441e-11
9.999999999915555327e-01,8.444435846188329463e-12,9.999999999915555327e-01,8.444435846188331079e-12
9.999999999910679227e-01,8.932022517738109090e-12,9.999999999910680337e-01,8.932022517738110705e-12
9.999999999952834395e-01,4.716556624662312723e-12,9.999999999952834395e-01,4.716556624662314338e-12
9.999999999899356062e-01,1.006436526572182118e-11,9.999999999899356062e-01,1.006436526572182279e-11
9.999999999899356062e-01,1.006436526572182279e-11,9.999999999899357173e-01,1.006436526572182441e-11
9.999999999952163821e-01,4.783576317999331368e-12,9.999999999952164931e-01,4.783576317999331368e-12
9.999999999899356062e-01,1.006436526572182118e-11,9.999999999899356062e-01,1.006436526572182118e-11
9.999999999899356062e-01,1.006436526572182279e-11,9.999999999899357173e-01,1.006436526572182441e-11
9.999999999899356062e-01,1.006436526572182279e-11,9.999999999899357173e-01,1.006436526572182441e-11
9.999999999899356062e-01,1.006436526572182279e-11,9.999999999899357173e-01,1.006436526572182441e-11
9.999999999899356062e-01,1.006436526572182279e-11,9.999999999899357173e-01,1.006436526572182441e-11
9.999999999899356062e-01,1.006436526572182279e-11,9.999999999899357173e-01,1.006436526572182441e-11
9.999999999899356062e-01,1.006436526572182279e-11,9.999999999899357173e-01,1.006436526572182441e-11
9.999999999899356062e-01,1.006436526572182279e-11,9.999999999899357173e-01,1.006436526572182441e-11
9.999999999899356062e-01,1.006436526572182279e-11,9.999999999899357173e-01,1.006436526572182441e-11
9.999999999899356062e-01,1.006436526572182279e-11,9.999999999899357173e-01,1.006436526572182441e-11
9.999999999899356062e-01,1.006436526572182279e-11,9.999999999899357173e-01,1.006436526572182441e-11
9.999999999899356062e-01,1.006436526572182279e-11,9.999999999899357173e-01,1.006436526572182441e-11
9.999999999899356062e-01,1.006436526572182279e-11,9.999999999899357173e-01,1.006436526572182441e-11
9.999999999899356062e-01,1.006436526572182279e-11,9.999999999899357173e-01,1.006436526572182441e-11
9.999999999899356062e-01,1.006436526572182279e-11,9.999999999899357173e-01,1.006436526572182441e-11
9.999999999899356062e-01,1.006436526572182279e-11,9.999999999899357173e-01,1.006436526572182441e-11
9.999999999899356062e-01,1.006436526572182279e-11,9.999999999899357173e-01,1.006436526572182441e-11
9.999999999899356062e-01,1.006436526572182279e-11,9.999999999899357173e-01,1.006436526572182441e-11
9.999999999899356062e-01,1.006436526572182279e-11,9.999999999899357173e-01,1.006436526572182441e-11
9.999999999899356062e-01,1.006436526572182279e-11,9.999999999899357173e-01,1.006436526572182441e-11
9.999999999899356062e-01,1.006436526572182279e-11,9.999999999899357173e-01,1.006436526572182441e-11
9.999999999899356062e-01,1.006436526572182279e-11,9.999999999899357173e-01,1.006436526572182441e-11
9.999999999899356062e-01,1.006436526572182279e-11,9.999999999899357173e-01,1.006436526572182441e-11
9.999999999899356062e-01,1.006436526572182279e-11,9.999999999899357173e-01,1.006436526572182441e-11
9.999999999899356062e-01,1.006436526572182279e-11,9.999999999899357173e-01,1.006436526572182441e-11
9.999999999899356062e-01,1.006436526572182279e-11,9.999999999899357173e-01,1.006436526572182441e-11
9.999999999946544982e-01,5.345521493516059227e-12,9.999999999946544982e-01,5.345521493516059227e-12
9.999999999899356062e-01,1.006436526572182118e-11,9.999999999899357173e-01,1.006436526572182279e-11
9.999999999899356062e-01,1.006436526572182279e-11,9.999999999899357173e-01,1.006436526572182441e-11
9.999999999899356062e-01,1.006436526572182279e-11,9.999999999899357173e-01,1.006436526572182441e-11
9.999999999899356062e-01,1.006436526572182279e-11,9.999999999899357173e-01,1.006436526572182441e-11
9.999999999899356062e-01,1.006436526572182279e-11,9.999999999899357173e-01,1.006436526572182441e-11
9.999999999899356062e-01,1.006436526572182279e-11,9.999999999899357173e-01,1.006436526572182441e-11
9.999999999899356062e-01,1.006436526572182279e-11,9.999999999899357173e-01,1.006436526572182441e-11
9.999999999899356062e-01,1.006436526572182279e-11,9.999999999899357173e-01,1.006436526572182441e-11
9.999999999899356062e-01,1.006436526572182279e-11,9.999999999899357173e-01,1.006436526572182441e-11
9.999999999899356062e-01,1.006436526572182279e-11,9.999999999899357173e-01,1.006436526572182441e-11
9.999999999935760275e-01,6.423970721777581563e-12,9.999999999935761386e-01,6.423970721777582371e-12
9.999999999954980456e-01,4.502010443768259944e-12,9.999999999954980456e-01,4.502010443768259136e-12
9.999999999899356062e-01,1.006436526572182118e-11,9.999999999899356062e-01,1.006436526572182118e-11
9.999999999899356062e-01,1.006436526572182279e-11,9.999999999899357173e-01,1.006436526572182441e-11
9.999999999899356062e-01,1.006436526572182279e-11,9.999999999899357173e-01,1.006436526572182441e-11
9.999999999899356062e-01,1.006436526572182279e-11,9.999999999899357173e-01,1.006436526572182441e-11
9.999999999899356062e-01,1.006436526572182279e-11,9.999999999899357173e-01,1.006436526572182441e-11
9.999999999899356062e-01,1.006436526572182279e-11,9.999999999899357173e-01,1.006436526572182441e-11
9.999999999899356062e-01,1.006436526572182279e-11,9.999999999899357173e-01,1.006436526572182441e-11
9.999999999899356062e-01,1.006436526572182279e-11,9.999999999899357173e-01,1.006436526572182441e-11
9.999999999955387908e-01,4.461220696119652376e-12,9.999999999955387908e-01,4.461220696119652376e-12
9.999999999899356062e-01,1.006436526572182118e-11,9.999999999899356062e-01,1.006436526572182118e-11
9.999999999899356062e-01,1.006436526572182279e-11,9.999999999899357173e-01,1.006436526572182441e-11
9.999999999899356062e-01,1.006436526572182279e-11,9.999999999899357173e-01,1.006436526572182441e-11
9.999999999899356062e-01,1.006436526572182279e-11,9.999999999899357173e-01,1.006436526572182441e-11
9.999999999899356062e-01,1.006436526572182279e-11,9.999999999899357173e-01,1.006436526572182441e-11
9.999999999951999508e-01,4.800040419931763872e-12,9.999999999951999508e-01,4.800040419931763872e-12
9.999999999899356062e-01,1.006436526572182118e-11,9.999999999899356062e-01,1.006436526572182279e-11
9.999999999899356062e-01,1.006436526572182279e-11,9.999999999899357173e-01,1.006436526572182441e-11
9.999999999899356062e-01,1.006436526572182279e-11,9.999999999899357173e-01,1.006436526572182441e-11
9.999999999899356062e-01,1.006436526572182279e-11,9.999999999899357173e-01,1.006436526572182441e-11
9.999999999899356062e-01,1.006436526572182279e-11,9.999999999899357173e-01,1.006436526572182441e-11
9.999999999954614083e-01,4.538601109210477494e-12,9.999999999954614083e-01,4.538601109210478302e-12
9.999999999899356062e-01,1.006436526572182118e-11,9.999999999899356062e-01,1.006436526572182279e-11
9.999999999899356062e-01,1.006436526572182279e-11,9.999999999899357173e-01,1.006436526572182441e-11
9.999999999899356062e-01,1.006436526572182279e-11,9.999999999899357173e-01,1.006436526572182441e-11
9.999999999899356062e-01,1.006436526572182279e-11,9.999999999899357173e-01,1.006436526572182441e-11
9.999999999899356062e-01,1.006436526572182279e-11,9.999999999899357173e-01,1.006436526572182441e-11
9.999999999899356062e-01,1.006436526572182279e-11,9.999999999899357173e-01,1.006436526572182441e-11
9.999999999899356062e-01,1.006436526572182279e-11,9.999999999899357173e-01,1.006436526572182441e-11
9.999999999899356062e-01,1.006436526572182279e-11,9.999999999899357173e-01,1.006436526572182441e-11
9.999999999899356062e-01,1.006436526572182279e-11,9.999999999899357173e-01,1.006436526572182441e-11
9.999999999899356062e-01,1.006436526572182279e-11,9.999999999899357173e-01,1.006436526572182441e-11
9.999999978183631288e-01,2.181636924957335449e-09,9.999999978183631288e-01,2.181636924957335449e-09
9.999999987502280474e-01,1.249771974204332617e-09,9.999999987502280474e-01,1.249771974204332617e-09
9.999999999899356062e-01,1.006436526572182118e-11,9.999999999899357173e-01,1.006436526572182279e-11
9.999999999899356062e-01,1.006436526572182279e-11,9.999999999899357173e-01,1.006436526572182441e-11
9.999999999899356062e-01,1.006436526572182279e-11,9.999999999899357173e-01,1.006436526572182441e-11
9.999999999899356062e-01,1.006436526572182279e-11,9.999999999899357173e-01,1.006436526572182441e-11
9.999999999899356062e-01,1.006436526572182279e-11,9.999999999899357173e-01,1.006436526572182441e-11
9.999999999899356062e-01,1.006436526572182279e-11,9.999999999899357173e-01,1.006436526572182441e-11
9.999999999899356062e-01,1.006436526572182279e-11,9.999999999899357173e-01,1.006436526572182441e-11
9.999999999899356062e-01,1.006436526572182279e-11,9.999999999899357173e-01,1.006436526572182441e-11
9.999999999899356062e-01,1.006436526572182279e-11,9.999999999899357173e-01,1.006436526572182441e-11
9.999999999899356062e-01,1.006436526572182279e-11,9.999999999899357173e-01,1.006436526572182441e-11
9.999999999899356062e-01,1.006436526572182279e-11,9.999999999899357173e-01,1.006436526572182441e-11
9.999999999899356062e-01,1.006436526572182279e-11,9.999999999899357173e-01,1.006436526572182441e-11
9.999999999899356062e-01,1.006436526572182279e-11,9.999999999899357173e-01,1.006436526572182441e-11
9.999999999899356062e-01,1.006436526572182279e-11,9.999999999899357173e-01,1.006436526572182441e-11
9.999999999899356062e-01,1.006436526572182279e-11,9.999999999899357173e-01,1.006436526572182441e-11
9.999999999899356062e-01,1.006436526572182279e-11,9.999999999899357173e-01,1.006436526572182441e-11
9.999999999899356062e-01,1.006436526572182279e-11,9.999999999899357173e-01,1.006436526572182441e-11
9.999999999899356062e-01,1.006436526572182279e-11,9.999999999899357173e-01,1.006436526572182441e-11
9.999999999899356062e-01,1.006436526572182279e-11,9.999999999899357173e-01,1.006436526572182441e-11
9.999999999899356062e-01,1.006436526572182279e-11,9.999999999899357173e-01,1.006436526572182441e-11
9.999999999899356062e-01,1.006436526572182279e-11,9.999999999899357173e-01,1.006436526572182441e-11
9.999999999899356062e-01,1.006436526572182279e-11,9.999999999899357173e-01,1.006436526572182441e-11
9.999999999899356062e-01,1.006436526572182279e-11,9.999999999899357173e-01,1.006436526572182441e-11
9.999999999899356062e-01,1.006436526572182279e-11,9.999999999899357173e-01,1.006436526572182441e-11
9.999999999899356062e-01,1.006436526572182279e-11,9.999999999899357173e-01,1.006436526572182441e-11
9.999999999899356062e-01,1.006436526572182279e-11,9.999999999899357173e-01,1.006436526572182441e-11
9.999999999899356062e-01,1.006436526572182279e-11,9.999999999899357173e-01,1.006436526572182441e-11
9.999999999899356062e-01,1.006436526572182279e-11,9.999999999899357173e-01,1.006436526572182441e-11
9.999999999899356062e-01,1.006436526572182279e-11,9.999999999899357173e-01,1.006436526572182441e-11
9.999999999899356062e-01,1.006436526572182279e-11,9.999999999899357173e-01,1.006436526572182441e-11
9.999999999899356062e-01,1.006436526572182279e-11,9.999999999899357173e-01,1.006436526572182441e-11
9.999999999899356062e-01,1.006436526572182279e-11,9.999999999899357173e-01,1.006436526572182441e-11
9.999999999899356062e-01,1.006436526572182279e-11,9.999999999899357173e-01,1.006436526572182441e-11
9.999999999899356062e-01,1.006436526572182279e-11,9.999999999899357173e-01,1.006436526572182441e-11
9.999999999899356062e-01,1.006436526572182279e-11,9.999999999899357173e-01,1.006436526572182441e-11
9.999999999899356062e-01,1.006436526572182279e-11,9.999999999899357173e-01,1.006436526572182441e-11
9.999999999899356062e-01,1.006436526572182279e-11,9.999999999899357173e-01,1.006436526572182441e-11
9.999999999899356062e-01,1.006436526572182279e-11,9.999999999899357173e-01,1.006436526572182441e-11
9.999999999899356062e-01,1.006436526572182279e-11,9.999999999899357173e-01,1.006436526572182441e-11
9.999999999899356062e-01,1.006436526572182279e-11,9.999999999899357173e-01,1.006436526572182441e-11
9.999999999899356062e-01,1.006436526572182279e-11,9.999999999899357173e-01,1.006436526572182441e-11
9.999999999899356062e-01,1.006436526572182279e-11,9.999999999899357173e-01,1.006436526572182441e-11
9.999999999899356062e-01,1.006436526572182279e-11,9.999999999899357173e-01,1.006436526572182441e-11
9.999999999899356062e-01,1.006436526572182279e-11,9.999999999899357173e-01,1.006436526572182441e-11
9.999999999899356062e-01,1.006436526572182279e-11,9.999999999899357173e-01,1.006436526572182441e-11
9.999999999860557098e-01,1.394431753188148140e-11,9.999999999860555988e-01,1.394431753188148140e-11
9.999999999899356062e-01,1.006436526572182279e-11,9.999999999899356062e-01,1.006436526572182118e-11
9.999999999905299086e-01,9.470110775149573447e-12,9.999999999905299086e-01,9.470110775149573447e-12
9.999999999899356062e-01,1.006436526572182279e-11,9.999999999899357173e-01,1.006436526572182279e-11
9.999999999899356062e-01,1.006436526572182279e-11,9.999999999899357173e-01,1.006436526572182441e-11
9.999999999899356062e-01,1.006436526572182279e-11,9.999999999899357173e-01,1.006436526572182441e-11
9.999999999899356062e-01,1.006436526572182279e-11,9.999999999899357173e-01,1.006436526572182441e-11
9.999999999899356062e-01,1.006436526572182279e-11,9.999999999899357173e-01,1.006436526572182441e-11
9.999999999951034724e-01,4.896557034246923819e-12,9.999999999951034724e-01,4.896557034246924626e-12
9.999999999899356062e-01,1.006436526572182118e-11,9.999999999899356062e-01,1.006436526572182118e-11
9.999999999899356062e-01,1.006436526572182279e-11,9.999999999899357173e-01,1.006436526572182441e-11
9.999999999899356062e-01,1.006436526572182279e-11,9.999999999899357173e-01,1.006436526572182441e-11
9.999999999899356062e-01,1.006436526572182279e-11,9.999999999899357173e-01,1.006436526572182441e-11
9.999999999899356062e-01,1.006436526572182279e-11,9.999999999899357173e-01,1.006436526572182441e-11
9.999999999899356062e-01,1.006436526572182279e-11,9.999999999899357173e-01,1.006436526572182441e-11
9.999999999899356062e-01,1.006436526572182279e-11,9.999999999899357173e-01,1.006436526572182441e-11
9.999999999899356062e-01,1.006436526572182279e-11,9.999999999899357173e-01,1.006436526572182441e-11
9.999999999899356062e-01,1.006436526572182279e-11,9.999999999899357173e-01,1.006436526572182441e-11
9.999999999899356062e-01,1.006436526572182279e-11,9.999999999899357173e-01,1.006436526572182441e-11
9.999999999899356062e-01,1.006436526572182279e-11,9.999999999899357173e-01,1.006436526572182441e-11
9.999999999899356062e-01,1.006436526572182279e-11,9.999999999899357173e-01,1.006436526572182441e-11
9.999999999837737574e-01,1.622624383842845725e-11,9.999999999837737574e-01,1.622624383842846049e-11
9.999999999899356062e-01,1.006436526572182279e-11,9.999999999899356062e-01,1.006436526572182118e-11
9.999999999899356062e-01,1.006436526572182279e-11,9.999999999899357173e-01,1.006436526572182441e-11
9.999999999899356062e-01,1.006436526572182279e-11,9.999999999899357173e-01,1.006436526572182441e-11
9.999999999899356062e-01,1.006436526572182279e-11,9.999999999899357173e-01,1.006436526572182441e-11
9.999999999899356062e-01,1.006436526572182279e-11,9.999999999899357173e-01,1.006436526572182441e-11
9.999999999940604178e-01,5.939534100345411904e-12,9.999999999940604178e-01,5.939534100345411904e-12
9.999999999899356062e-01,1.006436526572182118e-11,9.999999999899356062e-01,1.006436526572182279e-11
9.999999999899356062e-01,1.006436526572182279e-11,9.999999999899357173e-01,1.006436526572182441e-11
9.999999999899356062e-01,1.006436526572182279e-11,9.999999999899357173e-01,1.006436526572182441e-11
9.999999999899356062e-01,1.006436526572182279e-11,9.999999999899357173e-01,1.006436526572182441e-11
9.999999999899356062e-01,1.006436526572182279e-11,9.999999999899357173e-01,1.006436526572182441e-11
9.999999999899356062e-01,1.006436526572182279e-11,9.999999999899357173e-01,1.006436526572182441e-11
9.999999999899356062e-01,1.006436526572182279e-11,9.999999999899357173e-01,1.006436526572182441e-11
9.999999999944296780e-01,5.570273398741650884e-12,9.999999999944297890e-01,5.570273398741650884e-12
9.999999999899356062e-01,1.006436526572182118e-11,9.999999999899357173e-01,1.006436526572182279e-11
9.999999999899356062e-01,1.006436526572182279e-11,9.999999999899357173e-01,1.006436526572182441e-11
9.999999999899356062e-01,1.006436526572182279e-11,9.999999999899357173e-01,1.006436526572182441e-11
9.999999999542145135e-01,4.578553539534773487e-11,9.999999999542144025e-01,4.578553539534773487e-11
9.999999999899356062e-01,1.006436526572182118e-11,9.999999999899356062e-01,1.006436526572182118e-11
9.999999999899356062e-01,1.006436526572182279e-11,9.999999999899357173e-01,1.006436526572182441e-11
9.999999999899356062e-01,1.006436526572182279e-11,9.999999999899357173e-01,1.006436526572182441e-11
9.999999999899356062e-01,1.006436526572182279e-11,9.999999999899357173e-01,1.006436526572182441e-11
9.999999999899356062e-01,1.006436526572182279e-11,9.999999999899357173e-01,1.006436526572182441e-11
9.999999999916409088e-01,8.359062569375753446e-12,9.999999999916409088e-01,8.359062569375753446e-12
9.999999999905299086e-01,9.470110775149573447e-12,9.999999999905300196e-01,9.470110775149573447e-12
9.999999999899356062e-01,1.006436526572182279e-11,9.999999999899357173e-01,1.006436526572182441e-11
9.999999999899356062e-01,1.006436526572182279e-11,9.999999999899357173e-01,1.006436526572182441e-11
9.999999999913983251e-01,8.601674836013465165e-12,9.999999999913984361e-01,8.601674836013465165e-12
9.999999999899356062e-01,1.006436526572182279e-11,9.999999999899357173e-01,1.006436526572182441e-11
9.999999999899356062e-01,1.006436526572182279e-11,9.999999999899357173e-01,1.006436526572182441e-11
9.999999999899356062e-01,1.006436526572182279e-11,9.999999999899357173e-01,1.006436526572182441e-11
9.999999999899356062e-01,1.006436526572182279e-11,9.999999999899357173e-01,1.006436526572182441e-11
9.999999999899356062e-01,1.006436526572182279e-11,9.999999999899357173e-01,1.006436526572182441e-11
9.999999999899356062e-01,1.006436526572182279e-11,9.999999999899357173e-01,1.006436526572182441e-11
9.999999999899356062e-01,1.006436526572182279e-11,9.999999999899357173e-01,1.006436526572182441e-11
9.999999999899356062e-01,1.006436526572182279e-11,9.999999999899357173e-01,1.006436526572182441e-11
9.999999999923419036e-01,7.658139894137861334e-12,9.999999999923417926e-01,7.658139894137859719e-12
9.999999999899356062e-01,1.006436526572182279e-11,9.999999999899356062e-01,1.006436526572182118e-11
9.999999999899356062e-01,1.006436526572182279e-11,9.999999999899357173e-01,1.006436526572182441e-11
9.999999999899356062e-01,1.006436526572182279e-11,9.999999999899357173e-01,1.006436526572182441e-11
9.999999999899356062e-01,1.006436526572182279e-11,9.999999999899357173e-01,1.006436526572182441e-11
9.999999999899356062e-01,1.006436526572182279e-11,9.999999999899357173e-01,1.006436526572182441e-11
9.999999999952163821e-01,4.783576317999331368e-12,9.999999999952164931e-01,4.783576317999331368e-12
9.999999999908945059e-01,9.105508766962674680e-12,9.999999999908945059e-01,9.105508766962674680e-12
9.999999999899356062e-01,1.006436526572182279e-11,9.999999999899356062e-01,1.006436526572182279e-11
9.999999999899356062e-01,1.006436526572182279e-11,9.999999999899357173e-01,1.006436526572182441e-11
9.999999999899356062e-01,1.006436526572182279e-11,9.999999999899357173e-01,1.006436526572182441e-11
9.999999999899356062e-01,1.006436526572182279e-11,9.999999999899357173e-01,1.006436526572182441e-11
9.999999999899356062e-01,1.006436526572182279e-11,9.999999999899357173e-01,1.006436526572182441e-11
9.999999999899356062e-01,1.006436526572182279e-11,9.999999999899357173e-01,1.006436526572182441e-11
9.999999999899356062e-01,1.006436526572182279e-11,9.999999999899357173e-01,1.006436526572182441e-11
9.999999999933920636e-01,6.607938860846715526e-12,9.999999999933921746e-01,6.607938860846715526e-12
9.999999999899356062e-01,1.006436526572182118e-11,9.999999999899356062e-01,1.006436526572182279e-11
9.999999999899356062e-01,1.006436526572182279e-11,9.999999999899357173e-01,1.006436526572182441e-11
9.999999999899356062e-01,1.006436526572182279e-11,9.999999999899357173e-01,1.006436526572182441e-11
9.999999999899356062e-01,1.006436526572182279e-11,9.999999999899357173e-01,1.006436526572182441e-11
9.999999999952163821e-01,4.783576317981928263e-12,9.999999999952164931e-01,4.783576317981929071e-12
9.999999999899356062e-01,1.006436526572182118e-11,9.999999999899356062e-01,1.006436526572182279e-11
9.999999999899356062e-01,1.006436526572182279e-11,9.999999999899357173e-01,1.006436526572182441e-11
9.999999999899356062e-01,1.006436526572182279e-11,9.999999999899357173e-01,1.006436526572182441e-11
9.999999999899356062e-01,1.006436526572182279e-11,9.999999999899357173e-01,1.006436526572182441e-11
9.999999999954932717e-01,4.506725468265865215e-12,9.999999999954932717e-01,4.506725468265864407e-12
9.999999999927624561e-01,7.237517422417695376e-12,9.999999999927623451e-01,7.237517422417696184e-12
9.999999999899356062e-01,1.006436526572182118e-11,9.999999999899356062e-01,1.006436526572182279e-11
9.999999999899356062e-01,1.006436526572182279e-11,9.999999999899357173e-01,1.006436526572182441e-11
9.999999999899356062e-01,1.006436526572182279e-11,9.999999999899357173e-01,1.006436526572182441e-11
9.999999999899356062e-01,1.006436526572182279e-11,9.999999999899357173e-01,1.006436526572182441e-11
9.999999999899356062e-01,1.006436526572182279e-11,9.999999999899357173e-01,1.006436526572182441e-11
9.999999999899356062e-01,1.006436526572182279e-11,9.999999999899357173e-01,1.006436526572182441e-11
9.999999999899356062e-01,1.006436526572182279e-11,9.999999999899357173e-01,1.006436526572182441e-11
9.999999999951999508e-01,4.800040419931763872e-12,9.999999999951999508e-01,4.800040419931763872e-12
9.999999999916409088e-01,8.359062569375751830e-12,9.999999999916409088e-01,8.359062569375751830e-12
9.999999999947278839e-01,5.272117414825005658e-12,9.999999999947278839e-01,5.272117414825005658e-12
9.999999999913984361e-01,8.601674836013465165e-12,9.999999999913984361e-01,8.601674836013463549e-12
9.999999999928261829e-01,7.173779663637126925e-12,9.999999999928262939e-01,7.173779663637128541e-12
9.999999999905299086e-01,9.470110775149573447e-12,9.999999999905299086e-01,9.470110775149573447e-12
9.999999999899356062e-01,1.006436526572182279e-11,9.999999999899357173e-01,1.006436526572182279e-11
9.999996712817516009e-01,3.287182483909776422e-07,9.999996712817517119e-01,3.287182483909776951e-07
9.999996712817516009e-01,3.287182483909775892e-07,9.999996712817516009e-01,3.287182483909776422e-07
9.999996712817516009e-01,3.287182483909775892e-07,9.999996712817516009e-01,3.287182483909776422e-07
9.999996712817516009e-01,3.287182483909775892e-07,9.999996712817516009e-01,3.287182483909776422e-07
9.999996712817516009e-01,3.287182483909775892e-07,9.999996712817516009e-01,3.287182483909776422e-07
9.999996712817516009e-01,3.287182483909775892e-07,9.999996712817516009e-01,3.287182483909776422e-07
9.999996712817516009e-01,3.287182483909775892e-07,9.999996712817516009e-01,3.287182483909776422e-07
9.999996712817516009e-01,3.287182483909775892e-07,9.999996712817516009e-01,3.287182483909776422e-07
9.999996712817516009e-01,3.287182483909775892e-07,9.999996712817516009e-01,3.287182483909776422e-07
9.999996712817516009e-01,3.287182483909775892e-07,9.999996712817516009e-01,3.287182483909776422e-07
9.999996712817516009e-01,3.287182483909775892e-07,9.999996712817516009e-01,3.287182483909776422e-07
9.999996712817516009e-01,3.287182483909775892e-07,9.999996712817516009e-01,3.287182483909776422e-07
9.999996712817516009e-01,3.287182483909775892e-07,9.999996712817516009e-01,3.287182483909776422e-07
9.999996712817516009e-01,3.287182483909775892e-07,9.999996712817516009e-01,3.287182483909776422e-07
9.999996712817516009e-01,3.287182483909775892e-07,9.999996712817516009e-01,3.287182483909776422e-07
9.999996712817516009e-01,3.287182483909775892e-07,9.999996712817516009e-01,3.287182483909776422e-07
9.999996712817516009e-01,3.287182483909775892e-07,9.999996712817516009e-01,3.287182483909776422e-07
9.999996712817516009e-01,3.287182483909775892e-07,9.999996712817516009e-01,3.287182483909776422e-07
9.999996712817516009e-01,3.287182483909775892e-07,9.999996712817516009e-01,3.287182483909776422e-07
9.999996712817516009e-01,3.287182483909775892e-07,9.999996712817516009e-01,3.287182483909776422e-07
9.999996712817516009e-01,3.287182483909775892e-07,9.999996712817516009e-01,3.287182483909776422e-07
9.999996712817516009e-01,3.287182483909775892e-07,9.999996712817516009e-01,3.287182483909776422e-07
9.999996712817516009e-01,3.287182483909775892e-07,9.999996712817516009e-01,3.287182483909776422e-07
9.999996712817516009e-01,3.287182483909775892e-07,9.999996712817516009e-01,3.287182483909776422e-07
9.999996712817516009e-01,3.287182483909775892e-07,9.999996712817516009e-01,3.287182483909776422e-07
9.999996712817516009e-01,3.287182483909775892e-07,9.999996712817516009e-01,3.287182483909776422e-07
9.999996712817516009e-01,3.287182483909775892e-07,9.999996712817516009e-01,3.287182483909776422e-07
9.999996712817516009e-01,3.287182483909775892e-07,9.999996712817516009e-01,3.287182483909776422e-07
9.999996712817516009e-01,3.287182483909775892e-07,9.999996712817516009e-01,3.287182483909776422e-07
9.999996712817516009e-01,3.287182483909775892e-07,9.999996712817516009e-01,3.287182483909776422e-07
9.999996712817516009e-01,3.287182483909775892e-07,9.999996712817516009e-01,3.287182483909776422e-07
9.999996712817516009e-01,3.287182483909775892e-07,9.999996712817516009e-01,3.287182483909776422e-07
9.999996712817516009e-01,3.287182483909775892e-07,9.999996712817516009e-01,3.287182483909776422e-07
9.999996712817516009e-01,3.287182483909775892e-07,9.999996712817516009e-01,3.287182483909776422e-07
9.999996712817516009e-01,3.287182483909775892e-07,9.999996712817516009e-01,3.287182483909776422e-07
9.999999999899356062e-01,1.006436526572182118e-11,9.999999999899356062e-01,1.006436526572182279e-11
9.999999999899356062e-01,1.006436526572182279e-11,9.999999999899357173e-01,1.006436526572182441e-11
9.999999999899356062e-01,1.006436526572182279e-11,9.999999999899357173e-01,1.006436526572182441e-11
9.999999999899356062e-01,1.006436526572182279e-11,9.999999999899357173e-01,1.006436526572182441e-11
9.999999999899356062e-01,1.006436526572182279e-11,9.999999999899357173e-01,1.006436526572182441e-11
9.999999999905299086e-01,9.470110775149573447e-12,9.999999999905299086e-01,9.470110775149573447e-12
9.999999999899356062e-01,1.006436526572182279e-11,9.999999999899357173e-01,1.006436526572182279e-11
9.999999999899356062e-01,1.006436526572182279e-11,9.999999999899357173e-01,1.006436526572182441e-11
9.999999999899356062e-01,1.006436526572182279e-11,9.999999999899357173e-01,1.006436526572182441e-11
9.999999999899356062e-01,1.006436526572182279e-11,9.999999999899357173e-01,1.006436526572182441e-11
9.999999999899356062e-01,1.006436526572182279e-11,9.999999999899357173e-01,1.006436526572182441e-11
4.600492363018045496e-46,1.000000000000000000e+00,4.600492363018045496e-46,1.000000000000000000e+00
4.701494535529161800e-02,9.529850546447083959e-01,4.701494535529161106e-02,9.529850546447083959e-01
9.999999845245973740e-01,1.547540265979990128e-08,9.999999845245973740e-01,1.547540265979990459e-08
9.998888664507001867e-01,1.111335492998637273e-04,9.998888664507001867e-01,1.111335492998637273e-04
9.999999999899356062e-01,1.006436526572182118e-11,9.999999999899356062e-01,1.006436526572182279e-11
9.999999999928261829e-01,7.173779663637126925e-12,9.999999999928262939e-01,7.173779663637129348e-12
9.999999999203141865e-01,7.968584051314279926e-11,9.999999999203141865e-01,7.968584051314278634e-11
9.999999999542145135e-01,4.578553539534772841e-11,9.999999999542144025e-01,4.578553539534772841e-11
9.999996165722054853e-01,3.834277945092581029e-07,9.999996165722053743e-01,3.834277945092581558e-07
9.999999998528751322e-01,1.471248556216652851e-10,9.999999998528751322e-01,1.471248556216653109e-10
9.978702591860025839e-01,2.129740813997464243e-03,9.978702591860025839e-01,2.129740813997464243e-03
9.999999999650964755e-01,3.490349648756716768e-11,9.999999999650964755e-01,3.490349648756716122e-11
9.999999997909720939e-01,2.090278510378762977e-10,9.999999997909720939e-01,2.090278510378762977e-10
9.999999923441931227e-01,7.655806880187294383e-09,9.999999923441931227e-01,7.655806880187294383e-09
9.999696545150300597e-01,3.034548497000745277e-05,9.999696545150300597e-01,3.034548497000745616e-05
6.877579828410528122e-27,1.000000000000000000e+00,6.877579828410528122e-27,1.000000000000000000e+00
3.205186936463275474e-05,9.999679481306354978e-01,3.205186936463276151e-05,9.999679481306353868e-01
1.280513414457660445e-29,1.000000000000000000e+00,1.280513414457660445e-29,1.000000000000000000e+00
6.045497240002966400e-108,1.000000000000000000e+00,6.045497240002966400e-108,1.000000000000000000e+00
1.000000000000000000e+00,6.045497239980972491e-98,1.155612930221524192e-266,1.000000000000000000e+00
1.000000000000000000e+00,1.810461442061871528e-25,1.645146773951866163e-304,1.000000000000000000e+00
1.000000000000000000e+00,1.155612930229932405e-256,2.165113646100187486e-74,1.000000000000000000e+00
4.109082433395542201e-50,1.000000000000000000e+00,4.109082433395541727e-50,1.000000000000000000e+00
1.807898221812568574e-35,1.000000000000000000e+00,1.807898221812568574e-35,1.000000000000000000e+00
7.552308208657628859e-14,9.999999999999245048e-01,7.552308208657628859e-14,9.999999999999245048e-01
6.877579828410528122e-27,1.000000000000000000e+00,6.877579828410528122e-27,1.000000000000000000e+00
4.500959010734504431e-134,1.000000000000000000e+00,4.500959010734504431e-134,1.000000000000000000e+00
4.109082433395541727e-50,1.000000000000000000e+00,4.109082433395541727e-50,1.000000000000000000e+00
8.800956425758331538e-125,1.000000000000000000e+00,8.800956425758332587e-125,1.000000000000000000e+00
1.000000000000000000e+00,8.800956425630260698e-115,2.647869429086880363e-203,1.000000000000000000e+00
1.000000000000000000e+00,2.647869429135045063e-193,4.013210579125449651e-161,1.000000000000000000e+00
1.000000000000000000e+00,1.051696793540406767e-76,8.916345536926666255e-38,1.000000000000000000e+00
4.765912619807591572e-122,1.000000000000000000e+00,4.765912619817799496e-132,1.000000000000000000e+00
2.286022896315151861e-31,1.000000000000000000e+00,2.647869429077247550e-203,1.000000000000000000e+00
3.397932514684107944e-80,1.000000000000000000e+00,3.397932514671746071e-80,1.000000000000000000e+00
4.500959010734504431e-134,1.000000000000000000e+00,4.500959010734504431e-134,1.000000000000000000e+00
2.142316050014937465e-165,1.000000000000000000e+00,2.142316050014937465e-165,1.000000000000000000e+00
8.800956425758332587e-125,1.000000000000000000e+00,8.800956425758332587e-125,1.000000000000000000e+00
1.000000000000000000e+00,8.800956425758332210e-115,6.190525226206426814e-232,1.000000000000000000e+00
6.190525226319031350e-222,1.000000000000000000e+00,7.891091843166415750e-190,1.000000000000000000e+00
6.508554717936498460e-69,1.000000000000000000e+00,6.508554717936498460e-69,1.000000000000000000e+00
2.165113646100187486e-74,1.000000000000000000e+00,2.165113646100187486e-74,1.000000000000000000e+00
1.911837754375327127e-32,1.000000000000000000e+00,1.911837754375327127e-32,1.000000000000000000e+00
3.118280795919225995e-12,9.999999999968818276e-01,3.118280795919225591e-12,9.999999999968817166e-01
3.118280795919225591e-12,9.999999999968817166e-01,3.118280795919225591e-12,9.999999999968817166e-01
2.165113646100187486e-74,1.000000000000000000e+00,2.165113646100187486e-74,1.000000000000000000e+00
1.280513414457660445e-29,1.000000000000000000e+00,1.280513414457660165e-29,1.000000000000000000e+00
7.552308208657630121e-14,9.999999999999245048e-01,7.552308208657628859e-14,9.999999999999245048e-01
9.999999999837736464e-01,1.622624383842845725e-11,9.999999999837736464e-01,1.622624383842845725e-11
4.237959541110206899e-04,9.995762040458889830e-01,4.237959541110207441e-04,9.995762040458890940e-01
9.999999999943958162e-01,5.604174516224689406e-12,9.999999999943958162e-01,5.604174516224689406e-12
9.999999999952835505e-01,4.716556624662313531e-12,9.999999999952834395e-01,4.716556624662312723e-12
9.999999999940604178e-01,5.939534100345411904e-12,9.999999999940604178e-01,5.939534100345412712e-12
9.999999999926452166e-01,7.354885591278763646e-12,9.999999999926451055e-01,7.354885591278762031e-12
9.999999999939095385e-01,6.090412875474225856e-12,9.999999999939096496e-01,6.090412875474227471e-12
9.999999999939095385e-01,6.090412875496382825e-12,9.999999999939096496e-01,6.090412875496382825e-12
9.999999999837736464e-01,1.622624383842845725e-11,9.999999999837737574e-01,1.622624383842845725e-11
9.999999999899356062e-01,1.006436526572182279e-11,9.999999999899356062e-01,1.006436526572182118e-11
9.999999999899356062e-01,1.006436526572182279e-11,9.999999999899357173e-01,1.006436526572182441e-11
9.999999999923986360e-01,7.601346801492557234e-12,9.999999999923986360e-01,7.601346801492557234e-12
9.999999999899356062e-01,1.006436526572182279e-11,9.999999999899356062e-01,1.006436526572182279e-11
9.999999999899356062e-01,1.006436526572182279e-11,9.999999999899357173e-01,1.006436526572182441e-11
9.999999999899356062e-01,1.006436526572182279e-11,9.999999999899357173e-01,1.006436526572182441e-11
9.999999999899356062e-01,1.006436526572182279e-11,9.999999999899357173e-01,1.006436526572182441e-11
9.999999999773966364e-01,2.260333082498428119e-11,9.999999999773967474e-01,2.260333082498428443e-11
9.999999999954056751e-01,4.594320500592707263e-12,9.999999999954056751e-01,4.594320500592706455e-12
9.999999999913984361e-01,8.601674836013465165e-12,9.999999999913983251e-01,8.601674836013465165e-12
9.999999999928261829e-01,7.173779663637126925e-12,9.999999999928262939e-01,7.173779663637128541e-12
9.999999999942685847e-01,5.731468574245448509e-12,9.999999999942684736e-01,5.731468574245447701e-12
9.999999999809390250e-01,1.906088482989038813e-11,9.999999999809391360e-01,1.906088482989038813e-11
9.999999999860557098e-01,1.394431753188148140e-11,9.999999999860557098e-01,1.394431753188148302e-11
9.999999999879028989e-01,1.209708840221311526e-11,9.999999999879028989e-01,1.209708840221311526e-11
9.999999999203141865e-01,7.968584051314278634e-11,9.999999999203141865e-01,7.968584051314279926e-11
3.118280795919225995e-12,9.999999999968817166e-01,3.118280795919225995e-12,9.999999999968818276e-01
9.999999999906339365e-01,9.366147880855780401e-12,9.999999999906338255e-01,9.366147880855780401e-12
9.999999999203141865e-01,7.968584051314278634e-11,9.999999999203141865e-01,7.968584051314278634e-11
4.238036665394017879e-09,9.999999957619633006e-01,4.238036665394018706e-09,9.999999957619633006e-01
1.331061532865472698e-10,9.999999998668938073e-01,1.331061532865472698e-10,9.999999998668938073e-01
9.999999999542145135e-01,4.578553539534772841e-11,9.999999999542145135e-01,4.578553539534773487e-11
9.438928158291428313e-16,9.999999999999990008e-01,9.438928158291430285e-16,9.999999999999990008e-01
9.999999999944296780e-01,5.570273398741650076e-12,9.999999999944296780e-01,5.570273398741650076e-12
9.999999999905299086e-01,9.470110775149573447e-12,9.999999999905297976e-01,9.470110775149573447e-12
9.999999999899356062e-01,1.006436526572182279e-11,9.999999999899357173e-01,1.006436526572182279e-11
9.999999999952834395e-01,4.716556624662312723e-12,9.999999999952834395e-01,4.716556624662313531e-12
9.999999998528752432e-01,1.471248556216653109e-10,9.999999998528751322e-01,1.471248556216652851e-10
9.999999999899356062e-01,1.006436526572182279e-11,9.999999999899354952e-01,1.006436526572182279e-11
9.999999999837737574e-01,1.622624383842845725e-11,9.999999999837737574e-01,1.622624383842846049e-11
9.999999999933496531e-01,6.650344746568387540e-12,9.999999999933495420e-01,6.650344746568386733e-12
9.999999999954614083e-01,4.538601109210478302e-12,9.999999999954614083e-01,4.538601109210478302e-12
9.999999999915556437e-01,8.444435846188331079e-12,9.999999999915556437e-01,8.444435846188329463e-12
9.999999999905299086e-01,9.470110775149573447e-12,9.999999999905299086e-01,9.470110775149571831e-12
9.999999999953544938e-01,4.645487461618751723e-12,9.999999999953543828e-01,4.645487461618750107e-12
9.999999999908945059e-01,9.105508766962674680e-12,9.999999999908945059e-01,9.105508766962674680e-12
9.999999999899356062e-01,1.006436526572182279e-11,9.999999999899356062e-01,1.006436526572182118e-11
9.999999999927624561e-01,7.237517422417696184e-12,9.999999999927625671e-01,7.237517422417696992e-12
9.999999999906338255e-01,9.366147880855780401e-12,9.999999999906338255e-01,9.366147880855780401e-12
9.999999999899356062e-01,1.006436526572182279e-11,9.999999999899356062e-01,1.006436526572182279e-11
9.999999999905299086e-01,9.470110775149573447e-12,9.999999999905299086e-01,9.470110775149573447e-12
9.999999999919976235e-01,8.002350202457409247e-12,9.999999999919977345e-01,8.002350202457409247e-12
9.999999999951034724e-01,4.896557034246923819e-12,9.999999999951033613e-01,4.896557034246923819e-12
9.999999923441931227e-01,7.655806880187292729e-09,9.999999923441931227e-01,7.655806880187292729e-09
9.999999997909722049e-01,2.090278510378763235e-10,9.999999997909722049e-01,2.090278510378763235e-10
9.999999999926451055e-01,7.354885591278763646e-12,9.999999999926451055e-01,7.354885591278762031e-12
9.999999999949931162e-01,5.006829722137264645e-12,9.999999999949932272e-01,5.006829722137266260e-12
9.999999999899356062e-01,1.006436526572182118e-11,9.999999999899357173e-01,1.006436526572182279e-11
9.999996165722054853e-01,3.834277945092581558e-07,9.999996165722055963e-01,3.834277945092581558e-07
2.800694639580131318e-01,7.199305360419868682e-01,2.800694639580131318e-01,7.199305360419869793e-01
9.999999845245973740e-01,1.547540265979990128e-08,9.999999845245972629e-01,1.547540265979990128e-08
9.999999960903752649e-01,3.909624719518067953e-09,9.999999960903752649e-01,3.909624719518067126e-09
7.171004187923165629e-01,2.828995812076834371e-01,7.171004187923165629e-01,2.828995812076834371e-01
1.024093259732848112e-07,9.999998975906740917e-01,1.024093259732848112e-07,9.999998975906739807e-01
4.237959541110206357e-04,9.995762040458889830e-01,4.237959541110207441e-04,9.995762040458889830e-01
3.205186936463275474e-05,9.999679481306353868e-01,3.205186936463275474e-05,9.999679481306352757e-01
2.350216348700783350e-154,1.000000000000000000e+00,2.350216348700783681e-154,1.000000000000000000e+00
9.999999923441932337e-01,7.655806880187292729e-09,9.999999923441931227e-01,7.655806880187292729e-09
9.999999999939095385e-01,6.090412875474226664e-12,9.999999999939096496e-01,6.090412875474225856e-12
9.999999999955386798e-01,4.461220696119652376e-12,9.999999999955386798e-01,4.461220696119652376e-12
9.999999999837736464e-01,1.622624383842845725e-11,9.999999999837737574e-01,1.622624383842846049e-11
9.999999999915555327e-01,8.444435846188329463e-12,9.999999999915555327e-01,8.444435846188329463e-12
9.999999999927624561e-01,7.237517422417696184e-12,9.999999999927625671e-01,7.237517422417696992e-12
9.999999999899356062e-01,1.006436526572182118e-11,9.999999999899356062e-01,1.006436526572182279e-11
9.999999999899356062e-01,1.006436526572182279e-11,9.999999999899357173e-01,1.006436526572182441e-11
9.999999996834015858e-01,3.165983998440406059e-10,9.999999996834014748e-01,3.165983998440406059e-10
9.999999999955387908e-01,4.461220696119652376e-12,9.999999999955387908e-01,4.461220696119652376e-12
9.999999998528752432e-01,1.471248556216653109e-10,9.999999998528751322e-01,1.471248556216652851e-10
9.999999999952834395e-01,4.716556624662313531e-12,9.999999999952834395e-01,4.716556624662313531e-12
9.999999999899356062e-01,1.006436526572182118e-11,9.999999999899356062e-01,1.006436526572182279e-11
9.999999999905299086e-01,9.470110775149573447e-12,9.999999999905299086e-01,9.470110775149573447e-12
9.999999999899356062e-01,1.006436526572182279e-11,9.999999999899357173e-01,1.006436526572182279e-11
9.999999999899356062e-01,1.006436526572182279e-11,9.999999999899357173e-01,1.006436526572182441e-11
9.999999999860557098e-01,1.394431753188148140e-11,9.999999999860555988e-01,1.394431753188148140e-11
9.999999352164864463e-01,6.478351360413596601e-08,9.999999352164864463e-01,6.478351360413596601e-08
9.999999999809391360e-01,1.906088482989039136e-11,9.999999999809391360e-01,1.906088482989039136e-11
9.999999999955372365e-01,4.462777587634429284e-12,9.999999999955372365e-01,4.462777587634429284e-12
9.999999999203141865e-01,7.968584051314279926e-11,9.999999999203142975e-01,7.968584051314279926e-11
7.348060591979191301e-144,1.000000000000000000e+00,7.348060591979191301e-144,1.000000000000000000e+00
5.075134280216156077e-03,9.949248657197837797e-01,5.075134280216156077e-03,9.949248657197837797e-01
8.800956425758332587e-125,1.000000000000000000e+00,8.800956425758332587e-125,1.000000000000000000e+00
3.397932514671746071e-80,1.000000000000000000e+00,3.397932514671746071e-80,1.000000000000000000e+00
2.900305680550909150e-42,1.000000000000000000e+00,2.900305680550908513e-42,1.000000000000000000e+00
4.238036665394017879e-09,9.999999957619633006e-01,4.238036665394018706e-09,9.999999957619633006e-01
1.280513414457660165e-29,1.000000000000000000e+00,1.280513414457660445e-29,1.000000000000000000e+00
8.282882430931688315e-39,1.000000000000000000e+00,8.282882430931687010e-39,1.000000000000000000e+00
9.525930785740294923e-64,1.000000000000000000e+00,9.525930785740294923e-64,1.000000000000000000e+00
7.891091843166414753e-190,1.000000000000000000e+00,7.891091843166415750e-190,1.000000000000000000e+00
9.999999999773966364e-01,2.260333082498428443e-11,9.999999999773967474e-01,2.260333082498428443e-11
9.999999999203141865e-01,7.968584051314279926e-11,9.999999999203140755e-01,7.968584051314278634e-11
9.999999845245973740e-01,1.547540265979990459e-08,9.999999845245972629e-01,1.547540265979990128e-08
2.411949648332231817e-24,1.000000000000000000e+00,2.411949648332231817e-24,1.000000000000000000e+00
1.909432868935981247e-06,9.999980905671310705e-01,1.909432868935981671e-06,9.999980905671310705e-01
9.999989299898902617e-01,1.070010109742719843e-06,9.999989299898902617e-01,1.070010109742719843e-06
9.999999999948926410e-01,5.107369090419101151e-12,9.999999999948927520e-01,5.107369090419101959e-12
9.999912770566483644e-01,8.722943351604154060e-06,9.999912770566484754e-01,8.722943351604157448e-06
9.999989299898902617e-01,1.070010109742719843e-06,9.999989299898901507e-01,1.070010109742719843e-06
9.999999996834015858e-01,3.165983998440406059e-10,9.999999996834016969e-01,3.165983998440406576e-10
9.887602347579118600e-01,1.123976524208813305e-02,9.887602347579118600e-01,1.123976524208813305e-02
9.999999999773967474e-01,2.260333082498428443e-11,9.999999999773967474e-01,2.260333082498428443e-11
9.999999999954550800e-01,4.544940010447998581e-12,9.999999999954549690e-01,4.544940010447997773e-12
9.999999698367982859e-01,3.016320162183263974e-08,9.999999698367983969e-01,3.016320162183264636e-08
9.998888664507001867e-01,1.111335492998637137e-04,9.998888664507000756e-01,1.111335492998637137e-04
9.999999999203141865e-01,7.968584051314279926e-11,9.999999999203140755e-01,7.968584051314279926e-11
1.204632648634710935e-17,1.000000000000000000e+00,1.204632648634710935e-17,1.000000000000000000e+00
9.887602347579118600e-01,1.123976524208813478e-02,9.887602347579117490e-01,1.123976524208813305e-02
9.999999999946250773e-01,5.374910414203605534e-12,9.999999999946250773e-01,5.374910414203606342e-12
9.999999999906338255e-01,9.366147880855780401e-12,9.999999999906338255e-01,9.366147880855778785e-12
9.999999999899356062e-01,1.006436526572182279e-11,9.999999999899356062e-01,1.006436526572182279e-11
9.999999999955205832e-01,4.479402961070270183e-12,9.999999999955205832e-01,4.479402961070270183e-12
9.999999999773967474e-01,2.260333082498428443e-11,9.999999999773966364e-01,2.260333082498428443e-11
9.999999999950521801e-01,4.947834189805316345e-12,9.999999999950521801e-01,4.947834189805315537e-12
9.999999999916409088e-01,8.359062569375751830e-12,9.999999999916410198e-01,8.359062569375753446e-12
9.999999999953218532e-01,4.678158430719900854e-12,9.999999999953218532e-01,4.678158430719900854e-12
9.999999999953546048e-01,4.645487461618752531e-12,9.999999999953546048e-01,4.645487461618750915e-12
9.999999999940604178e-01,5.939534100345411904e-12,9.999999999940605289e-01,5.939534100345412712e-12
9.999999999947764007e-01,5.223516961192327421e-12,9.999999999947765117e-01,5.223516961192329036e-12
9.999999999954614083e-01,4.538601109210478302e-12,9.999999999954614083e-01,4.538601109210478302e-12
9.999999999809390250e-01,1.906088482989038813e-11,9.999999999809391360e-01,1.906088482989039136e-11
9.999999999928261829e-01,7.173779663637126925e-12,9.999999999928261829e-01,7.173779663637127733e-12
9.999999999938302686e-01,6.169712484150116220e-12,9.999999999938303796e-01,6.169712484150116220e-12
9.999999999939095385e-01,6.090412875474225856e-12,9.999999999939095385e-01,6.090412875474225856e-12
9.999999999542145135e-01,4.578553539534773487e-11,9.999999999542145135e-01,4.578553539534773487e-11
9.999999999773966364e-01,2.260333082498428119e-11,9.999999999773966364e-01,2.260333082498428119e-11
9.999999999950521801e-01,4.947834189805316345e-12,9.999999999950521801e-01,4.947834189805315537e-12
9.999999999928261829e-01,7.173779663637127733e-12,9.999999999928262939e-01,7.173779663637128541e-12
9.999999999953217422e-01,4.678158430719900046e-12,9.999999999953218532e-01,4.678158430719901662e-12
9.999999999933920636e-01,6.607938860846715526e-12,9.999999999933921746e-01,6.607938860846717142e-12
9.999999999949931162e-01,5.006829722137264645e-12,9.999999999949932272e-01,5.006829722137266260e-12
9.999999999935760275e-01,6.423970721777581563e-12,9.999999999935760275e-01,6.423970721777581563e-12
9.999999992258554737e-01,7.741444925212096156e-10,9.999999992258554737e-01,7.741444925212095122e-10
9.999999999928261829e-01,7.173779663637126925e-12,9.999999999928261829e-01,7.173779663637126925e-12
9.999999999955386798e-01,4.461220696119652376e-12,9.999999999955387908e-01,4.461220696119652376e-12
9.999999999952000618e-01,4.800040419931763872e-12,9.999999999952000618e-01,4.800040419931763872e-12
9.999999998902970866e-01,1.097029182977391743e-10,9.999999998902969756e-01,1.097029182977391614e-10
9.999912770566483644e-01,8.722943351604155754e-06,9.999912770566483644e-01,8.722943351604155754e-06
5.075134280216156944e-03,9.949248657197838908e-01,5.075134280216156077e-03,9.949248657197837797e-01
9.999999978183630178e-01,2.181636924957335449e-09,9.999999978183630178e-01,2.181636924957335449e-09
9.999999999953218532e-01,4.678158430719901662e-12,9.999999999953217422e-01,4.678158430719900854e-12
9.999999978183631288e-01,2.181636924957335449e-09,9.999999978183631288e-01,2.181636924957335449e-09
9.999999999809391360e-01,1.906088482989039136e-11,9.999999999809390250e-01,1.906088482989039136e-11
9.999999999952834395e-01,4.716556624662312723e-12,9.999999999952834395e-01,4.716556624662313531e-12
9.999999999937111417e-01,6.288878759627429783e-12,9.999999999937110307e-01,6.288878759627429783e-12
9.999999999948925300e-01,5.107369090419100343e-12,9.999999999948926410e-01,5.107369090419101151e-12
9.999999999944296780e-01,5.570273398741650076e-12,9.999999999944296780e-01,5.570273398741650884e-12
9.999999999837736464e-01,1.622624383842845725e-11,9.999999999837737574e-01,1.622624383842846049e-11
9.995273477505126625e-01,4.726522494873303722e-04,9.995273477505127735e-01,4.726522494873304264e-04
3.205186936463275474e-05,9.999679481306353868e-01,3.205186936463276151e-05,9.999679481306353868e-01
9.999696545150300597e-01,3.034548497000744938e-05,9.999696545150299487e-01,3.034548497000745277e-05
9.999999999650964755e-01,3.490349648756716768e-11,9.999999999650964755e-01,3.490349648756716768e-11
9.999999998528751322e-01,1.471248556216652851e-10,9.999999998528752432e-01,1.471248556216652851e-10
9.999999960903752649e-01,3.909624719518067126e-09,9.999999960903752649e-01,3.909624719518067126e-09
9.999999999542145135e-01,4.578553539534772841e-11,9.999999999542144025e-01,4.578553539534772841e-11
9.999999960903752649e-01,3.909624719518067126e-09,9.999999960903752649e-01,3.909624719518067953e-09
9.999999998902970866e-01,1.097029182977391743e-10,9.999999998902970866e-01,1.097029182977391614e-10
9.999999999947278839e-01,5.272117414825005658e-12,9.999999999947278839e-01,5.272117414825004851e-12
9.999999999899356062e-01,1.006436526572182118e-11,9.999999999899356062e-01,1.006436526572182118e-11
9.999999999906338255e-01,9.366147880855780401e-12,9.999999999906338255e-01,9.366147880855780401e-12
9.999999999894058078e-01,1.059421469912400830e-11,9.999999999894056968e-01,1.059421469912400830e-11
9.999999999720921018e-01,2.790791985167706023e-11,9.999999999720921018e-01,2.790791985167706346e-11
9.999999999720921018e-01,2.790791985167706346e-11,9.999999999720921018e-01,2.790791985167706346e-11
9.999999987502280474e-01,1.249771974204332617e-09,9.999999987502280474e-01,1.249771974204332411e-09
9.999999999923419036e-01,7.658139894137859719e-12,9.999999999923419036e-01,7.658139894137861334e-12
9.999999999928261829e-01,7.173779663637126925e-12,9.999999999928261829e-01,7.173779663637126925e-12
9.999999999923419036e-01,7.658139894137861334e-12,9.999999999923417926e-01,7.658139894137859719e-12
9.999696545150299487e-01,3.034548497000744938e-05,9.999696545150300597e-01,3.034548497000745277e-05
9.999999999954136687e-01,4.586312181167410297e-12,9.999999999954136687e-01,4.586312181167410297e-12
9.999999999942015272e-01,5.798478635386659122e-12,9.999999999942015272e-01,5.798478635386659929e-12
9.999999999203141865e-01,7.968584051314279926e-11,9.999999999203141865e-01,7.968584051314279926e-11
9.999999999937111417e-01,6.288878759627429783e-12,9.999999999937111417e-01,6.288878759627430591e-12
9.999999999203141865e-01,7.968584051314279926e-11,9.999999999203140755e-01,7.968584051314279926e-11
9.999999999720921018e-01,2.790791985167706346e-11,9.999999999720921018e-01,2.790791985167706023e-11
9.999999999906338255e-01,9.366147880855780401e-12,9.999999999906338255e-01,9.366147880855780401e-12
9.999999923441931227e-01,7.655806880187292729e-09,9.999999923441931227e-01,7.655806880187292729e-09
9.999999999411371965e-01,5.886277232111930896e-11,9.999999999411373075e-01,5.886277232111932188e-11
9.999999999923419036e-01,7.658139894137859719e-12,9.999999999923419036e-01,7.658139894137861334e-12
9.999999999894058078e-01,1.059421469912400830e-11,9.999999999894058078e-01,1.059421469912400991e-11
9.999999999944296780e-01,5.570273398741650884e-12,9.999999999944297890e-01,5.570273398741650884e-12
9.999999923441931227e-01,7.655806880187292729e-09,9.999999923441932337e-01,7.655806880187294383e-09
9.999971298270133868e-01,2.870172986542116449e-06,9.999971298270134978e-01,2.870172986542116449e-06
9.999999999860557098e-01,1.394431753188147979e-11,9.999999999860555988e-01,1.394431753188147979e-11
9.999999987502280474e-01,1.249771974204332617e-09,9.999999987502280474e-01,1.249771974204332617e-09
9.999998453444800539e-01,1.546555199398641658e-07,9.999998453444800539e-01,1.546555199398641394e-07
9.999999999937111417e-01,6.288878759627429783e-12,9.999999999937111417e-01,6.288878759627429783e-12
9.999999999953546048e-01,4.645487461618752531e-12,9.999999999953546048e-01,4.645487461618750915e-12
9.999999999948925300e-01,5.107369090419100343e-12,9.999999999948925300e-01,5.107369090419100343e-12
9.999999992258554737e-01,7.741444925212096156e-10,9.999999992258554737e-01,7.741444925212096156e-10
9.995273477505126625e-01,4.726522494873303180e-04,9.995273477505126625e-01,4.726522494873303722e-04
9.999999999860557098e-01,1.394431753188147979e-11,9.999999999860557098e-01,1.394431753188147979e-11
9.999999978183631288e-01,2.181636924957335449e-09,9.999999978183631288e-01,2.181636924957335449e-09
9.999999997909722049e-01,2.090278510378762977e-10,9.999999997909720939e-01,2.090278510378762977e-10
9.999999998902970866e-01,1.097029182977391743e-10,9.999999998902970866e-01,1.097029182977391614e-10
9.999999845245973740e-01,1.547540265979990128e-08,9.999999845245973740e-01,1.547540265979990128e-08
9.999996165722054853e-01,3.834277945092581029e-07,9.999996165722054853e-01,3.834277945092581558e-07
9.999999999879028989e-01,1.209708840221311526e-11,9.999999999879028989e-01,1.209708840221311364e-11
7.171004187923165629e-01,2.828995812076834926e-01,7.171004187923165629e-01,2.828995812076834371e-01
9.012425899257116277e-20,1.000000000000000000e+00,9.012425899257116277e-20,1.000000000000000000e+00
8.282882430931687010e-39,1.000000000000000000e+00,8.282882430931687010e-39,1.000000000000000000e+00
9.999999999948926410e-01,5.107369090419101151e-12,9.999999999948925300e-01,5.107369090419100343e-12
9.999999999948683271e-01,5.131695836139930548e-12,9.999999999948682161e-01,5.131695836139930548e-12
9.999999999954933827e-01,4.506725468265865215e-12,9.999999999954932717e-01,4.506725468265865215e-12
9.999999999954136687e-01,4.586312181167410297e-12,9.999999999954137797e-01,4.586312181167411105e-12
9.999999999933496531e-01,6.650344746568387540e-12,9.999999999933496531e-01,6.650344746568387540e-12
9.999999999906338255e-01,9.366147880855780401e-12,9.999999999906338255e-01,9.366147880855780401e-12
9.999999999860557098e-01,1.394431753188148140e-11,9.999999999860557098e-01,1.394431753188148302e-11
9.999999999952834395e-01,4.716556624662312723e-12,9.999999999952834395e-01,4.716556624662312723e-12
9.999999999949931162e-01,5.006829722137264645e-12,9.999999999949931162e-01,5.006829722137265452e-12
9.999999999954549690e-01,4.544940010447997773e-12,9.999999999954550800e-01,4.544940010447998581e-12
9.999999999954980456e-01,4.502010443768259944e-12,9.999999999954979346e-01,4.502010443768259136e-12
9.999999999954933827e-01,4.506725468265865215e-12,9.999999999954932717e-01,4.506725468265865215e-12
9.999999999950521801e-01,4.947834189805316345e-12,9.999999999950521801e-01,4.947834189805316345e-12
9.999999999950521801e-01,4.947834189805316345e-12,9.999999999950521801e-01,4.947834189805316345e-12
9.999999999955433427e-01,4.456731138809824732e-12,9.999999999955432317e-01,4.456731138809823924e-12
9.999999999954933827e-01,4.506725468265865215e-12,9.999999999954933827e-01,4.506725468265865215e-12
9.999999999203141865e-01,7.968584051314279926e-11,9.999999999203140755e-01,7.968584051314278634e-11
9.999999999542145135e-01,4.578553539534772841e-11,9.999999999542144025e-01,4.578553539534772841e-11
9.978702591860103555e-01,2.129740813989732581e-03,9.978702591860102444e-01,2.129740813989732581e-03
9.999971298270134978e-01,2.870172986531674650e-06,9.999971298270134978e-01,2.870172986531675074e-06
9.999999999926451055e-01,7.354885591305519385e-12,9.999999999926451055e-01,7.354885591332276739e-12
9.999999999908945059e-01,9.105508766929550297e-12,9.999999999908946169e-01,9.105508766929548681e-12
9.999999999923419036e-01,7.658139894165720519e-12,9.999999999923417926e-01,7.658139894165720519e-12
9.999999999949931162e-01,5.006829722119050515e-12,9.999999999949932272e-01,5.006829722119051323e-12
9.999999999933920636e-01,6.607938860846715526e-12,9.999999999933920636e-01,6.607938860846715526e-12
9.999999999951034724e-01,4.896557034264737282e-12,9.999999999951034724e-01,4.896557034264737282e-12
9.999999999837736464e-01,1.622624383842845725e-11,9.999999999837737574e-01,1.622624383842846049e-11
9.999999999927624561e-01,7.237517422417696184e-12,9.999999999927625671e-01,7.237517422417696992e-12
9.999999999954933827e-01,4.506725468265865215e-12,9.999999999954932717e-01,4.506725468265864407e-12
9.999999996834016969e-01,3.165983998451924032e-10,9.999999996834015858e-01,3.165983998451924032e-10
9.999999999952163821e-01,4.783576317999331368e-12,9.999999999952164931e-01,4.783576317999331368e-12
9.999999999906338255e-01,9.366147880855780401e-12,9.999999999906339365e-01,9.366147880855780401e-12
9.999999999906338255e-01,9.366147880855780401e-12,9.999999999906338255e-01,9.366147880855780401e-12
9.999999999203141865e-01,7.968584051372258825e-11,9.999999999203141865e-01,7.968584051372258825e-11
9.999999960903752649e-01,3.909624719518067953e-09,9.999999960903752649e-01,3.909624719518067126e-09
9.999999978183631288e-01,2.181636924965272247e-09,9.999999978183630178e-01,2.181636924965271833e-09
5.075134280216155210e-03,9.949248657197837797e-01,5.075134280216156077e-03,9.949248657197838908e-01
9.438928158291428313e-16,9.999999999999990008e-01,9.438928158291430285e-16,9.999999999999991118e-01
9.999999978183630178e-01,2.181636924965271833e-09,9.999999978183631288e-01,2.181636924965272247e-09
9.999999999933496531e-01,6.650344746592582573e-12,9.999999999933496531e-01,6.650344746592580958e-12
9.999999987502280474e-01,1.249771974204332617e-09,9.999999987502280474e-01,1.249771974204332411e-09
9.999999999899356062e-01,1.006436526575843523e-11,9.999999999899357173e-01,1.006436526575843685e-11
9.999999352164864463e-01,6.478351360437163970e-08,9.999999352164864463e-01,6.478351360437162646e-08
9.999998453444800539e-01,1.546555199387388826e-07,9.999998453444799429e-01,1.546555199387388826e-07
9.999999352164864463e-01,6.478351360437163970e-08,9.999999352164864463e-01,6.478351360437163970e-08
9.999989299898902617e-01,1.070010109746612383e-06,9.999989299898902617e-01,1.070010109746612806e-06
2.900305680540357784e-42,1.000000000000000000e+00,2.900305680540357784e-42,1.000000000000000000e+00
4.237959541156439448e-04,9.995762040458843201e-01,4.237959541156439448e-04,9.995762040458843201e-01
9.999999999946544982e-01,5.345521493496613213e-12,9.999999999946544982e-01,5.345521493496612405e-12
4.237959541156439448e-04,9.995762040458843201e-01,4.237959541156439448e-04,9.995762040458843201e-01
9.999999923441931227e-01,7.655806880215145554e-09,9.999999923441931227e-01,7.655806880215145554e-09
9.999999996834015858e-01,3.165983998451924032e-10,9.999999996834015858e-01,3.165983998451924032e-10
9.999999999905299086e-01,9.470110775080668656e-12,9.999999999905299086e-01,9.470110775080670271e-12
9.999999999952834395e-01,4.716556624696630217e-12,9.999999999952834395e-01,4.716556624696631025e-12
9.999999999954933827e-01,4.506725468265865215e-12,9.999999999954932717e-01,4.506725468265865215e-12
9.999999698367982859e-01,3.016320162183263974e-08,9.999999698367983969e-01,3.016320162183264636e-08
9.999999999809391360e-01,1.906088482989039136e-11,9.999999999809391360e-01,1.906088482989039136e-11
9.999999998902970866e-01,1.097029182977391614e-10,9.999999998902970866e-01,1.097029182977391743e-10
9.999999996834015858e-01,3.165983998451924032e-10,9.999999996834016969e-01,3.165983998451924032e-10
9.999989299898902617e-01,1.070010109746612595e-06,9.999989299898902617e-01,1.070010109746612595e-06
9.999999923441931227e-01,7.655806880215145554e-09,9.999999923441931227e-01,7.655806880215145554e-09
9.999999996834015858e-01,3.165983998451924032e-10,9.999999996834015858e-01,3.165983998451924032e-10
9.999999999941007189e-01,5.899290110926179492e-12,9.999999999941006079e-01,5.899290110926179492e-12
9.999999997909720939e-01,2.090278510386367093e-10,9.999999997909720939e-01,2.090278510386367610e-10
9.999999999955236918e-01,4.476278123329102952e-12,9.999999999955236918e-01,4.476278123329102952e-12
9.999999999940604178e-01,5.939534100367020382e-12,9.999999999940605289e-01,5.939534100367020382e-12
9.998888664506996315e-01,1.111335493002679720e-04,9.998888664506997426e-01,1.111335493002679856e-04
9.999912770566483644e-01,8.722943351635888996e-06,9.999912770566483644e-01,8.722943351635888996e-06
7.171004187915784867e-01,2.828995812084214578e-01,7.171004187915785977e-01,2.828995812084214578e-01
6.045497240046952085e-108,1.000000000000000000e+00,6.045497240046953598e-108,1.000000000000000000e+00
2.900305680540357147e-42,1.000000000000000000e+00,2.900305680540357784e-42,1.000000000000000000e+00
4.238036665394018706e-09,9.999999957619633006e-01,4.238036665394018706e-09,9.999999957619633006e-01
2.660874161043875206e-54,1.000000000000000000e+00,2.660874161043875785e-54,1.000000000000000000e+00
8.282882430931687010e-39,1.000000000000000000e+00,8.282882430931687010e-39,1.000000000000000000e+00
9.438928158291430285e-16,9.999999999999990008e-01,9.438928158291430285e-16,9.999999999999991118e-01
5.646231525418063817e-22,1.000000000000000000e+00,5.646231525418062876e-22,1.000000000000000000e+00
9.998888664506997426e-01,1.111335493002679856e-04,9.998888664506996315e-01,1.111335493002679720e-04
1.807898221812568574e-35,1.000000000000000000e+00,1.807898221812568574e-35,1.000000000000000000e+00
9.999999999955387908e-01,4.461220696119652376e-12,9.999999999955386798e-01,4.461220696119652376e-12
9.999999999954136687e-01,4.586312181184095273e-12,9.999999999954136687e-01,4.586312181184095273e-12
9.999999999923987470e-01,7.601346801437250839e-12,9.999999999923987470e-01,7.601346801437250839e-12
9.999999999913983251e-01,8.601674835982172858e-12,9.999999999913983251e-01,8.601674835982171242e-12
9.999999999899356062e-01,1.006436526575843685e-11,9.999999999899357173e-01,1.006436526575843846e-11
9.999999999951999508e-01,4.800040419931763872e-12,9.999999999951999508e-01,4.800040419931763872e-12
9.999999997909720939e-01,2.090278510386367093e-10,9.999999997909722049e-01,2.090278510386367610e-10
9.999999999899356062e-01,1.006436526575843685e-11,9.999999999899356062e-01,1.006436526575843685e-11
9.999999999899356062e-01,1.006436526575843685e-11,9.999999999899357173e-01,1.006436526575843846e-11
9.999999999203141865e-01,7.968584051372258825e-11,9.999999999203141865e-01,7.968584051372258825e-11
9.998888664506997426e-01,1.111335493002679856e-04,9.998888664506997426e-01,1.111335493002679856e-04
9.999696545150300597e-01,3.034548496989706066e-05,9.999696545150300597e-01,3.034548496989705727e-05
9.452084402535285701e-01,5.479155974647141603e-02,9.452084402535286811e-01,5.479155974647141603e-02
9.999999352164864463e-01,6.478351360437163970e-08,9.999999352164864463e-01,6.478351360437163970e-08
9.999999999937111417e-01,6.288878759581671508e-12,9.999999999937112527e-01,6.288878759581672316e-12
9.999999999948925300e-01,5.107369090437681211e-12,9.999999999948926410e-01,5.107369090437681211e-12
9.999999999905299086e-01,9.470110775080668656e-12,9.999999999905299086e-01,9.470110775080668656e-12
9.999999999948926410e-01,5.107369090437681211e-12,9.999999999948926410e-01,5.107369090437682018e-12
9.999999999953217422e-01,4.678158430736919449e-12,9.999999999953218532e-01,4.678158430736919449e-12
9.999999999837736464e-01,1.622624383842845725e-11,9.999999999837737574e-01,1.622624383842846049e-11
9.999999999899356062e-01,1.006436526575843685e-11,9.999999999899356062e-01,1.006436526575843685e-11
9.999999999955387908e-01,4.461220696119652376e-12,9.999999999955387908e-01,4.461220696119652376e-12
3.869696153150460501e-116,1.000000000000000000e+00,3.869696153150461064e-116,1.000000000000000000e+00
9.999696545150301707e-01,3.034548496989706066e-05,9.999696545150300597e-01,3.034548496989705727e-05
9.999999999923419036e-01,7.658139894165720519e-12,9.999999999923419036e-01,7.658139894165722135e-12
9.999999999203141865e-01,7.968584051372258825e-11,9.999999999203140755e-01,7.968584051372257532e-11
9.999999999905299086e-01,9.470110775080668656e-12,9.999999999905299086e-01,9.470110775080668656e-12
9.999999999905299086e-01,9.470110775080670271e-12,9.999999999905299086e-01,9.470110775080668656e-12
9.999999999943958162e-01,5.604174516204302312e-12,9.999999999943958162e-01,5.604174516204301504e-12
9.999999960903752649e-01,3.909624719518067126e-09,9.999999960903752649e-01,3.909624719518067953e-09
9.999999995101670480e-01,4.898329619706957767e-10,9.999999995101670480e-01,4.898329619706957767e-10
9.999999999916409088e-01,8.359062569345341633e-12,9.999999999916409088e-01,8.359062569345341633e-12
9.999999999809391360e-01,1.906088482989039136e-11,9.999999999809391360e-01,1.906088482989039459e-11
9.999999999809391360e-01,1.906088482989039136e-11,9.999999999809391360e-01,1.906088482989039136e-11
9.999912770566483644e-01,8.722943351635888996e-06,9.999912770566482534e-01,8.722943351635888996e-06
9.999999999905299086e-01,9.470110775080668656e-12,9.999999999905297976e-01,9.470110775080668656e-12
9.999999996834015858e-01,3.165983998451923515e-10,9.999999996834016969e-01,3.165983998451924032e-10
9.999999996834015858e-01,3.165983998451923515e-10,9.999999996834015858e-01,3.165983998451924032e-10
9.999999999937111417e-01,6.288878759581672316e-12,9.999999999937112527e-01,6.288878759581672316e-12
9.999999999936636241e-01,6.336410936356166524e-12,9.999999999936635131e-01,6.336410936356166524e-12
9.999999999937111417e-01,6.288878759581672316e-12,9.999999999937110307e-01,6.288878759581671508e-12
9.999999999950521801e-01,4.947834189805316345e-12,9.999999999950521801e-01,4.947834189805315537e-12
9.999999999955371255e-01,4.462777587618193441e-12,9.999999999955372365e-01,4.462777587618193441e-12
9.999999999916409088e-01,8.359062569345343249e-12,9.999999999916409088e-01,8.359062569345341633e-12
9.999999978183631288e-01,2.181636924965272247e-09,9.999999978183631288e-01,2.181636924965272247e-09
9.999999999916409088e-01,8.359062569345341633e-12,9.999999999916409088e-01,8.359062569345343249e-12
9.999999999932954742e-01,6.704528808002745863e-12,9.999999999932954742e-01,6.704528808002745863e-12
9.999999999905299086e-01,9.470110775080668656e-12,9.999999999905299086e-01,9.470110775080670271e-12
9.999999999899356062e-01,1.006436526575843685e-11,9.999999999899357173e-01,1.006436526575843685e-11
9.999999999899356062e-01,1.006436526575843685e-11,9.999999999899357173e-01,1.006436526575843846e-11
2.900305680540357147e-42,1.000000000000000000e+00,2.900305680540357147e-42,1.000000000000000000e+00
5.646231525418062876e-22,1.000000000000000000e+00,5.646231525418062876e-22,1.000000000000000000e+00
9.999912770566483644e-01,8.722943351635888996e-06,9.999912770566483644e-01,8.722943351635888996e-06
9.999999999947765117e-01,5.223516961192328228e-12,9.999999999947766227e-01,5.223516961192328228e-12
9.999999999955433427e-01,4.456731138809824732e-12,9.999999999955432317e-01,4.456731138809823924e-12
9.999999987502280474e-01,1.249771974204332617e-09,9.999999987502280474e-01,1.249771974204332617e-09
9.999999999954056751e-01,4.594320500575992399e-12,9.999999999954056751e-01,4.594320500575992399e-12
4.237959541156439448e-04,9.995762040458843201e-01,4.237959541156440533e-04,9.995762040458844311e-01
9.999999999905299086e-01,9.470110775080670271e-12,9.999999999905299086e-01,9.470110775080668656e-12
9.999999999946544982e-01,5.345521493496612405e-12,9.999999999946544982e-01,5.345521493496612405e-12
9.999999999916409088e-01,8.359062569345343249e-12,9.999999999916409088e-01,8.359062569345341633e-12
9.999999987502280474e-01,1.249771974204332617e-09,9.999999987502279364e-01,1.249771974204332411e-09
9.999999960903752649e-01,3.909624719518067126e-09,9.999999960903753760e-01,3.909624719518067953e-09
9.999989299898902617e-01,1.070010109746612595e-06,9.999989299898903727e-01,1.070010109746612806e-06
9.999999999899356062e-01,1.006436526575843523e-11,9.999999999899356062e-01,1.006436526575843846e-11
9.999999999946250773e-01,5.374910414203605534e-12,9.999999999946250773e-01,5.374910414203606342e-12
9.999999992258554737e-01,7.741444925212096156e-10,9.999999992258554737e-01,7.741444925212096156e-10
9.999999999837737574e-01,1.622624383842846049e-11,9.999999999837737574e-01,1.622624383842846049e-11
9.999999995101670480e-01,4.898329619706957767e-10,9.999999995101670480e-01,4.898329619706957767e-10
1.807898221812568574e-35,1.000000000000000000e+00,1.807898221812568574e-35,1.000000000000000000e+00
9.012425899322689377e-20,1.000000000000000000e+00,9.012425899322690580e-20,1.000000000000000000e+00
2.418487454737550059e-100,1.000000000000000000e+00,2.418487454737550059e-100,1.000000000000000000e+00
9.999999987502280474e-01,1.249771974204332617e-09,9.999999987502280474e-01,1.249771974204332617e-09
9.999999999922692950e-01,7.730700947437534524e-12,9.999999999922692950e-01,7.730700947437532908e-12
9.999999999899356062e-01,1.006436526575843685e-11,9.999999999899356062e-01,1.006436526575843523e-11
9.999999999933920636e-01,6.607938860846715526e-12,9.999999999933921746e-01,6.607938860846715526e-12
9.999999999927624561e-01,7.237517422417695376e-12,9.999999999927624561e-01,7.237517422417695376e-12
9.999999999927624561e-01,7.237517422417695376e-12,9.999999999927625671e-01,7.237517422417696992e-12
9.999999999915556437e-01,8.444435846188331079e-12,9.999999999915555327e-01,8.444435846188329463e-12
9.999999999952834395e-01,4.716556624696630217e-12,9.999999999952834395e-01,4.716556624696631025e-12
9.999999999932954742e-01,6.704528808002745863e-12,9.999999999932955852e-01,6.704528808002746671e-12
9.999999999954136687e-01,4.586312181184095273e-12,9.999999999954137797e-01,4.586312181184096081e-12
9.999999999955386798e-01,4.461220696119652376e-12,9.999999999955387908e-01,4.461220696119652376e-12
9.999999999922692950e-01,7.730700947437534524e-12,9.999999999922691840e-01,7.730700947437534524e-12
9.999999999935760275e-01,6.423970721777581563e-12,9.999999999935760275e-01,6.423970721777581563e-12
9.999999999411373075e-01,5.886277232090517258e-11,9.999999999411371965e-01,5.886277232090517258e-11
9.999999999944562123e-01,5.543774189651583115e-12,9.999999999944562123e-01,5.543774189651583115e-12
9.999999998528752432e-01,1.471248556211300734e-10,9.999999998528751322e-01,1.471248556211300475e-10
9.999999998902970866e-01,1.097029182977391743e-10,9.999999998902970866e-01,1.097029182977391614e-10
9.999999999542145135e-01,4.578553539534773487e-11,9.999999999542144025e-01,4.578553539534772841e-11
9.999999999943958162e-01,5.604174516204302312e-12,9.999999999943959272e-01,5.604174516204302312e-12
9.999999999949931162e-01,5.006829722119050515e-12,9.999999999949931162e-01,5.006829722119050515e-12
9.999999999955433427e-01,4.456731138809824732e-12,9.999999999955432317e-01,4.456731138809823924e-12
9.999999999955206942e-01,4.479402961086567418e-12,9.999999999955204721e-01,4.479402961086565802e-12
9.999999999955433427e-01,4.456731138809824732e-12,9.999999999955432317e-01,4.456731138809823117e-12
9.999999999899356062e-01,1.006436526575843523e-11,9.999999999899356062e-01,1.006436526575843685e-11
9.999999999938302686e-01,6.169712484172561572e-12,9.999999999938303796e-01,6.169712484172562380e-12
9.999999999899356062e-01,1.006436526575843523e-11,9.999999999899356062e-01,1.006436526575843523e-11
9.999999999915555327e-01,8.444435846188329463e-12,9.999999999915555327e-01,8.444435846188331079e-12
9.999999999899356062e-01,1.006436526575843685e-11,9.999999999899356062e-01,1.006436526575843685e-11
9.999999999906338255e-01,9.366147880855780401e-12,9.999999999906338255e-01,9.366147880855780401e-12
1.911837754375327127e-32,1.000000000000000000e+00,1.911837754375327127e-32,1.000000000000000000e+00
9.012425899322690580e-20,1.000000000000000000e+00,9.012425899322690580e-20,1.000000000000000000e+00
2.165113646092310944e-74,1.000000000000000000e+00,2.165113646092310944e-74,1.000000000000000000e+00
6.877579828410526687e-27,1.000000000000000000e+00,6.877579828410528122e-27,1.000000000000000000e+00
1.204632648634710781e-17,1.000000000000000000e+00,1.204632648634710935e-17,1.000000000000000000e+00
9.012425899322690580e-20,1.000000000000000000e+00,9.012425899322690580e-20,1.000000000000000000e+00
9.012425899289904031e-20,1.000000000000000000e+00,9.012425899322690580e-20,1.000000000000000000e+00
1.331061532865472957e-10,9.999999998668939183e-01,1.331061532865472698e-10,9.999999998668938073e-01
2.418487454737550059e-100,1.000000000000000000e+00,2.418487454737550059e-100,1.000000000000000000e+00
3.205186936463276151e-05,9.999679481306353868e-01,3.205186936463276151e-05,9.999679481306353868e-01
1.909432868935981247e-06,9.999980905671310705e-01,1.909432868935981671e-06,9.999980905671310705e-01
9.999999998902970866e-01,1.097029182977391614e-10,9.999999998902970866e-01,1.097029182977391743e-10
9.999999995101670480e-01,4.898329619706957767e-10,9.999999995101670480e-01,4.898329619706956733e-10
9.999999999650964755e-01,3.490349648769413991e-11,9.999999999650964755e-01,3.490349648769413991e-11
9.999999999203141865e-01,7.968584051372258825e-11,9.999999999203140755e-01,7.968584051372258825e-11
9.999999999899356062e-01,1.006436526575843685e-11,9.999999999899356062e-01,1.006436526575843523e-11
9.999999999948926410e-01,5.107369090437681211e-12,9.999999999948925300e-01,5.107369090437681211e-12
9.999999999954136687e-01,4.586312181184095273e-12,9.999999999954137797e-01,4.586312181184095273e-12
9.999999998902970866e-01,1.097029182977391743e-10,9.999999998902970866e-01,1.097029182977391743e-10
9.999999999954136687e-01,4.586312181184095273e-12,9.999999999954136687e-01,4.586312181184094466e-12
9.999999999899356062e-01,1.006436526575843523e-11,9.999999999899357173e-01,1.006436526575843685e-11
9.999999999894058078e-01,1.059421469908546685e-11,9.999999999894058078e-01,1.059421469908546847e-11
9.999999845245973740e-01,1.547540265968730546e-08,9.999999845245972629e-01,1.547540265968730215e-08
9.999999999809391360e-01,1.906088482989039459e-11,9.999999999809390250e-01,1.906088482989039136e-11
9.999999999899356062e-01,1.006436526575843685e-11,9.999999999899357173e-01,1.006436526575843685e-11
9.999999999949931162e-01,5.006829722119050515e-12,9.999999999949932272e-01,5.006829722119050515e-12
9.999999698367982859e-01,3.016320162183263974e-08,9.999999698367983969e-01,3.016320162183264636e-08
9.999999999952834395e-01,4.716556624696631025e-12,9.999999999952833285e-01,4.716556624696630217e-12
9.999999999944562123e-01,5.543774189651583115e-12,9.999999999944562123e-01,5.543774189651583115e-12
9.999999999908945059e-01,9.105508766929548681e-12,9.999999999908945059e-01,9.105508766929548681e-12
9.999999999899356062e-01,1.006436526575843685e-11,9.999999999899356062e-01,1.006436526575843685e-11
9.999999999899356062e-01,1.006436526575843685e-11,9.999999999899357173e-01,1.006436526575843846e-11
9.999999999936636241e-01,6.336410936356167332e-12,9.999999999936636241e-01,6.336410936356167332e-12
9.999999999899356062e-01,1.006436526575843523e-11,9.999999999899356062e-01,1.006436526575843685e-11
9.999996165722054853e-01,3.834277945106530603e-07,9.999996165722055963e-01,3.834277945106531132e-07
9.999999960903752649e-01,3.909624719518067126e-09,9.999999960903752649e-01,3.909624719518067126e-09
9.999999999954136687e-01,4.586312181184095273e-12,9.999999999954136687e-01,4.586312181184095273e-12
9.999999999809390250e-01,1.906088482989038813e-11,9.999999999809390250e-01,1.906088482989039136e-11
4.701494535545461262e-02,9.529850546445454151e-01,4.701494535545461262e-02,9.529850546445453041e-01
9.978702591860102444e-01,2.129740813989732581e-03,9.978702591860102444e-01,2.129740813989732581e-03
7.552308208630152518e-14,9.999999999999245048e-01,7.552308208630152518e-14,9.999999999999245048e-01
6.877579828410528122e-27,1.000000000000000000e+00,6.877579828410528122e-27,1.000000000000000000e+00
7.552308208657627597e-14,9.999999999999245048e-01,7.552308208657628859e-14,9.999999999999245048e-01
4.237959541156439448e-04,9.995762040458843201e-01,4.237959541156439448e-04,9.995762040458843201e-01
9.999999999899356062e-01,1.006436526575843685e-11,9.999999999899357173e-01,1.006436526575843685e-11
9.999999999899356062e-01,1.006436526575843685e-11,9.999999999899357173e-01,1.006436526575843846e-11
9.452084402535285701e-01,5.479155974647141603e-02,9.452084402535286811e-01,5.479155974647141603e-02
9.438928158291430285e-16,9.999999999999991118e-01,9.438928158291430285e-16,9.999999999999991118e-01
2.660874161053555654e-54,1.000000000000000000e+00,2.660874161053555654e-54,1.000000000000000000e+00
1.909432868935981671e-06,9.999980905671311815e-01,1.909432868935981671e-06,9.999980905671310705e-01
9.525930785774950248e-64,1.000000000000000000e+00,9.525930785774948898e-64,1.000000000000000000e+00
6.877579828410528122e-27,1.000000000000000000e+00,6.877579828410528122e-27,1.000000000000000000e+00
9.999999998902970866e-01,1.097029182977391743e-10,9.999999998902970866e-01,1.097029182977391743e-10
1.807898221812568574e-35,1.000000000000000000e+00,1.807898221812568574e-35,1.000000000000000000e+00
6.508554717936497431e-69,1.000000000000000000e+00,6.508554717936498460e-69,1.000000000000000000e+00
9.999999923441931227e-01,7.655806880215143900e-09,9.999999923441931227e-01,7.655806880215145554e-09
9.999989299898902617e-01,1.070010109746612806e-06,9.999989299898903727e-01,1.070010109746613018e-06
9.999999999937111417e-01,6.288878759581672316e-12,9.999999999937110307e-01,6.288878759581671508e-12
9.999999997909720939e-01,2.090278510386367093e-10,9.999999997909722049e-01,2.090278510386367351e-10
1.909432868935981247e-06,9.999980905671310705e-01,1.909432868935981247e-06,9.999980905671310705e-01
2.165113646092310551e-74,1.000000000000000000e+00,2.165113646092310944e-74,1.000000000000000000e+00
3.397932514647023074e-80,1.000000000000000000e+00,3.397932514647023074e-80,1.000000000000000000e+00
7.348060591979191301e-144,1.000000000000000000e+00,7.348060591979191301e-144,1.000000000000000000e+00
1.000000000000000000e+00,7.348060591952458071e-134,6.506973173995366768e-230,1.000000000000000000e+00
6.506973174019037817e-220,1.000000000000000000e+00,6.970584469765634494e-305,1.000000000000000000e+00
1.000000000000000000e+00,6.506973174019037817e-220,1.373808131937806415e-266,1.000000000000000000e+00
1.000000000000000000e+00,1.373808131947802168e-256,6.045497240046952841e-108,1.000000000000000000e+00
4.109082433410490599e-50,1.000000000000000000e+00,4.109082433410490599e-50,1.000000000000000000e+00
1.402967585505649424e-124,1.000000000000000000e+00,1.402967585505649424e-124,1.000000000000000000e+00
1.000000000000000000e+00,1.402967585505649368e-114,7.272014977338695760e-172,1.000000000000000000e+00
1.000000000000000000e+00,7.272014977259329096e-162,2.350216348692233318e-154,1.000000000000000000e+00
1.000000000000000000e+00,2.350216348709333411e-144,3.307133096708628043e-177,1.000000000000000000e+00
5.646231525418063817e-22,1.000000000000000000e+00,5.646231525418062876e-22,1.000000000000000000e+00
9.999999999951034724e-01,4.896557034264737282e-12,9.999999999951034724e-01,4.896557034264737282e-12
9.999999999899356062e-01,1.006436526575843523e-11,9.999999999899356062e-01,1.006436526575843523e-11
9.999999999933496531e-01,6.650344746592581766e-12,9.999999999933495420e-01,6.650344746592581766e-12
9.999999999953546048e-01,4.645487461601851874e-12,9.999999999953544938e-01,4.645487461601851066e-12
9.999999995101670480e-01,4.898329619706957767e-10,9.999999995101669370e-01,4.898329619706956733e-10
9.999999999203141865e-01,7.968584051372258825e-11,9.999999999203140755e-01,7.968584051372258825e-11
9.999999999923986360e-01,7.601346801437249224e-12,9.999999999923987470e-01,7.601346801437250839e-12
9.999999999899356062e-01,1.006436526575843685e-11,9.999999999899356062e-01,1.006436526575843685e-11
9.999998453444800539e-01,1.546555199387388826e-07,9.999998453444801649e-01,1.546555199387388826e-07
9.999999987502280474e-01,1.249771974204332617e-09,9.999999987502280474e-01,1.249771974204332617e-09
9.999999999899356062e-01,1.006436526575843523e-11,9.999999999899357173e-01,1.006436526575843685e-11
9.999999999910679227e-01,8.932022517738109090e-12,9.999999999910680337e-01,8.932022517738110705e-12
9.999998453444800539e-01,1.546555199387388826e-07,9.999998453444799429e-01,1.546555199387388826e-07
9.999999999937111417e-01,6.288878759581671508e-12,9.999999999937111417e-01,6.288878759581672316e-12
9.999999999906338255e-01,9.366147880855780401e-12,9.999999999906338255e-01,9.366147880855780401e-12
9.999999999954979346e-01,4.502010443784637151e-12,9.999999999954979346e-01,4.502010443784637151e-12
9.999998453444800539e-01,1.546555199387388826e-07,9.999998453444800539e-01,1.546555199387388826e-07
5.646231525418062876e-22,1.000000000000000000e+00,5.646231525418061936e-22,1.000000000000000000e+00
9.999999923441930116e-01,7.655806880215143900e-09,9.999999923441931227e-01,7.655806880215145554e-09
9.999999999933496531e-01,6.650344746592582573e-12,9.999999999933497641e-01,6.650344746592581766e-12
9.999999698367982859e-01,3.016320162183263974e-08,9.999999698367982859e-01,3.016320162183263974e-08
9.999999999953218532e-01,4.678158430736919449e-12,9.999999999953217422e-01,4.678158430736920256e-12
9.999999999929860550e-01,7.013891618621153332e-12,9.999999999929861660e-01,7.013891618621154947e-12
9.999999698367982859e-01,3.016320162183263974e-08,9.999999698367983969e-01,3.016320162183263974e-08
9.999999999720921018e-01,2.790791985157553674e-11,9.999999999720921018e-01,2.790791985157553674e-11
9.999999999837737574e-01,1.622624383842846049e-11,9.999999999837737574e-01,1.622624383842846049e-11
1.909432868935981247e-06,9.999980905671310705e-01,1.909432868935981671e-06,9.999980905671309594e-01
6.508554717936497431e-69,1.000000000000000000e+00,6.508554717936498460e-69,1.000000000000000000e+00
1.204632648630328443e-17,1.000000000000000000e+00,1.204632648634710935e-17,1.000000000000000000e+00
1.729472159143783970e-86,1.000000000000000000e+00,1.729472159143783970e-86,1.000000000000000000e+00
7.171004187915785977e-01,2.828995812084214578e-01,7.171004187915785977e-01,2.828995812084214578e-01
9.188275692107381166e-266,1.000000000000000000e+00,9.188275692107382544e-266,1.000000000000000000e+00
9.188275692073954698e-256,1.000000000000000000e+00,1.133231708847733697e-217,1.000000000000000000e+00
9.999999845245973740e-01,1.547540265968730546e-08,9.999999845245973740e-01,1.547540265968730546e-08
9.999999999945707874e-01,5.429193516064675296e-12,9.999999999945708984e-01,5.429193516064675296e-12
9.999999999952164931e-01,4.783576318016733665e-12,9.999999999952164931e-01,4.783576318016733665e-12
3.012746580472622415e-284,1.000000000000000000e+00,3.012746580472622415e-284,1.000000000000000000e+00
1.000000000000000000e+00,3.012746580450701922e-274,9.999999998999999750e-11,9.999999998999999917e-01
5.000000000000000000e-01,5.000000000000000000e-01,8.973555697773651720e-131,1.000000000000000000e+00
1.000000000000000000e+00,4.352201554888135975e-172,1.349768264911646415e-211,1.000000000000000000e+00
2.290417169950913185e-149,1.000000000000000000e+00,9.454283421605213505e-249,1.000000000000000000e+00
1.000000000000000000e+00,9.454283421433239837e-239,2.877593982302423534e-74,1.000000000000000000e+00
2.660874161053555654e-54,1.000000000000000000e+00,2.660874161053555654e-54,1.000000000000000000e+00
1.373831114277562123e-266,1.000000000000000000e+00,1.373808131937806415e-266,1.000000000000000000e+00
1.000000000000000000e+00,1.373808131947802168e-256,1.729472159143783970e-86,1.000000000000000000e+00
3.118280795930570244e-12,9.999999999968816056e-01,3.118280795930569840e-12,9.999999999968817166e-01
6.985747345544264371e-283,1.000000000000000000e+00,6.985747345544264371e-283,1.000000000000000000e+00
1.000000000000000000e+00,6.985747345671333595e-273,1.719949786833555971e-263,1.000000000000000000e+00
1.000000000000000000e+00,1.719949786839813014e-253,4.686215004626673801e-191,1.000000000000000000e+00
4.686215004575528824e-181,1.000000000000000000e+00,5.502033506959111304e-285,1.000000000000000000e+00
1.909432868935981671e-06,9.999980905671310705e-01,1.909432868935981671e-06,9.999980905671310705e-01
9.999999992258554737e-01,7.741444925212095122e-10,9.999999992258555848e-01,7.741444925212096156e-10
3.118280795930569840e-12,9.999999999968817166e-01,3.118280795930569840e-12,9.999999999968817166e-01
9.452084402535285701e-01,5.479155974647141603e-02,9.452084402535285701e-01,5.479155974647140909e-02
1.331061532865472957e-10,9.999999998668939183e-01,1.331061532865472698e-10,9.999999998668938073e-01
9.999999992258555848e-01,7.741444925212096156e-10,9.999999992258554737e-01,7.741444925212096156e-10
9.999999987502280474e-01,1.249771974204332617e-09,9.999999987502280474e-01,1.249771974204332617e-09
9.998888664506997426e-01,1.111335493002679856e-04,9.998888664506997426e-01,1.111335493002679720e-04
9.999999999650964755e-01,3.490349648769413991e-11,9.999999999650964755e-01,3.490349648769414637e-11
7.552308208657630121e-14,9.999999999999245048e-01,7.552308208657630121e-14,9.999999999999245048e-01
9.999912770566483644e-01,8.722943351635888996e-06,9.999912770566483644e-01,8.722943351635888996e-06
9.999999999411371965e-01,5.886277232090517258e-11,9.999999999411373075e-01,5.886277232090517258e-11
9.999999845245973740e-01,1.547540265968730215e-08,9.999999845245973740e-01,1.547540265968730215e-08
5.075134280216156077e-03,9.949248657197837797e-01,5.075134280216156077e-03,9.949248657197837797e-01
2.900305680540357147e-42,1.000000000000000000e+00,2.900305680540357784e-42,1.000000000000000000e+00
4.109082433410491074e-50,1.000000000000000000e+00,4.109082433410490599e-50,1.000000000000000000e+00
9.438928158291430285e-16,9.999999999999991118e-01,9.438928158291430285e-16,9.999999999999991118e-01
1.024093259721671380e-07,9.999998975906740917e-01,1.024093259721671115e-07,9.999998975906739807e-01
5.075134280216156077e-03,9.949248657197837797e-01,5.075134280216156077e-03,9.949248657197838908e-01
1.204632648634710935e-17,1.000000000000000000e+00,1.204632648634710935e-17,1.000000000000000000e+00
4.109082433410490599e-50,1.000000000000000000e+00,4.109082433410490599e-50,1.000000000000000000e+00
7.171004187915784867e-01,2.828995812084214578e-01,7.171004187915785977e-01,2.828995812084214578e-01
9.012425899322690580e-20,1.000000000000000000e+00,9.012425899289904031e-20,1.000000000000000000e+00
5.646231525418062876e-22,1.000000000000000000e+00,5.646231525418062876e-22,1.000000000000000000e+00
1.280513414457660445e-29,1.000000000000000000e+00,1.280513414457660165e-29,1.000000000000000000e+00
3.869696153150461064e-116,1.000000000000000000e+00,3.869696153150460501e-116,1.000000000000000000e+00
1.911837754375327127e-32,1.000000000000000000e+00,1.911837754375327127e-32,1.000000000000000000e+00
6.877579828410528122e-27,1.000000000000000000e+00,6.877579828410528122e-27,1.000000000000000000e+00
9.525930785774950248e-64,1.000000000000000000e+00,9.525930785774950248e-64,1.000000000000000000e+00
1.331061532865472698e-10,9.999999998668939183e-01,1.331061532865472698e-10,9.999999998668938073e-01
2.418487454737550059e-100,1.000000000000000000e+00,2.418487454737550059e-100,1.000000000000000000e+00
4.600492363018045496e-46,1.000000000000000000e+00,4.600492363018045496e-46,1.000000000000000000e+00
8.282882430931687010e-39,1.000000000000000000e+00,8.282882430931687010e-39,1.000000000000000000e+00
7.552308208630155042e-14,9.999999999999245048e-01,7.552308208630153780e-14,9.999999999999245048e-01
2.900305680540357784e-42,1.000000000000000000e+00,2.900305680540357784e-42,1.000000000000000000e+00
2.411949648332231817e-24,1.000000000000000000e+00,2.411949648332231817e-24,1.000000000000000000e+00
1.280513414457660165e-29,1.000000000000000000e+00,1.280513414457660165e-29,1.000000000000000000e+00
9.999912770566483644e-01,8.722943351635888996e-06,9.999912770566483644e-01,8.722943351635888996e-06
6.877579828410528122e-27,1.000000000000000000e+00,6.877579828410526687e-27,1.000000000000000000e+00
1.807898221812568306e-35,1.000000000000000000e+00,1.807898221812568574e-35,1.000000000000000000e+00
9.999999698367983969e-01,3.016320162183264636e-08,9.999999698367982859e-01,3.016320162183263974e-08
6.508554717936498460e-69,1.000000000000000000e+00,6.508554717936498460e-69,1.000000000000000000e+00
9.999999978183631288e-01,2.181636924965271833e-09,9.999999978183631288e-01,2.181636924965272247e-09
2.800694639580131318e-01,7.199305360419868682e-01,2.800694639580130763e-01,7.199305360419868682e-01
7.552308208630153780e-14,9.999999999999245048e-01,7.552308208630153780e-14,9.999999999999243938e-01
7.552308208657628859e-14,9.999999999999245048e-01,7.552308208657628859e-14,9.999999999999245048e-01
3.205186936463275474e-05,9.999679481306353868e-01,3.205186936463276151e-05,9.999679481306353868e-01
9.438928158291430285e-16,9.999999999999991118e-01,9.438928158291428313e-16,9.999999999999990008e-01
2.900305680540357784e-42,1.000000000000000000e+00,2.900305680540357784e-42,1.000000000000000000e+00
9.999999999720919908e-01,2.790791985157553028e-11,9.999999999720921018e-01,2.790791985157553351e-11
9.999696545150300597e-01,3.034548496989705727e-05,9.999696545150300597e-01,3.034548496989705727e-05
4.109082433410490124e-50,1.000000000000000000e+00,4.109082433410491074e-50,1.000000000000000000e+00
9.438928158291430285e-16,9.999999999999991118e-01,9.438928158291430285e-16,9.999999999999991118e-01
9.352388814067828455e-59,1.000000000000000000e+00,9.352388814067828455e-59,1.000000000000000000e+00
4.238036665394018706e-09,9.999999957619634117e-01,4.238036665394018706e-09,9.999999957619633006e-01
9.995273477505126625e-01,4.726522494873304807e-04,9.995273477505126625e-01,4.726522494873304264e-04
9.999696545150300597e-01,3.034548496989705727e-05,9.999696545150301707e-01,3.034548496989706066e-05
1.911837754375326853e-32,1.000000000000000000e+00,1.911837754375327127e-32,1.000000000000000000e+00
3.205186936463276151e-05,9.999679481306353868e-01,3.205186936463276151e-05,9.999679481306353868e-01
9.999999845245973740e-01,1.547540265968730546e-08,9.999999845245972629e-01,1.547540265968730215e-08
9.999999698367983969e-01,3.016320162183263974e-08,9.999999698367983969e-01,3.016320162183263312e-08
9.995273477505126625e-01,4.726522494873303180e-04,9.995273477505127735e-01,4.726522494873304264e-04
1.909432868935981671e-06,9.999980905671310705e-01,1.909432868935981247e-06,9.999980905671310705e-01
7.171004187915784867e-01,2.828995812084214578e-01,7.171004187915784867e-01,2.828995812084215133e-01
4.237959541156439448e-04,9.995762040458843201e-01,4.237959541156439990e-04,9.995762040458843201e-01
9.012425899322689377e-20,1.000000000000000000e+00,9.012425899289904031e-20,1.000000000000000000e+00
7.171004187915785977e-01,2.828995812084214578e-01,7.171004187915785977e-01,2.828995812084214578e-01
4.701494535545461262e-02,9.529850546445453041e-01,4.701494535545461262e-02,9.529850546445454151e-01
1.280513414457660165e-29,1.000000000000000000e+00,1.280513414457660165e-29,1.000000000000000000e+00
9.438928158291430285e-16,9.999999999999991118e-01,9.438928158291430285e-16,9.999999999999991118e-01
7.171004187915784867e-01,2.828995812084214578e-01,7.171004187915785977e-01,2.828995812084214578e-01
1.280513414457660165e-29,1.000000000000000000e+00,1.280513414457660445e-29,1.000000000000000000e+00
1.280513414457660165e-29,1.000000000000000000e+00,1.280513414457660165e-29,1.000000000000000000e+00
4.701494535545461262e-02,9.529850546445454151e-01,4.701494535545461262e-02,9.529850546445454151e-01
4.238036665394018706e-09,9.999999957619634117e-01,4.238036665394017879e-09,9.999999957619633006e-01
5.075134280216156944e-03,9.949248657197838908e-01,5.075134280216156077e-03,9.949248657197838908e-01
1.909432868935981671e-06,9.999980905671310705e-01,1.909432868935981671e-06,9.999980905671310705e-01
8.282882430931687010e-39,1.000000000000000000e+00,8.282882430931687010e-39,1.000000000000000000e+00
9.999998453444800539e-01,1.546555199387388826e-07,9.999998453444800539e-01,1.546555199387388826e-07
1.024093259721671115e-07,9.999998975906739807e-01,1.024093259721671380e-07,9.999998975906739807e-01
3.397932514647023074e-80,1.000000000000000000e+00,3.397932514647023074e-80,1.000000000000000000e+00
8.800956425726315610e-125,1.000000000000000000e+00,8.800956425726314560e-125,1.000000000000000000e+00
9.525930785774951597e-64,1.000000000000000000e+00,9.525930785774950248e-64,1.000000000000000000e+00
2.660874161043875206e-54,1.000000000000000000e+00,2.660874161043875206e-54,1.000000000000000000e+00
2.418487454737550059e-100,1.000000000000000000e+00,2.418487454737550059e-100,1.000000000000000000e+00
3.802272892172646540e-93,1.000000000000000000e+00,3.802272892172646540e-93,1.000000000000000000e+00
6.045497240046953598e-108,1.000000000000000000e+00,6.045497240046952841e-108,1.000000000000000000e+00
1.729472159143783970e-86,1.000000000000000000e+00,1.729472159143783970e-86,1.000000000000000000e+00
4.600492363018046273e-46,1.000000000000000000e+00,4.600492363018045496e-46,1.000000000000000000e+00
6.877579828410528122e-27,1.000000000000000000e+00,6.877579828410528122e-27,1.000000000000000000e+00
7.552308208630152518e-14,9.999999999999245048e-01,7.552308208630153780e-14,9.999999999999245048e-01
9.999971298270134978e-01,2.870172986531675074e-06,9.999971298270133868e-01,2.870172986531674650e-06
2.647869429086880363e-203,1.000000000000000000e+00,2.647869429086880363e-203,1.000000000000000000e+00
1.024093259721671115e-07,9.999998975906739807e-01,1.024093259721671115e-07,9.999998975906739807e-01
8.800956425726315610e-125,1.000000000000000000e+00,8.800956425726314560e-125,1.000000000000000000e+00
1.331061532865472957e-10,9.999999998668939183e-01,1.331061532865472698e-10,9.999999998668938073e-01
1.331061532865472698e-10,9.999999998668938073e-01,1.331061532865472698e-10,9.999999998668938073e-01
9.525930785774950248e-64,1.000000000000000000e+00,9.525930785774950248e-64,1.000000000000000000e+00
1.000000000000000000e+00,9.525930785844260884e-54,1.472143459829933655e-267,1.000000000000000000e+00
1.000000000000000000e+00,1.472143459824578079e-257,9.999999998999999750e-11,9.999999998999999917e-01
5.000000000000000000e-01,5.000000000000000000e-01,6.045497240046952841e-108,1.000000000000000000e+00
9.352388814033804217e-59,1.000000000000000000e+00,9.352388814067828455e-59,1.000000000000000000e+00
9.352388814067828455e-59,1.000000000000000000e+00,9.352388814067828455e-59,1.000000000000000000e+00
3.397932514647023074e-80,1.000000000000000000e+00,3.397932514647023074e-80,1.000000000000000000e+00
3.802272892172646540e-93,1.000000000000000000e+00,3.802272892172646540e-93,1.000000000000000000e+00
7.348060591979190163e-144,1.000000000000000000e+00,7.348060591979191301e-144,1.000000000000000000e+00
2.418487454737550059e-100,1.000000000000000000e+00,2.418487454737550059e-100,1.000000000000000000e+00
9.999996712817517119e-01,3.287182483933693985e-07,9.999996712817517119e-01,3.287182483933694515e-07
9.999996712817516009e-01,3.287182483933693456e-07,9.999996712817516009e-01,3.287182483933693985e-07
9.999996712817516009e-01,3.287182483933693456e-07,9.999996712817516009e-01,3.287182483933693985e-07
9.999996712817516009e-01,3.287182483933693456e-07,9.999996712817516009e-01,3.287182483933693985e-07
9.999996712817516009e-01,3.287182483933693456e-07,9.999996712817516009e-01,3.287182483933693985e-07
9.999996712817516009e-01,3.287182483933693456e-07,9.999996712817516009e-01,3.287182483933693985e-07
9.999996712817516009e-01,3.287182483933693456e-07,9.999996712817516009e-01,3.287182483933693985e-07
9.999996712817516009e-01,3.287182483933693456e-07,9.999996712817516009e-01,3.287182483933693985e-07
9.999996712817516009e-01,3.287182483933693456e-07,9.999996712817516009e-01,3.287182483933693985e-07
9.999996712817516009e-01,3.287182483933693456e-07,9.999996712817516009e-01,3.287182483933693985e-07
9.999996712817516009e-01,3.287182483933693456e-07,9.999996712817516009e-01,3.287182483933693985e-07
9.999996712817516009e-01,3.287182483933693456e-07,9.999996712817516009e-01,3.287182483933693985e-07
9.999996712817516009e-01,3.287182483933693456e-07,9.999996712817516009e-01,3.287182483933693985e-07
9.999996712817516009e-01,3.287182483933693456e-07,9.999996712817516009e-01,3.287182483933693985e-07
9.999996712817516009e-01,3.287182483933693456e-07,9.999996712817516009e-01,3.287182483933693985e-07
8.800956425726314560e-125,1.000000000000000000e+00,8.800956425726315610e-125,1.000000000000000000e+00
9.999999999203141865e-01,7.968584051372260117e-11,9.999999999203141865e-01,7.968584051372258825e-11
9.999999999923419036e-01,7.658139894165722135e-12,9.999999999923419036e-01,7.658139894165720519e-12
9.525930785774948898e-64,1.000000000000000000e+00,9.525930785774950248e-64,1.000000000000000000e+00
2.660874161043875206e-54,1.000000000000000000e+00,2.660874161043875206e-54,1.000000000000000000e+00
9.999999998528751322e-01,1.471248556211300734e-10,9.999999998528752432e-01,1.471248556211300734e-10
4.237959541156439990e-04,9.995762040458843201e-01,4.237959541156439990e-04,9.995762040458844311e-01
9.999999997909720939e-01,2.090278510386367351e-10,9.999999997909720939e-01,2.090278510386367351e-10
1.911837754375326853e-32,1.000000000000000000e+00,1.911837754375327127e-32,1.000000000000000000e+00
9.999996165722054853e-01,3.834277945106530073e-07,9.999996165722054853e-01,3.834277945106530603e-07
9.999999999203141865e-01,7.968584051372260117e-11,9.999999999203141865e-01,7.968584051372258825e-11
9.999999996834015858e-01,3.165983998451923515e-10,9.999999996834015858e-01,3.165983998451924032e-10
9.999999998902970866e-01,1.097029182977391743e-10,9.999999998902970866e-01,1.097029182977391614e-10
9.999999999954550800e-01,4.544940010481067226e-12,9.999999999954550800e-01,4.544940010481066418e-12
9.999999999952835505e-01,4.716556624696631025e-12,9.999999999952834395e-01,4.716556624696631025e-12
9.999999998902970866e-01,1.097029182977391743e-10,9.999999998902970866e-01,1.097029182977391614e-10
9.999999999952834395e-01,4.716556624696631025e-12,9.999999999952834395e-01,4.716556624696631025e-12
9.999999999950521801e-01,4.947834189805316345e-12,9.999999999950522911e-01,4.947834189805316345e-12
9.999999999905299086e-01,9.470110775080668656e-12,9.999999999905297976e-01,9.470110775080668656e-12
9.999999999952163821e-01,4.783576317999331368e-12,9.999999999952163821e-01,4.783576317999331368e-12
9.999999999954136687e-01,4.586312181184095273e-12,9.999999999954136687e-01,4.586312181184095273e-12
3.205186936463276151e-05,9.999679481306353868e-01,3.205186936463275474e-05,9.999679481306353868e-01
9.999999999542144025e-01,4.578553539534772194e-11,9.999999999542145135e-01,4.578553539534772841e-11
9.452084402535285701e-01,5.479155974647141603e-02,9.452084402535286811e-01,5.479155974647141603e-02
9.999999999938302686e-01,6.169712484172560764e-12,9.999999999938302686e-01,6.169712484172560764e-12
9.999999999954056751e-01,4.594320500575992399e-12,9.999999999954056751e-01,4.594320500575992399e-12
9.999999999916409088e-01,8.359062569345343249e-12,9.999999999916409088e-01,8.359062569345343249e-12
9.999999999952834395e-01,4.716556624696630217e-12,9.999999999952833285e-01,4.716556624696630217e-12
9.999999999944296780e-01,5.570273398741650076e-12,9.999999999944296780e-01,5.570273398741650884e-12
7.171004187915785977e-01,2.828995812084214578e-01,7.171004187915785977e-01,2.828995812084214578e-01
9.999999999949932272e-01,5.006829722119050515e-12,9.999999999949932272e-01,5.006829722119051323e-12
9.999999999928261829e-01,7.173779663611029538e-12,9.999999999928262939e-01,7.173779663611029538e-12
1.024093259721671115e-07,9.999998975906739807e-01,1.024093259721671248e-07,9.999998975906739807e-01
9.995273477505126625e-01,4.726522494873303722e-04,9.995273477505127735e-01,4.726522494873303722e-04
9.999999999937111417e-01,6.288878759581671508e-12,9.999999999937111417e-01,6.288878759581672316e-12
7.552308208630153780e-14,9.999999999999245048e-01,7.552308208630153780e-14,9.999999999999245048e-01
1.280513414457660165e-29,1.000000000000000000e+00,1.280513414457660165e-29,1.000000000000000000e+00
1.000000000000000000e+00,1.280513414466977169e-19,9.999999998999999750e-11,9.999999998999999917e-01
5.000000000000000000e-01,5.000000000000000000e-01,1.984704417061261598e-143,1.000000000000000000e+00
1.000000000000000000e+00,1.984704417068481895e-133,7.348060591979191301e-144,1.000000000000000000e+00
4.500959010734504431e-134,1.000000000000000000e+00,4.500959010734504431e-134,1.000000000000000000e+00
4.500959010734504431e-134,1.000000000000000000e+00,4.500959010734504431e-134,1.000000000000000000e+00
1.729472159143783970e-86,1.000000000000000000e+00,1.729472159143783970e-86,1.000000000000000000e+00
1.133231708847733697e-217,1.000000000000000000e+00,1.133231708847733697e-217,1.000000000000000000e+00
3.802272892172651224e-93,1.000000000000000000e+00,3.802272892172646540e-93,1.000000000000000000e+00
6.877579828410528122e-27,1.000000000000000000e+00,6.877579828410528122e-27,1.000000000000000000e+00
1.807898221812568306e-35,1.000000000000000000e+00,1.807898221812568574e-35,1.000000000000000000e+00
6.877579828410526687e-27,1.000000000000000000e+00,6.877579828410528122e-27,1.000000000000000000e+00
9.352388814067828455e-59,1.000000000000000000e+00,9.352388814067828455e-59,1.000000000000000000e+00
1.909432868935981671e-06,9.999980905671310705e-01,1.909432868935981671e-06,9.999980905671310705e-01
3.118280795930569840e-12,9.999999999968817166e-01,3.118280795930569840e-12,9.999999999968817166e-01
9.999999352164863353e-01,6.478351360437162646e-08,9.999999352164864463e-01,6.478351360437162646e-08
4.109082433410490599e-50,1.000000000000000000e+00,4.109082433410491074e-50,1.000000000000000000e+00
3.869696153150460501e-116,1.000000000000000000e+00,3.869696153150460501e-116,1.000000000000000000e+00
9.999999960903752649e-01,3.909624719518067953e-09,9.999999960903752649e-01,3.909624719518067126e-09
9.999999999944296780e-01,5.570273398741650076e-12,9.999999999944296780e-01,5.570273398741650076e-12
9.999999999894058078e-01,1.059421469908546847e-11,9.999999999894058078e-01,1.059421469908546847e-11
9.999999999916409088e-01,8.359062569345343249e-12,9.999999999916409088e-01,8.359062569345341633e-12
9.452084402535285701e-01,5.479155974647141603e-02,9.452084402535285701e-01,5.479155974647141603e-02
9.999999845245973740e-01,1.547540265968730215e-08,9.999999845245973740e-01,1.547540265968730215e-08
9.999996165722054853e-01,3.834277945106530073e-07,9.999996165722054853e-01,3.834277945106531132e-07
9.999999999879028989e-01,1.209708840221311526e-11,9.999999999879028989e-01,1.209708840221311526e-11
9.995273477505126625e-01,4.726522494873303722e-04,9.995273477505126625e-01,4.726522494873303722e-04
9.999912770566483644e-01,8.722943351635890690e-06,9.999912770566483644e-01,8.722943351635888996e-06
9.999999999720921018e-01,2.790791985157553351e-11,9.999999999720921018e-01,2.790791985157553674e-11
2.800694639580131318e-01,7.199305360419868682e-01,2.800694639580131318e-01,7.199305360419869793e-01
9.999999978183630178e-01,2.181636924965271833e-09,9.999999978183630178e-01,2.181636924965271833e-09
9.887602347578714479e-01,1.123976524212856251e-02,9.887602347578714479e-01,1.123976524212856251e-02
9.999999992258555848e-01,7.741444925212096156e-10,9.999999992258554737e-01,7.741444925212095122e-10
9.999999352164864463e-01,6.478351360437162646e-08,9.999999352164863353e-01,6.478351360437163970e-08
9.999912770566483644e-01,8.722943351635888996e-06,9.999912770566484754e-01,8.722943351635888996e-06
9.999999995101670480e-01,4.898329619706957767e-10,9.999999995101670480e-01,4.898329619706956733e-10
9.999999845245973740e-01,1.547540265968730215e-08,9.999999845245972629e-01,1.547540265968730546e-08
9.999999352164864463e-01,6.478351360437163970e-08,9.999999352164863353e-01,6.478351360437163970e-08
9.995273477505126625e-01,4.726522494873304264e-04,9.995273477505126625e-01,4.726522494873304264e-04
9.999971298270134978e-01,2.870172986531675074e-06,9.999971298270134978e-01,2.870172986531674650e-06
9.999912770566483644e-01,8.722943351635888996e-06,9.999912770566482534e-01,8.722943351635888996e-06
5.075134280216156944e-03,9.949248657197838908e-01,5.075134280216156077e-03,9.949248657197837797e-01
4.237959541156439990e-04,9.995762040458844311e-01,4.237959541156439990e-04,9.995762040458844311e-01
2.411949648332231817e-24,1.000000000000000000e+00,2.411949648332231817e-24,1.000000000000000000e+00
8.282882430931685705e-39,1.000000000000000000e+00,8.282882430931687010e-39,1.000000000000000000e+00
7.552308208630155042e-14,9.999999999999245048e-01,7.552308208630153780e-14,9.999999999999245048e-01
9.999999995101671590e-01,4.898329619706956733e-10,9.999999995101670480e-01,4.898329619706957767e-10
9.999999999542145135e-01,4.578553539534772841e-11,9.999999999542145135e-01,4.578553539534772194e-11
9.999999999937111417e-01,6.288878759581672316e-12,9.999999999937110307e-01,6.288878759581670701e-12
9.999912770566483644e-01,8.722943351635888996e-06,9.999912770566484754e-01,8.722943351635888996e-06
9.999696545150301707e-01,3.034548496989706066e-05,9.999696545150300597e-01,3.034548496989705388e-05
9.999999998902970866e-01,1.097029182977391614e-10,9.999999998902970866e-01,1.097029182977391743e-10
5.646231525418062876e-22,1.000000000000000000e+00,5.646231525418062876e-22,1.000000000000000000e+00
9.978702591860103555e-01,2.129740813989732581e-03,9.978702591860102444e-01,2.129740813989732581e-03
9.999999978183631288e-01,2.181636924965272247e-09,9.999999978183631288e-01,2.181636924965272247e-09
9.887602347578714479e-01,1.123976524212856251e-02,9.887602347578714479e-01,1.123976524212856251e-02
4.109082433410490599e-50,1.000000000000000000e+00,4.109082433410490599e-50,1.000000000000000000e+00
9.999999987502279364e-01,1.249771974204332411e-09,9.999999987502280474e-01,1.249771974204332617e-09
9.999999999944296780e-01,5.570273398741650076e-12,9.999999999944297890e-01,5.570273398741650884e-12
9.999999999950521801e-01,4.947834189805316345e-12,9.999999999950520690e-01,4.947834189805316345e-12
9.998888664506996315e-01,1.111335493002679720e-04,9.998888664506997426e-01,1.111335493002679585e-04
5.075134280216156077e-03,9.949248657197837797e-01,5.075134280216156077e-03,9.949248657197838908e-01
9.999999960903752649e-01,3.909624719518067953e-09,9.999999960903752649e-01,3.909624719518067126e-09
9.999912770566483644e-01,8.722943351635890690e-06,9.999912770566483644e-01,8.722943351635887302e-06
9.887602347578714479e-01,1.123976524212856425e-02,9.887602347578713369e-01,1.123976524212856251e-02
9.978702591860102444e-01,2.129740813989732581e-03,9.978702591860102444e-01,2.129740813989732581e-03
9.887602347578714479e-01,1.123976524212856425e-02,9.887602347578714479e-01,1.123976524212856251e-02
9.995273477505127735e-01,4.726522494873304264e-04,9.995273477505126625e-01,4.726522494873304264e-04
8.282882430931687010e-39,1.000000000000000000e+00,8.282882430931687010e-39,1.000000000000000000e+00
1.280513414457660445e-29,1.000000000000000000e+00,1.280513414457660165e-29,1.000000000000000000e+00
9.999999352164865574e-01,6.478351360437163970e-08,9.999999352164864463e-01,6.478351360437162646e-08
9.999999999411371965e-01,5.886277232090517258e-11,9.999999999411371965e-01,5.886277232090515965e-11
9.999999999952163821e-01,4.783576317999331368e-12,9.999999999952163821e-01,4.783576317999331368e-12
9.999999999879030099e-01,1.209708840221311687e-11,9.999999999879030099e-01,1.209708840221311526e-11
9.887602347578714479e-01,1.123976524212856425e-02,9.887602347578714479e-01,1.123976524212856598e-02
9.999999999894056968e-01,1.059421469908546685e-11,9.999999999894058078e-01,1.059421469908546847e-11
9.999999923441931227e-01,7.655806880215143900e-09,9.999999923441932337e-01,7.655806880215145554e-09
9.999999999937111417e-01,6.288878759581672316e-12,9.999999999937110307e-01,6.288878759581671508e-12
9.999999999894058078e-01,1.059421469908546847e-11,9.999999999894056968e-01,1.059421469908546685e-11
9.999999999955432317e-01,4.456731138809823924e-12,9.999999999955432317e-01,4.456731138809823924e-12
9.999999999954136687e-01,4.586312181184095273e-12,9.999999999954137797e-01,4.586312181184095273e-12
9.999999999860557098e-01,1.394431753183075035e-11,9.999999999860557098e-01,1.394431753183075197e-11
9.999999999837737574e-01,1.622624383842845725e-11,9.999999999837737574e-01,1.622624383842845725e-11
9.999999999837737574e-01,1.622624383842845725e-11,9.999999999837736464e-01,1.622624383842845725e-11
9.999999999542145135e-01,4.578553539534773487e-11,9.999999999542144025e-01,4.578553539534772841e-11
7.171004199893968867e-01,2.828995800106031133e-01,7.171004199893968867e-01,2.828995800106031688e-01
5.429647120872566010e-132,1.000000000000000000e+00,3.898731148162195429e-131,1.000000000000000000e+00
5.985343814698475718e-15,9.999999999999940048e-01,3.802272892172646540e-93,1.000000000000000000e+00
9.438928158291430285e-16,9.999999999999991118e-01,9.438928158291430285e-16,9.999999999999991118e-01
6.508554717936498460e-69,1.000000000000000000e+00,6.508554717936498460e-69,1.000000000000000000e+00
7.171004187915785977e-01,2.828995812084215133e-01,7.171004187915785977e-01,2.828995812084214578e-01
9.887602347578713369e-01,1.123976524212856425e-02,9.887602347578713369e-01,1.123976524212856251e-02
3.205186936463275474e-05,9.999679481306353868e-01,3.205186936463276151e-05,9.999679481306353868e-01
9.999999960903753760e-01,3.909624719518067126e-09,9.999999960903752649e-01,3.909624719518067953e-09
9.999971298270134978e-01,2.870172986531674650e-06,9.999971298270134978e-01,2.870172986531674650e-06
3.205186936463276151e-05,9.999679481306353868e-01,3.205186936463275474e-05,9.999679481306353868e-01
1.314991687703872845e-14,9.999999999999868994e-01,1.314991687703872845e-14,9.999999999999868994e-01
1.513239968396784138e-52,1.000000000000000000e+00,3.190311046514275645e-63,1.000000000000000000e+00
1.801541210364329218e-46,1.000000000000000000e+00,9.999999998999999750e-11,9.999999998999999917e-01
1.000000000000000000e+00,5.751061707310719943e-99,5.592733038463731221e-233,1.000000000000000000e+00
9.452084402535285701e-01,5.479155974647140909e-02,9.452084402535285701e-01,5.479155974647140909e-02
9.525930785774950248e-64,1.000000000000000000e+00,9.525930785774950248e-64,1.000000000000000000e+00
9.352388814067828455e-59,1.000000000000000000e+00,9.352388814067828455e-59,1.000000000000000000e+00
1.911837754375326853e-32,1.000000000000000000e+00,1.911837754375327127e-32,1.000000000000000000e+00
9.999999845245973740e-01,1.547540265968730546e-08,9.999999845245973740e-01,1.547540265968730546e-08
9.995273477505126625e-01,4.726522494873303722e-04,9.995273477505127735e-01,4.726522494873305349e-04
9.999999999955372365e-01,4.462777587618193441e-12,9.999999999955372365e-01,4.462777587618194249e-12
9.999999698367982859e-01,3.016320162183263974e-08,9.999999698367983969e-01,3.016320162183264636e-08
9.999999998528751322e-01,1.471248556211300475e-10,9.999999998528751322e-01,1.471248556211300475e-10
9.999999999947765117e-01,5.223516961192328228e-12,9.999999999947765117e-01,5.223516961192328228e-12
9.999999999899356062e-01,1.006436526575843523e-11,9.999999999899357173e-01,1.006436526575843685e-11
9.999999987502280474e-01,1.249771974204332617e-09,9.999999987502280474e-01,1.249771974204332617e-09
9.999999978359516151e-01,2.164048387107142449e-09,9.999999978359515040e-01,2.164048387107142449e-09
8.837212833758696784e-67,1.000000000000000000e+00,7.182540545524443552e-59,1.000000000000000000e+00
1.669757394723903708e-22,1.000000000000000000e+00,7.348060591979191301e-144,1.000000000000000000e+00
4.500959010734504431e-134,1.000000000000000000e+00,4.500959010734504431e-134,1.000000000000000000e+00
1.000000000000000000e+00,4.500959010767253046e-124,2.272408445988977305e-252,1.000000000000000000e+00
5.962973806203970995e-64,1.000000000000000000e+00,1.127738295063795513e-118,1.000000000000000000e+00
1.000000000000000000e+00,4.136032537201241549e-122,1.568634074572562991e-236,1.000000000000000000e+00
1.000000000000000000e+00,1.127738295047384728e-108,2.509755685943291421e-301,1.000000000000000000e+00
1.000000000000000000e+00,2.509755685998074100e-291,9.999999998999999750e-11,9.999999998999999917e-01
5.000000000000000000e-01,5.000000000000000000e-01,9.999999992258554737e-01,7.741444925212096156e-10
9.012425899322690580e-20,1.000000000000000000e+00,9.012425899322690580e-20,1.000000000000000000e+00
9.999996165722054853e-01,3.834277945106531132e-07,9.999996165722054853e-01,3.834277945106530603e-07
1.000000383328487799e-10,9.999999998999999917e-01,2.607372957865593970e-04,9.997392627042134272e-01
5.000000000000000000e-01,5.000000000000000000e-01,4.940656458412465442e-324,1.000000000000000000e+00
1.000000000000000000e+00,4.940656458412465442e-314,7.944254805923166162e-257,1.000000000000000000e+00
1.000000000000000000e+00,7.944254805923165241e-247,9.454283421605213505e-249,1.000000000000000000e+00
1.000000000000000000e+00,9.454283421570818004e-239,2.964506005828489362e-229,1.000000000000000000e+00
1.000000000000000000e+00,4.179443371256702980e-22,8.424035467224209690e-285,1.000000000000000000e+00
9.999997516400945807e-01,2.483599054472884612e-07,2.190368571326243488e-308,1.000000000000000000e+00
2.561634127081888502e-77,1.000000000000000000e+00,2.877593982302423534e-74,1.000000000000000000e+00
9.012425899322690580e-20,1.000000000000000000e+00,9.012425899322690580e-20,1.000000000000000000e+00
9.999999999928261829e-01,7.173779663611029538e-12,9.999999999928261829e-01,7.173779663611029538e-12
9.999999999954980456e-01,4.502010443784637959e-12,9.999999999954980456e-01,4.502010443784637151e-12
5.075134280216156077e-03,9.949248657197837797e-01,5.075134280216156077e-03,9.949248657197837797e-01
7.171004187915785977e-01,2.828995812084214578e-01,7.171004187915784867e-01,2.828995812084214578e-01
9.999999698367983969e-01,3.016320162183264636e-08,9.999999698367982859e-01,3.016320162183263974e-08
7.171004187915785977e-01,2.828995812084215133e-01,7.171004187915784867e-01,2.828995812084214578e-01
9.999999999916409088e-01,8.359062569345343249e-12,9.999999999916409088e-01,8.359062569345341633e-12
4.237959541156439990e-04,9.995762040458843201e-01,4.237959541156439990e-04,9.995762040458844311e-01
9.438928158291430285e-16,9.999999999999991118e-01,9.438928158291430285e-16,9.999999999999991118e-01
9.999999997909722049e-01,2.090278510386367351e-10,9.999999997909720939e-01,2.090278510386367093e-10
6.877579828410526687e-27,1.000000000000000000e+00,6.877579828410528122e-27,1.000000000000000000e+00
3.112818493525330190e-12,9.999999999968871567e-01,3.112818493525330190e-12,9.999999999968871567e-01
4.531949459646206027e-128,1.000000000000000000e+00,2.582635490042787369e-135,1.000000000000000000e+00
1.200305791656287441e-123,1.000000000000000000e+00,9.999999998999999750e-11,9.999999998999999917e-01
1.000000000000000000e+00,3.100121665178674030e-248,7.891091843195123265e-190,1.000000000000000000e+00
1.000000000000000000e+00,7.891091843195123253e-180,7.891091843195123265e-190,1.000000000000000000e+00
9.978702591860102444e-01,2.129740813989732581e-03,9.978702591860102444e-01,2.129740813989732581e-03
9.999998453444800539e-01,1.546555199387388826e-07,9.999998453444800539e-01,1.546555199387388826e-07
5.075134280216156077e-03,9.949248657197837797e-01,5.075134280216156944e-03,9.949248657197838908e-01
9.999999698367983969e-01,3.016320162183263974e-08,9.999999698367983969e-01,3.016320162183264636e-08
2.800694639580131318e-01,7.199305360419868682e-01,2.800694639580130763e-01,7.199305360419867572e-01
5.075134280216155210e-03,9.949248657197837797e-01,5.075134280216156077e-03,9.949248657197837797e-01
9.999696545150300597e-01,3.034548496989705727e-05,9.999696545150300597e-01,3.034548496989706066e-05
9.999999999542144025e-01,4.578553539534772841e-11,9.999999999542144025e-01,4.578553539534772841e-11
4.701494535545461262e-02,9.529850546445454151e-01,4.701494535545461262e-02,9.529850546445454151e-01
9.452084402535286811e-01,5.479155974647141603e-02,9.452084402535285701e-01,5.479155974647141603e-02
6.877579828410526687e-27,1.000000000000000000e+00,6.877579828410526687e-27,1.000000000000000000e+00
9.999999999650963645e-01,3.490349648769413991e-11,9.999999999650964755e-01,3.490349648769413991e-11
1.024093259721671248e-07,9.999998975906739807e-01,1.024093259721671115e-07,9.999998975906739807e-01
4.238036665394018706e-09,9.999999957619633006e-01,4.238036665394018706e-09,9.999999957619633006e-01
9.999999698367985079e-01,3.016320162183264636e-08,9.999999698367983969e-01,3.016320162183264636e-08
9.999971298270134978e-01,2.870172986531675074e-06,9.999971298270133868e-01,2.870172986531674227e-06
9.999912770566483644e-01,8.722943351635888996e-06,9.999912770566482534e-01,8.722943351635888996e-06
4.237959541156439990e-04,9.995762040458843201e-01,4.237959541156439448e-04,9.995762040458843201e-01
9.999999999949931162e-01,5.006829722119050515e-12,9.999999999949932272e-01,5.006829722119051323e-12
9.999999999411373075e-01,5.886277232090517258e-11,9.999999999411371965e-01,5.886277232090517258e-11
9.999999999650964755e-01,3.490349648769413991e-11,9.999999999650963645e-01,3.490349648769413991e-11
9.999999999941007189e-01,5.899290110926179492e-12,9.999999999941008300e-01,5.899290110926179492e-12
9.999999999908945059e-01,9.105508766929548681e-12,9.999999999908945059e-01,9.105508766929548681e-12
9.999999999899356062e-01,1.006436526575843685e-11,9.999999999899356062e-01,1.006436526575843685e-11
9.999999999951999508e-01,4.800040419931763872e-12,9.999999999951999508e-01,4.800040419931763872e-12
9.999999845245973740e-01,1.547540265968730546e-08,9.999999845245973740e-01,1.547540265968730546e-08
9.999999999946544982e-01,5.345521493496613213e-12,9.999999999946543872e-01,5.345521493496613213e-12
9.999999999953217422e-01,4.678158430736919449e-12,9.999999999953218532e-01,4.678158430736920256e-12
9.999696545150300597e-01,3.034548496989705727e-05,9.999696545150301707e-01,3.034548496989705727e-05
9.999999999944296780e-01,5.570273398741650076e-12,9.999999999944296780e-01,5.570273398741650884e-12
9.999999999946544982e-01,5.345521493496613213e-12,9.999999999946544982e-01,5.345521493496612405e-12
9.999999999913984361e-01,8.601674835982172858e-12,9.999999999913983251e-01,8.601674835982171242e-12
9.999999999899356062e-01,1.006436526575843685e-11,9.999999999899357173e-01,1.006436526575843846e-11
9.999996165722054853e-01,3.834277945106530603e-07,9.999996165722055963e-01,3.834277945106531132e-07
4.109082433410491074e-50,1.000000000000000000e+00,4.109082433410490124e-50,1.000000000000000000e+00
9.887602347578714479e-01,1.123976524212856425e-02,9.887602347578714479e-01,1.123976524212856425e-02
9.999999999950521801e-01,4.947834189805316345e-12,9.999999999950521801e-01,4.947834189805316345e-12
9.999999999952164931e-01,4.783576317999331368e-12,9.999999999952163821e-01,4.783576317999331368e-12
9.999999999955371255e-01,4.462777587618193441e-12,9.999999999955371255e-01,4.462777587618194249e-12
9.999999999773967474e-01,2.260333082498428443e-11,9.999999999773966364e-01,2.260333082498428119e-11
9.999999987502280474e-01,1.249771974204332617e-09,9.999999987502280474e-01,1.249771974204332617e-09
9.999999999944562123e-01,5.543774189651583115e-12,9.999999999944562123e-01,5.543774189651583115e-12
9.999999999947764007e-01,5.223516961192327421e-12,9.999999999947765117e-01,5.223516961192328228e-12
9.999999999899356062e-01,1.006436526575843523e-11,9.999999999899357173e-01,1.006436526575843685e-11
9.999999999946471707e-01,5.352820043696746240e-12,9.999999999946471707e-01,5.352820043696746240e-12
1.709832683500972943e-171,1.000000000000000000e+00,1.745570323622891522e-162,1.000000000000000000e+00
2.039870902739190084e-01,7.960129097260809639e-01,9.452084402535285701e-01,5.479155974647140909e-02
9.999996165722055963e-01,3.834277945106530603e-07,9.999996165722054853e-01,3.834277945106530073e-07
9.999696545150300597e-01,3.034548496989706066e-05,9.999696545150300597e-01,3.034548496989705388e-05
9.998888664506997426e-01,1.111335493002679856e-04,9.998888664506997426e-01,1.111335493002679720e-04
8.282882430931687010e-39,1.000000000000000000e+00,8.282882430931687010e-39,1.000000000000000000e+00
9.999999845245973740e-01,1.547540265968730215e-08,9.999999845245973740e-01,1.547540265968730546e-08
9.999999999952163821e-01,4.783576317999331368e-12,9.999999999952162710e-01,4.783576317999330560e-12
9.999999998902970866e-01,1.097029182977391743e-10,9.999999998902969756e-01,1.097029182977391614e-10
9.999999999933496531e-01,6.650344746592581766e-12,9.999999999933496531e-01,6.650344746592581766e-12
9.999999999933496531e-01,6.650344746592581766e-12,9.999999999933497641e-01,6.650344746592583381e-12
9.999999999946544982e-01,5.345521493496613213e-12,9.999999999946544982e-01,5.345521493496613213e-12
9.999999999860557098e-01,1.394431753183075035e-11,9.999999999860555988e-01,1.394431753183075197e-11
9.999999960903752649e-01,3.909624719518067126e-09,9.999999960903752649e-01,3.909624719518067126e-09
9.887602347578714479e-01,1.123976524212856425e-02,9.887602347578714479e-01,1.123976524212856598e-02
9.999999997909720939e-01,2.090278510386367351e-10,9.999999997909720939e-01,2.090278510386367351e-10
3.205186936463275474e-05,9.999679481306353868e-01,3.205186936463275474e-05,9.999679481306353868e-01
9.999999698367982859e-01,3.016320162183263974e-08,9.999999698367983969e-01,3.016320162183263974e-08
9.438928158291430285e-16,9.999999999999990008e-01,9.438928158291430285e-16,9.999999999999991118e-01
5.646231525418063817e-22,1.000000000000000000e+00,5.646231525418062876e-22,1.000000000000000000e+00
4.238036665394018706e-09,9.999999957619633006e-01,4.238036665394018706e-09,9.999999957619633006e-01
2.900305680540357147e-42,1.000000000000000000e+00,2.900305680540357784e-42,1.000000000000000000e+00
3.209612117751474108e-241,1.000000000000000000e+00,3.209612117751474108e-241,1.000000000000000000e+00
6.292509485658212007e-12,9.999999999937074779e-01,2.480057028998842917e-315,1.000000000000000000e+00
2.019651469592092834e-242,1.000000000000000000e+00,8.800956425726314560e-125,1.000000000000000000e+00
4.500959010734504431e-134,1.000000000000000000e+00,4.500959010734504431e-134,1.000000000000000000e+00
2.900305680540357784e-42,1.000000000000000000e+00,2.900305680540357784e-42,1.000000000000000000e+00
2.165113646092310944e-74,1.000000000000000000e+00,2.165113646092310944e-74,1.000000000000000000e+00
2.350216348692232987e-154,1.000000000000000000e+00,2.350216348692233318e-154,1.000000000000000000e+00
9.352388814033805986e-59,1.000000000000000000e+00,9.352388814067828455e-59,1.000000000000000000e+00
1.911837754375326853e-32,1.000000000000000000e+00,1.911837754375327127e-32,1.000000000000000000e+00
3.397932514647023074e-80,1.000000000000000000e+00,3.397932514647023074e-80,1.000000000000000000e+00
2.350216348692233318e-154,1.000000000000000000e+00,2.350216348692233318e-154,1.000000000000000000e+00
1.807898221812568574e-35,1.000000000000000000e+00,1.807898221812568574e-35,1.000000000000000000e+00
9.999998453444800539e-01,1.546555199387388826e-07,9.999998453444800539e-01,1.546555199387388826e-07
1.024093259721671115e-07,9.999998975906739807e-01,1.024093259721671115e-07,9.999998975906739807e-01
2.900305680540357784e-42,1.000000000000000000e+00,2.900305680540357784e-42,1.000000000000000000e+00
3.802272892172646540e-93,1.000000000000000000e+00,3.802272892172646540e-93,1.000000000000000000e+00
4.701494535529161106e-02,9.529850546447083959e-01,4.701494535545461262e-02,9.529850546445454151e-01
9.999999999411371965e-01,5.886277232090515965e-11,9.999999999411371965e-01,5.886277232090517258e-11
9.999996165722054853e-01,3.834277945106530073e-07,9.999996165722053743e-01,3.834277945106530073e-07
9.995273477505126625e-01,4.726522494873304264e-04,9.995273477505126625e-01,4.726522494873303722e-04
3.205186936463275474e-05,9.999679481306353868e-01,3.205186936463275474e-05,9.999679481306353868e-01
9.999999999203140755e-01,7.968584051372258825e-11,9.999999999203141865e-01,7.968584051372260117e-11
9.999999995101670480e-01,4.898329619706956733e-10,9.999999995101670480e-01,4.898329619706956733e-10
4.701494535545460568e-02,9.529850546445454151e-01,4.701494535545460568e-02,9.529850546445453041e-01
9.999999995101670480e-01,4.898329619706957767e-10,9.999999995101670480e-01,4.898329619706957767e-10
9.999971298270133868e-01,2.870172986531674650e-06,9.999971298270133868e-01,2.870172986531674650e-06
2.868567708338909858e-249,1.000000000000000000e+00,2.868567708338909858e-249,1.000000000000000000e+00
9.452084402535286811e-01,5.479155974647142296e-02,9.452084402535285701e-01,5.479155974647140909e-02
9.999999698367983969e-01,3.016320162183263974e-08,9.999999698367983969e-01,3.016320162183264636e-08
9.999999999937111417e-01,6.288878759581672316e-12,9.999999999937110307e-01,6.288878759581670701e-12
9.999999845245973740e-01,1.547540265968730546e-08,9.999999845245973740e-01,1.547540265968730546e-08
9.978702591860102444e-01,2.129740813989732581e-03,9.978702591860102444e-01,2.129740813989732147e-03
9.999999999837737574e-01,1.622624383842845725e-11,9.999999999837736464e-01,1.622624383842845725e-11
1.417942407778270309e-29,1.000000000000000000e+00,1.417942407778270309e-29,1.000000000000000000e+00
1.701876949716933164e-28,1.000000000000000000e+00,4.273936605896341409e-46,1.000000000000000000e+00
2.134070458407677539e-83,1.000000000000000000e+00,2.134070458404484815e-93,1.000000000000000000e+00
1.360109075516541123e-100,1.000000000000000000e+00,1.066090575426381019e-296,1.000000000000000000e+00
4.854432487311701662e-72,1.000000000000000000e+00,2.142316050014937465e-165,1.000000000000000000e+00
9.999998453444800539e-01,1.546555199387388561e-07,9.999998453444800539e-01,1.546555199387388826e-07
9.999999992258554737e-01,7.741444925212095122e-10,9.999999992258554737e-01,7.741444925212095122e-10
9.995273477505126625e-01,4.726522494873303180e-04,9.995273477505126625e-01,4.726522494873303722e-04
1.911837754375326853e-32,1.000000000000000000e+00,1.911837754375327127e-32,1.000000000000000000e+00
2.660874161043875206e-54,1.000000000000000000e+00,2.660874161043875206e-54,1.000000000000000000e+00
9.999999999953546048e-01,4.645487461601851066e-12,9.999999999953546048e-01,4.645487461601851874e-12
9.438928158291430285e-16,9.999999999999991118e-01,9.438928158291430285e-16,9.999999999999991118e-01
9.999999978183630178e-01,2.181636924965271833e-09,9.999999978183631288e-01,2.181636924965272247e-09
9.999999999906338255e-01,9.366147880855780401e-12,9.999999999906339365e-01,9.366147880855780401e-12
9.999999999916409088e-01,8.359062569345343249e-12,9.999999999916409088e-01,8.359062569345341633e-12
9.999999698367983969e-01,3.016320162183264636e-08,9.999999698367983969e-01,3.016320162183264636e-08
9.887602347578714479e-01,1.123976524212856425e-02,9.887602347578714479e-01,1.123976524212856425e-02
4.701494535545460568e-02,9.529850546445454151e-01,4.701494535545460568e-02,9.529850546445454151e-01
3.205186936463275474e-05,9.999679481306352757e-01,3.205186936463275474e-05,9.999679481306353868e-01
9.525930785774950248e-64,1.000000000000000000e+00,9.525930785774950248e-64,1.000000000000000000e+00
9.525930785774948898e-64,1.000000000000000000e+00,9.525930785774950248e-64,1.000000000000000000e+00
6.053090141345536708e-234,1.000000000000000000e+00,6.053090141345537825e-234,1.000000000000000000e+00
6.053090141433621115e-224,1.000000000000000000e+00,2.647869429096513177e-203,1.000000000000000000e+00
6.045497240046919561e-108,1.000000000000000000e+00,6.045497240046952841e-108,1.000000000000000000e+00
4.701494535529161106e-02,9.529850546447082849e-01,4.701494535545461262e-02,9.529850546445454151e-01
2.800694639580131318e-01,7.199305360419869793e-01,2.800694639580130763e-01,7.199305360419868682e-01
9.438928158291430285e-16,9.999999999999990008e-01,9.438928158291430285e-16,9.999999999999991118e-01
4.701494535545461262e-02,9.529850546445454151e-01,4.701494535545461262e-02,9.529850546445454151e-01
9.999999999928262939e-01,7.173779663611030346e-12,9.999999999928261829e-01,7.173779663611028731e-12
9.999999999952164931e-01,4.783576318016733665e-12,9.999999999952163821e-01,4.783576318016733665e-12
9.999999999952835505e-01,4.716556624696631025e-12,9.999999999952835505e-01,4.716556624696631832e-12
9.999999999928261829e-01,7.173779663611029538e-12,9.999999999928262939e-01,7.173779663611031154e-12
9.999999698367982859e-01,3.016320162183263974e-08,9.999999698367983969e-01,3.016320162183264636e-08
9.999999999946544982e-01,5.345521493496612405e-12,9.999999999946543872e-01,5.345521493496612405e-12
9.999999999926452166e-01,7.354885591305519385e-12,9.999999999926452166e-01,7.354885591332276739e-12
9.999999999933496531e-01,6.650344746592581766e-12,9.999999999933497641e-01,6.650344746592583381e-12
3.118280795930569840e-12,9.999999999968817166e-01,3.118280795930570244e-12,9.999999999968817166e-01
2.418487454737550059e-100,1.000000000000000000e+00,2.418487454737550059e-100,1.000000000000000000e+00
1.280513414457660165e-29,1.000000000000000000e+00,1.280513414457660165e-29,1.000000000000000000e+00
4.109082433410491074e-50,1.000000000000000000e+00,4.109082433410490599e-50,1.000000000000000000e+00
8.282882430931687010e-39,1.000000000000000000e+00,8.282882430931687010e-39,1.000000000000000000e+00
9.438928158291430285e-16,9.999999999999990008e-01,9.438928158291430285e-16,9.999999999999991118e-01
9.998888664506997426e-01,1.111335493002679720e-04,9.998888664506996315e-01,1.111335493002679720e-04
4.701494535545460568e-02,9.529850546445454151e-01,4.701494535545460568e-02,9.529850546445454151e-01
2.900305680540357147e-42,1.000000000000000000e+00,2.900305680540357784e-42,1.000000000000000000e+00
8.282882430931687010e-39,1.000000000000000000e+00,8.282882430931687010e-39,1.000000000000000000e+00
1.280513414457660445e-29,1.000000000000000000e+00,1.280513414457660165e-29,1.000000000000000000e+00
4.109082433410491074e-50,1.000000000000000000e+00,4.109082433410490599e-50,1.000000000000000000e+00
2.900305680540357784e-42,1.000000000000000000e+00,2.900305680540357784e-42,1.000000000000000000e+00
1.331061532865472698e-10,9.999999998668939183e-01,1.331061532865472698e-10,9.999999998668938073e-01
2.900305680540357784e-42,1.000000000000000000e+00,2.900305680540357147e-42,1.000000000000000000e+00
1.807898221812568306e-35,1.000000000000000000e+00,1.807898221812568574e-35,1.000000000000000000e+00
6.045497240046952841e-108,1.000000000000000000e+00,6.045497240046952841e-108,1.000000000000000000e+00
1.807898221812568306e-35,1.000000000000000000e+00,1.807898221812568574e-35,1.000000000000000000e+00
4.238036665394017879e-09,9.999999957619633006e-01,4.238036665394018706e-09,9.999999957619633006e-01
4.109082433410491074e-50,1.000000000000000000e+00,4.109082433410490599e-50,1.000000000000000000e+00
1.331061532865472698e-10,9.999999998668938073e-01,1.331061532865472698e-10,9.999999998668938073e-01
3.869696153150461064e-116,1.000000000000000000e+00,3.869696153150460501e-116,1.000000000000000000e+00
1.280513414457660445e-29,1.000000000000000000e+00,1.280513414457660165e-29,1.000000000000000000e+00
3.205186936463276151e-05,9.999679481306353868e-01,3.205186936463276151e-05,9.999679481306353868e-01
1.280513414457660445e-29,1.000000000000000000e+00,1.280513414457660445e-29,1.000000000000000000e+00
7.552308208630155042e-14,9.999999999999245048e-01,7.552308208630153780e-14,9.999999999999245048e-01
2.900305680540357784e-42,1.000000000000000000e+00,2.900305680540357784e-42,1.000000000000000000e+00
9.012425899322689377e-20,1.000000000000000000e+00,9.012425899322690580e-20,1.000000000000000000e+00
2.418487454737550059e-100,1.000000000000000000e+00,2.418487454737550059e-100,1.000000000000000000e+00
9.999996165722054853e-01,3.834277945106530073e-07,9.999996165722054853e-01,3.834277945106530603e-07
3.397932514647023074e-80,1.000000000000000000e+00,3.397932514647023074e-80,1.000000000000000000e+00
1.280513414457660445e-29,1.000000000000000000e+00,1.280513414457660165e-29,1.000000000000000000e+00
2.411949648332231817e-24,1.000000000000000000e+00,2.411949648332231817e-24,1.000000000000000000e+00
9.999999999773967474e-01,2.260333082498428443e-11,9.999999999773967474e-01,2.260333082498428443e-11
9.999999698367983969e-01,3.016320162183263974e-08,9.999999698367983969e-01,3.016320162183264636e-08
9.999999999916409088e-01,8.359062569345341633e-12,9.999999999916409088e-01,8.359062569345341633e-12
9.999996165722054853e-01,3.834277945106530603e-07,9.999996165722053743e-01,3.834277945106530073e-07
7.171004187915785977e-01,2.828995812084214578e-01,7.171004187915784867e-01,2.828995812084215133e-01
7.348060591979191301e-144,1.000000000000000000e+00,7.348060591979191301e-144,1.000000000000000000e+00
1.280513414457660165e-29,1.000000000000000000e+00,1.280513414457660165e-29,1.000000000000000000e+00
4.109082433410491074e-50,1.000000000000000000e+00,4.109082433410490599e-50,1.000000000000000000e+00
3.397932514647022325e-80,1.000000000000000000e+00,3.397932514647023074e-80,1.000000000000000000e+00
1.000000000000000000e+00,3.397932514659383911e-70,3.140137818030639046e-271,1.000000000000000000e+00
1.896971762383145002e-22,1.000000000000000000e+00,5.480029827797219154e-100,1.000000000000000000e+00
1.000000000000000000e+00,1.589631101435561506e-119,6.645704156736160495e-60,1.000000000000000000e+00
1.523727150403150096e-60,1.000000000000000000e+00,1.523727150400870325e-70,1.000000000000000000e+00
5.985343814698476507e-15,9.999999999999941158e-01,3.802272892172646540e-93,1.000000000000000000e+00
2.142316050014937465e-165,1.000000000000000000e+00,2.142316050014937465e-165,1.000000000000000000e+00
1.331061532860630590e-10,9.999999998668938073e-01,1.331061532865472698e-10,9.999999998668938073e-01
9.999912770566483644e-01,8.722943351635888996e-06,9.999912770566483644e-01,8.722943351635888996e-06
1.204632648634710935e-17,1.000000000000000000e+00,1.204632648634710935e-17,1.000000000000000000e+00
7.171004187915784867e-01,2.828995812084214578e-01,7.171004187915785977e-01,2.828995812084214578e-01
7.552308208657628859e-14,9.999999999999243938e-01,7.552308208657630121e-14,9.999999999999245048e-01
1.280513414457660165e-29,1.000000000000000000e+00,1.280513414457660165e-29,1.000000000000000000e+00
5.075134280216156944e-03,9.949248657197838908e-01,5.075134280216156077e-03,9.949248657197837797e-01
2.800694639580131318e-01,7.199305360419868682e-01,2.800694639580130763e-01,7.199305360419868682e-01
9.999999999922691840e-01,7.730700947437534524e-12,9.999999999922692950e-01,7.730700947437534524e-12
1.807898221812568574e-35,1.000000000000000000e+00,1.807898221812568306e-35,1.000000000000000000e+00
9.999999992258554737e-01,7.741444925212095122e-10,9.999999992258554737e-01,7.741444925212096156e-10
9.999999999936636241e-01,6.336410936356167332e-12,9.999999999936636241e-01,6.336410936356166524e-12
9.999999999952000618e-01,4.800040419931763872e-12,9.999999999951999508e-01,4.800040419931763872e-12
9.999999999949116258e-01,5.088395614210015273e-12,9.999999999949116258e-01,5.088395614210014465e-12
9.999999999955238028e-01,4.476278123329102952e-12,9.999999999955236918e-01,4.476278123329102952e-12
9.438928158291430285e-16,9.999999999999991118e-01,9.438928158291430285e-16,9.999999999999991118e-01
9.999999923441931227e-01,7.655806880215143900e-09,9.999999923441931227e-01,7.655806880215145554e-09
9.999999997909722049e-01,2.090278510386367610e-10,9.999999997909722049e-01,2.090278510386367351e-10
9.999999999952834395e-01,4.716556624696630217e-12,9.999999999952834395e-01,4.716556624696631025e-12
9.999999999650964755e-01,3.490349648769413991e-11,9.999999999650964755e-01,3.490349648769413991e-11
9.999999999935760275e-01,6.423970721777581563e-12,9.999999999935760275e-01,6.423970721777581563e-12
9.999999999899356062e-01,1.006436526575843523e-11,9.999999999899356062e-01,1.006436526575843685e-11
9.999999999937111417e-01,6.288878759581672316e-12,9.999999999937111417e-01,6.288878759581671508e-12
9.999999999860557098e-01,1.394431753183075035e-11,9.999999999860557098e-01,1.394431753183075197e-11
9.999999999954979346e-01,4.502010443784637151e-12,9.999999999954980456e-01,4.502010443784637959e-12
9.999999999952835505e-01,4.716556624696631025e-12,9.999999999952835505e-01,4.716556624696631025e-12
2.165113646092310944e-74,1.000000000000000000e+00,2.165113646092310944e-74,1.000000000000000000e+00
9.998888664506997426e-01,1.111335493002679720e-04,9.998888664506996315e-01,1.111335493002679720e-04
9.999912770566483644e-01,8.722943351635888996e-06,9.999912770566483644e-01,8.722943351635888996e-06
4.237959541156439990e-04,9.995762040458843201e-01,4.237959541156439448e-04,9.995762040458843201e-01
3.802272892172646540e-93,1.000000000000000000e+00,3.802272892172646540e-93,1.000000000000000000e+00
7.891091843195123265e-190,1.000000000000000000e+00,7.891091843195123265e-190,1.000000000000000000e+00
2.165113646092310944e-74,1.000000000000000000e+00,2.165113646092310944e-74,1.000000000000000000e+00
9.999999999899356062e-01,1.006436526575843523e-11,9.999999999899356062e-01,1.006436526575843523e-11
9.999999999899356062e-01,1.006436526575843685e-11,9.999999999899357173e-01,1.006436526575843846e-11
9.999999999899356062e-01,1.006436526575843685e-11,9.999999999899357173e-01,1.006436526575843846e-11
9.999999999899356062e-01,1.006436526575843685e-11,9.999999999899357173e-01,1.006436526575843846e-11
9.999999999899356062e-01,1.006436526575843685e-11,9.999999999899357173e-01,1.006436526575843846e-11
9.999999999899356062e-01,1.006436526575843685e-11,9.999999999899357173e-01,1.006436526575843846e-11
9.999999999899356062e-01,1.006436526575843685e-11,9.999999999899357173e-01,1.006436526575843846e-11
9.999999999899356062e-01,1.006436526575843685e-11,9.999999999899357173e-01,1.006436526575843846e-11
9.999999999955432317e-01,4.456731138809823924e-12,9.999999999955433427e-01,4.456731138809824732e-12
3.397932514647023074e-80,1.000000000000000000e+00,3.397932514647023074e-80,1.000000000000000000e+00
9.999999998528750211e-01,1.471248556211300217e-10,9.999999998528752432e-01,1.471248556211300734e-10
9.999999999899356062e-01,1.006436526575843685e-11,9.999999999899354952e-01,1.006436526575843523e-11
9.999999999899356062e-01,1.006436526575843685e-11,9.999999999899357173e-01,1.006436526575843846e-11
9.999999999899356062e-01,1.006436526575843685e-11,9.999999999899357173e-01,1.006436526575843846e-11
9.999999999899356062e-01,1.006436526575843685e-11,9.999999999899357173e-01,1.006436526575843846e-11
9.999999999899356062e-01,1.006436526575843685e-11,9.999999999899357173e-01,1.006436526575843846e-11
9.999999999899356062e-01,1.006436526575843685e-11,9.999999999899357173e-01,1.006436526575843846e-11
9.999999999899356062e-01,1.006436526575843685e-11,9.999999999899357173e-01,1.006436526575843846e-11
9.999999999939095385e-01,6.090412875474225856e-12,9.999999999939096496e-01,6.090412875474227471e-12
9.999999999899356062e-01,1.006436526575843523e-11,9.999999999899356062e-01,1.006436526575843685e-11
9.999999999899356062e-01,1.006436526575843685e-11,9.999999999899357173e-01,1.006436526575843846e-11
9.999999999899356062e-01,1.006436526575843685e-11,9.999999999899357173e-01,1.006436526575843846e-11
9.999999999899356062e-01,1.006436526575843685e-11,9.999999999899357173e-01,1.006436526575843846e-11
9.999999999947278839e-01,5.272117414825005658e-12,9.999999999947278839e-01,5.272117414825005658e-12
9.999999999899356062e-01,1.006436526575843523e-11,9.999999999899356062e-01,1.006436526575843685e-11
9.999999999899356062e-01,1.006436526575843685e-11,9.999999999899357173e-01,1.006436526575843846e-11
9.999999999899356062e-01,1.006436526575843685e-11,9.999999999899357173e-01,1.006436526575843846e-11
9.999999999899356062e-01,1.006436526575843685e-11,9.999999999899357173e-01,1.006436526575843846e-11
9.999999999899356062e-01,1.006436526575843685e-11,9.999999999899357173e-01,1.006436526575843846e-11
9.999999999954979346e-01,4.502010443784637151e-12,9.999999999954980456e-01,4.502010443784637959e-12
9.999999999899356062e-01,1.006436526575843523e-11,9.999999999899356062e-01,1.006436526575843523e-11
9.999999999899356062e-01,1.006436526575843685e-11,9.999999999899357173e-01,1.006436526575843846e-11
9.999999999899356062e-01,1.006436526575843685e-11,9.999999999899357173e-01,1.006436526575843846e-11
9.999999999899356062e-01,1.006436526575843685e-11,9.999999999899357173e-01,1.006436526575843846e-11
9.999999999899356062e-01,1.006436526575843685e-11,9.999999999899357173e-01,1.006436526575843846e-11
9.999999999899356062e-01,1.006436526575843685e-11,9.999999999899357173e-01,1.006436526575843846e-11
9.999999999899356062e-01,1.006436526575843685e-11,9.999999999899357173e-01,1.006436526575843846e-11
9.999999999899356062e-01,1.006436526575843685e-11,9.999999999899357173e-01,1.006436526575843846e-11
9.999999999899356062e-01,1.006436526575843685e-11,9.999999999899357173e-01,1.006436526575843846e-11
9.999999999899356062e-01,1.006436526575843685e-11,9.999999999899357173e-01,1.006436526575843846e-11
9.999999999905299086e-01,9.470110775080670271e-12,9.999999999905299086e-01,9.470110775080670271e-12
9.999999999899356062e-01,1.006436526575843685e-11,9.999999999899357173e-01,1.006436526575843685e-11
9.999999999899356062e-01,1.006436526575843685e-11,9.999999999899357173e-01,1.006436526575843846e-11
9.999999999899356062e-01,1.006436526575843685e-11,9.999999999899357173e-01,1.006436526575843846e-11
9.999999999899356062e-01,1.006436526575843685e-11,9.999999999899357173e-01,1.006436526575843846e-11
9.999999999899356062e-01,1.006436526575843685e-11,9.999999999899357173e-01,1.006436526575843846e-11
9.999999999899356062e-01,1.006436526575843685e-11,9.999999999899357173e-01,1.006436526575843846e-11
9.999999999908945059e-01,9.105508766929550297e-12,9.999999999908945059e-01,9.105508766929550297e-12
9.999999999899356062e-01,1.006436526575843685e-11,9.999999999899356062e-01,1.006436526575843685e-11
9.999999999899356062e-01,1.006436526575843685e-11,9.999999999899357173e-01,1.006436526575843846e-11
9.999999999899356062e-01,1.006436526575843685e-11,9.999999999899357173e-01,1.006436526575843846e-11
9.999999999899356062e-01,1.006436526575843685e-11,9.999999999899357173e-01,1.006436526575843846e-11
9.999999999899356062e-01,1.006436526575843685e-11,9.999999999899357173e-01,1.006436526575843846e-11
9.999999999899356062e-01,1.006436526575843685e-11,9.999999999899357173e-01,1.006436526575843846e-11
9.999999999899356062e-01,1.006436526575843685e-11,9.999999999899357173e-01,1.006436526575843846e-11
9.999999999899356062e-01,1.006436526575843685e-11,9.999999999899357173e-01,1.006436526575843846e-11
9.999999999899356062e-01,1.006436526575843685e-11,9.999999999899357173e-01,1.006436526575843846e-11
9.999999999951034724e-01,4.896557034264738090e-12,9.999999999951034724e-01,4.896557034264738090e-12
9.999999999899356062e-01,1.006436526575843523e-11,9.999999999899356062e-01,1.006436526575843523e-11
9.999999999918550708e-01,8.144940323902084155e-12,9.999999999918550708e-01,8.144940323902085771e-12
9.999999999899356062e-01,1.006436526575843685e-11,9.999999999899357173e-01,1.006436526575843685e-11
9.999999999899356062e-01,1.006436526575843685e-11,9.999999999899357173e-01,1.006436526575843846e-11
9.999999999899356062e-01,1.006436526575843685e-11,9.999999999899357173e-01,1.006436526575843846e-11
9.999999999899356062e-01,1.006436526575843685e-11,9.999999999899357173e-01,1.006436526575843846e-11
9.999999999899356062e-01,1.006436526575843685e-11,9.999999999899357173e-01,1.006436526575843846e-11
9.999999999899356062e-01,1.006436526575843685e-11,9.999999999899357173e-01,1.006436526575843846e-11
9.999999999899356062e-01,1.006436526575843685e-11,9.999999999899357173e-01,1.006436526575843846e-11
9.999999999953544938e-01,4.645487461601851066e-12,9.999999999953546048e-01,4.645487461601851874e-12
9.999999999899356062e-01,1.006436526575843523e-11,9.999999999899354952e-01,1.006436526575843523e-11
9.999999999899356062e-01,1.006436526575843685e-11,9.999999999899357173e-01,1.006436526575843846e-11
9.999999999899356062e-01,1.006436526575843685e-11,9.999999999899357173e-01,1.006436526575843846e-11
9.999999999899356062e-01,1.006436526575843685e-11,9.999999999899357173e-01,1.006436526575843846e-11
9.999999999899356062e-01,1.006436526575843685e-11,9.999999999899357173e-01,1.006436526575843846e-11
9.999999999899356062e-01,1.006436526575843685e-11,9.999999999899357173e-01,1.006436526575843846e-11
9.999999999899356062e-01,1.006436526575843685e-11,9.999999999899357173e-01,1.006436526575843846e-11
9.999999960903752649e-01,3.909624719518067126e-09,9.999999960903752649e-01,3.909624719518067953e-09
9.999999999913983251e-01,8.601674835982171242e-12,9.999999999913984361e-01,8.601674835982171242e-12
9.999999999952834395e-01,4.716556624696630217e-12,9.999999999952834395e-01,4.716556624696631025e-12
9.999999999899356062e-01,1.006436526575843523e-11,9.999999999899356062e-01,1.006436526575843685e-11
9.999999999899356062e-01,1.006436526575843685e-11,9.999999999899357173e-01,1.006436526575843846e-11
9.999999999955432317e-01,4.456731138809823924e-12,9.999999999955433427e-01,4.456731138809824732e-12
9.999999999899356062e-01,1.006436526575843523e-11,9.999999999899356062e-01,1.006436526575843685e-11
9.999999999899356062e-01,1.006436526575843685e-11,9.999999999899357173e-01,1.006436526575843846e-11
9.999999999899356062e-01,1.006436526575843685e-11,9.999999999899357173e-01,1.006436526575843846e-11
9.999999999899356062e-01,1.006436526575843685e-11,9.999999999899357173e-01,1.006436526575843846e-11
9.999999999899356062e-01,1.006436526575843685e-11,9.999999999899357173e-01,1.006436526575843846e-11
9.999999999899356062e-01,1.006436526575843685e-11,9.999999999899357173e-01,1.006436526575843846e-11
9.999999999899356062e-01,1.006436526575843685e-11,9.999999999899357173e-01,1.006436526575843846e-11
9.999999999899356062e-01,1.006436526575843685e-11,9.999999999899357173e-01,1.006436526575843846e-11
9.999999999899356062e-01,1.006436526575843685e-11,9.999999999899357173e-01,1.006436526575843846e-11
9.999999999899356062e-01,1.006436526575843685e-11,9.999999999899357173e-01,1.006436526575843846e-11
9.999999999937111417e-01,6.288878759581672316e-12,9.999999999937111417e-01,6.288878759581671508e-12
9.999999999899356062e-01,1.006436526575843523e-11,9.999999999899356062e-01,1.006436526575843523e-11
9.999999999899356062e-01,1.006436526575843685e-11,9.999999999899357173e-01,1.006436526575843846e-11
9.999999999899356062e-01,1.006436526575843685e-11,9.999999999899357173e-01,1.006436526575843846e-11
9.999999999910679227e-01,8.932022517738109090e-12,9.999999999910680337e-01,8.932022517738110705e-12
9.999999999899356062e-01,1.006436526575843685e-11,9.999999999899357173e-01,1.006436526575843846e-11
9.999999999899356062e-01,1.006436526575843685e-11,9.999999999899357173e-01,1.006436526575843846e-11
9.999999999899356062e-01,1.006436526575843685e-11,9.999999999899357173e-01,1.006436526575843846e-11
9.999999999899356062e-01,1.006436526575843685e-11,9.999999999899357173e-01,1.006436526575843846e-11
9.999999999899356062e-01,1.006436526575843685e-11,9.999999999899357173e-01,1.006436526575843846e-11
9.999999999899356062e-01,1.006436526575843685e-11,9.999999999899357173e-01,1.006436526575843846e-11
9.999999999899356062e-01,1.006436526575843685e-11,9.999999999899357173e-01,1.006436526575843846e-11
9.999999999899356062e-01,1.006436526575843685e-11,9.999999999899357173e-01,1.006436526575843846e-11
9.999999999899356062e-01,1.006436526575843685e-11,9.999999999899357173e-01,1.006436526575843846e-11
9.999999999899356062e-01,1.006436526575843685e-11,9.999999999899357173e-01,1.006436526575843846e-11
9.999999999899356062e-01,1.006436526575843685e-11,9.999999999899357173e-01,1.006436526575843846e-11
9.999999999899356062e-01,1.006436526575843685e-11,9.999999999899357173e-01,1.006436526575843846e-11
9.999999999899356062e-01,1.006436526575843685e-11,9.999999999899357173e-01,1.006436526575843846e-11
9.999999999899356062e-01,1.006436526575843685e-11,9.999999999899357173e-01,1.006436526575843846e-11
9.999999999899356062e-01,1.006436526575843685e-11,9.999999999899357173e-01,1.006436526575843846e-11
9.999999999905299086e-01,9.470110775080670271e-12,9.999999999905299086e-01,9.470110775080670271e-12
9.999999999930926364e-01,6.907402739776106803e-12,9.999999999930926364e-01,6.907402739776105995e-12
9.999999999899356062e-01,1.006436526575843523e-11,9.999999999899356062e-01,1.006436526575843685e-11
9.999999999899356062e-01,1.006436526575843685e-11,9.999999999899357173e-01,1.006436526575843846e-11
9.999999999955236918e-01,4.476278123329102952e-12,9.999999999955236918e-01,4.476278123329102952e-12
9.999999999905299086e-01,9.470110775080668656e-12,9.999999999905299086e-01,9.470110775080668656e-12
9.999999999910679227e-01,8.932022517738109090e-12,9.999999999910679227e-01,8.932022517738109090e-12
9.999999999899356062e-01,1.006436526575843685e-11,9.999999999899357173e-01,1.006436526575843846e-11
9.999999999899356062e-01,1.006436526575843685e-11,9.999999999899357173e-01,1.006436526575843846e-11
9.999999999899356062e-01,1.006436526575843685e-11,9.999999999899357173e-01,1.006436526575843846e-11
9.999999999899356062e-01,1.006436526575843685e-11,9.999999999899357173e-01,1.006436526575843846e-11
9.999999999899356062e-01,1.006436526575843685e-11,9.999999999899357173e-01,1.006436526575843846e-11
9.999999999922692950e-01,7.730700947437534524e-12,9.999999999922692950e-01,7.730700947437532908e-12
9.999999999899356062e-01,1.006436526575843685e-11,9.999999999899356062e-01,1.006436526575843523e-11
9.999999999899356062e-01,1.006436526575843685e-11,9.999999999899357173e-01,1.006436526575843846e-11
9.999999999899356062e-01,1.006436526575843685e-11,9.999999999899357173e-01,1.006436526575843846e-11
9.999999999899356062e-01,1.006436526575843685e-11,9.999999999899357173e-01,1.006436526575843846e-11
9.999999999899356062e-01,1.006436526575843685e-11,9.999999999899357173e-01,1.006436526575843846e-11
9.999999999899356062e-01,1.006436526575843685e-11,9.999999999899357173e-01,1.006436526575843846e-11
9.999999999899356062e-01,1.006436526575843685e-11,9.999999999899357173e-01,1.006436526575843846e-11
9.999999999899356062e-01,1.006436526575843685e-11,9.999999999899357173e-01,1.006436526575843846e-11
9.999999999899356062e-01,1.006436526575843685e-11,9.999999999899357173e-01,1.006436526575843846e-11
9.999999999899356062e-01,1.006436526575843685e-11,9.999999999899357173e-01,1.006436526575843846e-11
9.999999999908945059e-01,9.105508766929550297e-12,9.999999999908945059e-01,9.105508766929550297e-12
9.999999999899356062e-01,1.006436526575843685e-11,9.999999999899356062e-01,1.006436526575843685e-11
9.999999999899356062e-01,1.006436526575843685e-11,9.999999999899357173e-01,1.006436526575843846e-11
9.999999999899356062e-01,1.006436526575843685e-11,9.999999999899357173e-01,1.006436526575843846e-11
9.999999999899356062e-01,1.006436526575843685e-11,9.999999999899357173e-01,1.006436526575843846e-11
9.999999999899356062e-01,1.006436526575843685e-11,9.999999999899357173e-01,1.006436526575843846e-11
9.999999999899356062e-01,1.006436526575843685e-11,9.999999999899357173e-01,1.006436526575843846e-11
9.999999999899356062e-01,1.006436526575843685e-11,9.999999999899357173e-01,1.006436526575843846e-11
9.999999999899356062e-01,1.006436526575843685e-11,9.999999999899357173e-01,1.006436526575843846e-11
9.999999999899356062e-01,1.006436526575843685e-11,9.999999999899357173e-01,1.006436526575843846e-11
9.999999999899356062e-01,1.006436526575843685e-11,9.999999999899357173e-01,1.006436526575843846e-11
9.999999999899356062e-01,1.006436526575843685e-11,9.999999999899357173e-01,1.006436526575843846e-11
9.999999999899356062e-01,1.006436526575843685e-11,9.999999999899357173e-01,1.006436526575843846e-11
9.999999999927624561e-01,7.237517422417696184e-12,9.999999999927625671e-01,7.237517422417696992e-12
9.999999999899356062e-01,1.006436526575843523e-11,9.999999999899356062e-01,1.006436526575843685e-11
9.999999999899356062e-01,1.006436526575843685e-11,9.999999999899357173e-01,1.006436526575843846e-11
9.999999999899356062e-01,1.006436526575843685e-11,9.999999999899357173e-01,1.006436526575843846e-11
9.999999999899356062e-01,1.006436526575843685e-11,9.999999999899357173e-01,1.006436526575843846e-11
9.999999999899356062e-01,1.006436526575843685e-11,9.999999999899357173e-01,1.006436526575843846e-11
9.999999999899356062e-01,1.006436526575843685e-11,9.999999999899357173e-01,1.006436526575843846e-11
9.999999999899356062e-01,1.006436526575843685e-11,9.999999999899357173e-01,1.006436526575843846e-11
9.999999999899356062e-01,1.006436526575843685e-11,9.999999999899357173e-01,1.006436526575843846e-11
9.999999999899356062e-01,1.006436526575843685e-11,9.999999999899357173e-01,1.006436526575843846e-11
9.999999999899356062e-01,1.006436526575843685e-11,9.999999999899357173e-01,1.006436526575843846e-11
9.999999999899356062e-01,1.006436526575843685e-11,9.999999999899357173e-01,1.006436526575843846e-11
9.999999999899356062e-01,1.006436526575843685e-11,9.999999999899357173e-01,1.006436526575843846e-11
9.999999999899356062e-01,1.006436526575843685e-11,9.999999999899357173e-01,1.006436526575843846e-11
9.999999999899356062e-01,1.006436526575843685e-11,9.999999999899357173e-01,1.006436526575843846e-11
9.999999999899356062e-01,1.006436526575843685e-11,9.999999999899357173e-01,1.006436526575843846e-11
9.999999999899356062e-01,1.006436526575843685e-11,9.999999999899357173e-01,1.006436526575843846e-11
9.999999999899356062e-01,1.006436526575843685e-11,9.999999999899357173e-01,1.006436526575843846e-11
9.999999999899356062e-01,1.006436526575843685e-11,9.999999999899357173e-01,1.006436526575843846e-11
9.999999999899356062e-01,1.006436526575843685e-11,9.999999999899357173e-01,1.006436526575843846e-11
9.999999999899356062e-01,1.006436526575843685e-11,9.999999999899357173e-01,1.006436526575843846e-11
9.999999999899356062e-01,1.006436526575843685e-11,9.999999999899357173e-01,1.006436526575843846e-11
9.999999999899356062e-01,1.006436526575843685e-11,9.999999999899357173e-01,1.006436526575843846e-11
9.999999999899356062e-01,1.006436526575843685e-11,9.999999999899357173e-01,1.006436526575843846e-11
9.999999999899356062e-01,1.006436526575843685e-11,9.999999999899357173e-01,1.006436526575843846e-11
9.999999999899356062e-01,1.006436526575843685e-11,9.999999999899357173e-01,1.006436526575843846e-11
9.999999999899356062e-01,1.006436526575843685e-11,9.999999999899357173e-01,1.006436526575843846e-11
9.999999999899356062e-01,1.006436526575843685e-11,9.999999999899357173e-01,1.006436526575843846e-11
9.999999999899356062e-01,1.006436526575843685e-11,9.999999999899357173e-01,1.006436526575843846e-11
9.999999999899356062e-01,1.006436526575843685e-11,9.999999999899357173e-01,1.006436526575843846e-11
9.999999999954979346e-01,4.502010443784637151e-12,9.999999999954980456e-01,4.502010443784637959e-12
9.999999999952000618e-01,4.800040419931763872e-12,9.999999999951999508e-01,4.800040419931763872e-12
9.999999999899356062e-01,1.006436526575843523e-11,9.999999999899356062e-01,1.006436526575843685e-11
9.999999999899356062e-01,1.006436526575843685e-11,9.999999999899357173e-01,1.006436526575843846e-11
9.999999999899356062e-01,1.006436526575843685e-11,9.999999999899357173e-01,1.006436526575843846e-11
9.999999999899356062e-01,1.006436526575843685e-11,9.999999999899357173e-01,1.006436526575843846e-11
9.999999999899356062e-01,1.006436526575843685e-11,9.999999999899357173e-01,1.006436526575843846e-11
9.999999999899356062e-01,1.006436526575843685e-11,9.999999999899357173e-01,1.006436526575843846e-11
9.999999999927624561e-01,7.237517422417696184e-12,9.999999999927625671e-01,7.237517422417696992e-12
9.999999999905299086e-01,9.470110775080668656e-12,9.999999999905297976e-01,9.470110775080668656e-12
9.999999999899356062e-01,1.006436526575843685e-11,9.999999999899357173e-01,1.006436526575843685e-11
9.999999999899356062e-01,1.006436526575843685e-11,9.999999999899357173e-01,1.006436526575843846e-11
9.999999999899356062e-01,1.006436526575843685e-11,9.999999999899357173e-01,1.006436526575843846e-11
9.999999999899356062e-01,1.006436526575843685e-11,9.999999999899357173e-01,1.006436526575843846e-11
9.999999999899356062e-01,1.006436526575843685e-11,9.999999999899357173e-01,1.006436526575843846e-11
9.999999999899356062e-01,1.006436526575843685e-11,9.999999999899357173e-01,1.006436526575843846e-11
9.999999999899356062e-01,1.006436526575843685e-11,9.999999999899357173e-01,1.006436526575843846e-11
9.999999999930926364e-01,6.907402739776106803e-12,9.999999999930926364e-01,6.907402739776106803e-12
9.999999999899356062e-01,1.006436526575843523e-11,9.999999999899356062e-01,1.006436526575843685e-11
9.999999999899356062e-01,1.006436526575843685e-11,9.999999999899357173e-01,1.006436526575843846e-11
9.999999999899356062e-01,1.006436526575843685e-11,9.999999999899357173e-01,1.006436526575843846e-11
9.999999999899356062e-01,1.006436526575843685e-11,9.999999999899357173e-01,1.006436526575843846e-11
9.999999999899356062e-01,1.006436526575843685e-11,9.999999999899357173e-01,1.006436526575843846e-11
9.999999999899356062e-01,1.006436526575843685e-11,9.999999999899357173e-01,1.006436526575843846e-11
9.999999999953544938e-01,4.645487461601851066e-12,9.999999999953546048e-01,4.645487461601851874e-12
9.999999999899356062e-01,1.006436526575843523e-11,9.999999999899354952e-01,1.006436526575843523e-11
9.999999999899356062e-01,1.006436526575843685e-11,9.999999999899357173e-01,1.006436526575843846e-11
9.999999999899356062e-01,1.006436526575843685e-11,9.999999999899357173e-01,1.006436526575843846e-11
9.999999999899356062e-01,1.006436526575843685e-11,9.999999999899357173e-01,1.006436526575843846e-11
9.999999999899356062e-01,1.006436526575843685e-11,9.999999999899357173e-01,1.006436526575843846e-11
9.999999999899356062e-01,1.006436526575843685e-11,9.999999999899357173e-01,1.006436526575843846e-11
9.999999999899356062e-01,1.006436526575843685e-11,9.999999999899357173e-01,1.006436526575843846e-11
9.999999999913983251e-01,8.601674835982172858e-12,9.999999999913984361e-01,8.601674835982172858e-12
9.999999999899356062e-01,1.006436526575843685e-11,9.999999999899357173e-01,1.006436526575843846e-11
9.999999999913983251e-01,8.601674835982172858e-12,9.999999999913984361e-01,8.601674835982172858e-12
9.999999999899356062e-01,1.006436526575843685e-11,9.999999999899357173e-01,1.006436526575843846e-11
9.999999999899356062e-01,1.006436526575843685e-11,9.999999999899357173e-01,1.006436526575843846e-11
9.999999999899356062e-01,1.006436526575843685e-11,9.999999999899357173e-01,1.006436526575843846e-11
9.999999999908945059e-01,9.105508766929550297e-12,9.999999999908945059e-01,9.105508766929550297e-12
9.999999999905299086e-01,9.470110775080670271e-12,9.999999999905299086e-01,9.470110775080667040e-12
9.999999999899356062e-01,1.006436526575843685e-11,9.999999999899357173e-01,1.006436526575843685e-11
9.999999999899356062e-01,1.006436526575843685e-11,9.999999999899357173e-01,1.006436526575843846e-11
9.999999999908945059e-01,9.105508766929550297e-12,9.999999999908945059e-01,9.105508766929550297e-12
9.999999999899356062e-01,1.006436526575843685e-11,9.999999999899356062e-01,1.006436526575843685e-11
9.999999999899356062e-01,1.006436526575843685e-11,9.999999999899357173e-01,1.006436526575843846e-11
9.999999999899356062e-01,1.006436526575843685e-11,9.999999999899357173e-01,1.006436526575843846e-11
9.999999999899356062e-01,1.006436526575843685e-11,9.999999999899357173e-01,1.006436526575843846e-11
9.999999999899356062e-01,1.006436526575843685e-11,9.999999999899357173e-01,1.006436526575843846e-11
9.999999999899356062e-01,1.006436526575843685e-11,9.999999999899357173e-01,1.006436526575843846e-11
9.999999999899356062e-01,1.006436526575843685e-11,9.999999999899357173e-01,1.006436526575843846e-11
9.999999999899356062e-01,1.006436526575843685e-11,9.999999999899357173e-01,1.006436526575843846e-11
9.999999999899356062e-01,1.006436526575843685e-11,9.999999999899357173e-01,1.006436526575843846e-11
9.999999999899356062e-01,1.006436526575843685e-11,9.999999999899357173e-01,1.006436526575843846e-11
9.999999999899356062e-01,1.006436526575843685e-11,9.999999999899357173e-01,1.006436526575843846e-11
9.999999999899356062e-01,1.006436526575843685e-11,9.999999999899357173e-01,1.006436526575843846e-11
9.999999999899356062e-01,1.006436526575843685e-11,9.999999999899357173e-01,1.006436526575843846e-11
9.999999999899356062e-01,1.006436526575843685e-11,9.999999999899357173e-01,1.006436526575843846e-11
9.999999999899356062e-01,1.006436526575843685e-11,9.999999999899357173e-01,1.006436526575843846e-11
9.999999999899356062e-01,1.006436526575843685e-11,9.999999999899357173e-01,1.006436526575843846e-11
9.999999999899356062e-01,1.006436526575843685e-11,9.999999999899357173e-01,1.006436526575843846e-11
9.999999999899356062e-01,1.006436526575843685e-11,9.999999999899357173e-01,1.006436526575843846e-11
9.999999999899356062e-01,1.006436526575843685e-11,9.999999999899357173e-01,1.006436526575843846e-11
9.999999999906338255e-01,9.366147880855780401e-12,9.999999999906338255e-01,9.366147880855780401e-12
9.999999999899356062e-01,1.006436526575843685e-11,9.999999999899356062e-01,1.006436526575843523e-11
9.999999999899356062e-01,1.006436526575843685e-11,9.999999999899357173e-01,1.006436526575843846e-11
9.999999999899356062e-01,1.006436526575843685e-11,9.999999999899357173e-01,1.006436526575843846e-11
9.999999999899356062e-01,1.006436526575843685e-11,9.999999999899357173e-01,1.006436526575843846e-11
9.999999999899356062e-01,1.006436526575843685e-11,9.999999999899357173e-01,1.006436526575843846e-11
9.999999999899356062e-01,1.006436526575843685e-11,9.999999999899357173e-01,1.006436526575843846e-11
9.999999999899356062e-01,1.006436526575843685e-11,9.999999999899357173e-01,1.006436526575843846e-11
9.999999999899356062e-01,1.006436526575843685e-11,9.999999999899357173e-01,1.006436526575843846e-11
9.999999999899356062e-01,1.006436526575843685e-11,9.999999999899357173e-01,1.006436526575843846e-11
9.999999999899356062e-01,1.006436526575843685e-11,9.999999999899357173e-01,1.006436526575843846e-11
9.999999999899356062e-01,1.006436526575843685e-11,9.999999999899357173e-01,1.006436526575843846e-11
9.999999999930926364e-01,6.907402739776106803e-12,9.999999999930926364e-01,6.907402739776106803e-12
9.999999999899356062e-01,1.006436526575843523e-11,9.999999999899356062e-01,1.006436526575843685e-11
9.999999999899356062e-01,1.006436526575843685e-11,9.999999999899357173e-01,1.006436526575843846e-11
9.999999999933496531e-01,6.650344746592581766e-12,9.999999999933495420e-01,6.650344746592581766e-12
9.999999999899356062e-01,1.006436526575843523e-11,9.999999999899356062e-01,1.006436526575843685e-11
9.999999999899356062e-01,1.006436526575843685e-11,9.999999999899357173e-01,1.006436526575843846e-11
9.999999999899356062e-01,1.006436526575843685e-11,9.999999999899357173e-01,1.006436526575843846e-11
9.999999999899356062e-01,1.006436526575843685e-11,9.999999999899357173e-01,1.006436526575843846e-11
9.999999999899356062e-01,1.006436526575843685e-11,9.999999999899357173e-01,1.006436526575843846e-11
9.999999999899356062e-01,1.006436526575843685e-11,9.999999999899357173e-01,1.006436526575843846e-11
9.999999999899356062e-01,1.006436526575843685e-11,9.999999999899357173e-01,1.006436526575843846e-11
9.999999999899356062e-01,1.006436526575843685e-11,9.999999999899357173e-01,1.006436526575843846e-11
9.999999999899356062e-01,1.006436526575843685e-11,9.999999999899357173e-01,1.006436526575843846e-11
9.999999999899356062e-01,1.006436526575843685e-11,9.999999999899357173e-01,1.006436526575843846e-11
9.999999999899356062e-01,1.006436526575843685e-11,9.999999999899357173e-01,1.006436526575843846e-11
9.999999999899356062e-01,1.006436526575843685e-11,9.999999999899357173e-01,1.006436526575843846e-11
9.999999999899356062e-01,1.006436526575843685e-11,9.999999999899357173e-01,1.006436526575843846e-11
9.999999999919976235e-01,8.002350202428296367e-12,9.999999999919976235e-01,8.002350202428297983e-12
9.999999999954979346e-01,4.502010443784637151e-12,9.999999999954980456e-01,4.502010443784637959e-12
9.999999999899356062e-01,1.006436526575843523e-11,9.999999999899356062e-01,1.006436526575843523e-11
9.999999999899356062e-01,1.006436526575843685e-11,9.999999999899357173e-01,1.006436526575843846e-11
9.999999999899356062e-01,1.006436526575843685e-11,9.999999999899357173e-01,1.006436526575843846e-11
9.999999999860557098e-01,1.394431753183075197e-11,9.999999999860555988e-01,1.394431753183075197e-11
9.999999999203141865e-01,7.968584051372258825e-11,9.999999999203140755e-01,7.968584051372257532e-11
9.999999999899356062e-01,1.006436526575843685e-11,9.999999999899356062e-01,1.006436526575843523e-11
9.999999999899356062e-01,1.006436526575843685e-11,9.999999999899357173e-01,1.006436526575843846e-11
9.999999999899356062e-01,1.006436526575843685e-11,9.999999999899357173e-01,1.006436526575843846e-11
9.999999999930926364e-01,6.907402739776106803e-12,9.999999999930926364e-01,6.907402739776106803e-12
9.999999999899356062e-01,1.006436526575843523e-11,9.999999999899356062e-01,1.006436526575843685e-11
9.999999999899356062e-01,1.006436526575843685e-11,9.999999999899357173e-01,1.006436526575843846e-11
9.999999999899356062e-01,1.006436526575843685e-11,9.999999999899357173e-01,1.006436526575843846e-11
9.999999999899356062e-01,1.006436526575843685e-11,9.999999999899357173e-01,1.006436526575843846e-11
9.999999999899356062e-01,1.006436526575843685e-11,9.999999999899357173e-01,1.006436526575843846e-11
9.999999999947278839e-01,5.272117414825005658e-12,9.999999999947278839e-01,5.272117414825005658e-12
9.999999999899356062e-01,1.006436526575843523e-11,9.999999999899356062e-01,1.006436526575843685e-11
9.999999999955387908e-01,4.461220696119652376e-12,9.999999999955387908e-01,4.461220696119652376e-12
9.999999999899356062e-01,1.006436526575843523e-11,9.999999999899356062e-01,1.006436526575843523e-11
9.999999999899356062e-01,1.006436526575843685e-11,9.999999999899357173e-01,1.006436526575843846e-11
9.999999999951999508e-01,4.800040419931763872e-12,9.999999999951999508e-01,4.800040419931763872e-12
9.999999999919977345e-01,8.002350202428296367e-12,9.999999999919977345e-01,8.002350202428296367e-12
9.999999999899356062e-01,1.006436526575843685e-11,9.999999999899356062e-01,1.006436526575843523e-11
9.999999999899356062e-01,1.006436526575843685e-11,9.999999999899357173e-01,1.006436526575843846e-11
9.999999999899356062e-01,1.006436526575843685e-11,9.999999999899357173e-01,1.006436526575843846e-11
9.999999999899356062e-01,1.006436526575843685e-11,9.999999999899357173e-01,1.006436526575843846e-11
9.999999999937111417e-01,6.288878759581672316e-12,9.999999999937111417e-01,6.288878759581671508e-12
9.999999999899356062e-01,1.006436526575843523e-11,9.999999999899356062e-01,1.006436526575843523e-11
9.999999999899356062e-01,1.006436526575843685e-11,9.999999999899357173e-01,1.006436526575843846e-11
9.999999999899356062e-01,1.006436526575843685e-11,9.999999999899357173e-01,1.006436526575843846e-11
9.999999999899356062e-01,1.006436526575843685e-11,9.999999999899357173e-01,1.006436526575843846e-11
9.999999999899356062e-01,1.006436526575843685e-11,9.999999999899357173e-01,1.006436526575843846e-11
9.999999999899356062e-01,1.006436526575843685e-11,9.999999999899357173e-01,1.006436526575843846e-11
9.999999999899356062e-01,1.006436526575843685e-11,9.999999999899357173e-01,1.006436526575843846e-11
9.999999999899356062e-01,1.006436526575843685e-11,9.999999999899357173e-01,1.006436526575843846e-11
9.999999999899356062e-01,1.006436526575843685e-11,9.999999999899357173e-01,1.006436526575843846e-11
9.999999999899356062e-01,1.006436526575843685e-11,9.999999999899357173e-01,1.006436526575843846e-11
9.999999999899356062e-01,1.006436526575843685e-11,9.999999999899357173e-01,1.006436526575843846e-11
9.999999999899356062e-01,1.006436526575843685e-11,9.999999999899357173e-01,1.006436526575843846e-11
9.999999999899356062e-01,1.006436526575843685e-11,9.999999999899357173e-01,1.006436526575843846e-11
9.999999999899356062e-01,1.006436526575843685e-11,9.999999999899357173e-01,1.006436526575843846e-11
9.999999999899356062e-01,1.006436526575843685e-11,9.999999999899357173e-01,1.006436526575843846e-11
9.999999999899356062e-01,1.006436526575843685e-11,9.999999999899357173e-01,1.006436526575843846e-11
9.999999999899356062e-01,1.006436526575843685e-11,9.999999999899357173e-01,1.006436526575843846e-11
9.999999999899356062e-01,1.006436526575843685e-11,9.999999999899357173e-01,1.006436526575843846e-11
9.999999999899356062e-01,1.006436526575843685e-11,9.999999999899357173e-01,1.006436526575843846e-11
9.999999999899356062e-01,1.006436526575843685e-11,9.999999999899357173e-01,1.006436526575843846e-11
9.999999999899356062e-01,1.006436526575843685e-11,9.999999999899357173e-01,1.006436526575843846e-11
9.999999999899356062e-01,1.006436526575843685e-11,9.999999999899357173e-01,1.006436526575843846e-11
9.999999999899356062e-01,1.006436526575843685e-11,9.999999999899357173e-01,1.006436526575843846e-11
9.999999999899356062e-01,1.006436526575843685e-11,9.999999999899357173e-01,1.006436526575843846e-11
9.999999999908945059e-01,9.105508766929550297e-12,9.999999999908945059e-01,9.105508766929550297e-12
9.999999999942685847e-01,5.731468574245448509e-12,9.999999999942684736e-01,5.731468574245447701e-12
9.999999999899356062e-01,1.006436526575843523e-11,9.999999999899356062e-01,1.006436526575843685e-11
9.999999999899356062e-01,1.006436526575843685e-11,9.999999999899357173e-01,1.006436526575843846e-11
9.999999999899356062e-01,1.006436526575843685e-11,9.999999999899357173e-01,1.006436526575843846e-11
9.999999999899356062e-01,1.006436526575843685e-11,9.999999999899357173e-01,1.006436526575843846e-11
9.999999999899356062e-01,1.006436526575843685e-11,9.999999999899357173e-01,1.006436526575843846e-11
9.999999999899356062e-01,1.006436526575843685e-11,9.999999999899357173e-01,1.006436526575843846e-11
9.999999999899356062e-01,1.006436526575843685e-11,9.999999999899357173e-01,1.006436526575843846e-11
9.999999999899356062e-01,1.006436526575843685e-11,9.999999999899357173e-01,1.006436526575843846e-11
9.999999999899356062e-01,1.006436526575843685e-11,9.999999999899357173e-01,1.006436526575843846e-11
9.999999999899356062e-01,1.006436526575843685e-11,9.999999999899357173e-01,1.006436526575843846e-11
9.999999999899356062e-01,1.006436526575843685e-11,9.999999999899357173e-01,1.006436526575843846e-11
9.999999999899356062e-01,1.006436526575843685e-11,9.999999999899357173e-01,1.006436526575843846e-11
9.999999999955205832e-01,4.479402961086566610e-12,9.999999999955205832e-01,4.479402961086565802e-12
9.999999999899356062e-01,1.006436526575843523e-11,9.999999999899357173e-01,1.006436526575843685e-11
9.999999999899356062e-01,1.006436526575843685e-11,9.999999999899357173e-01,1.006436526575843846e-11
9.999999999899356062e-01,1.006436526575843685e-11,9.999999999899357173e-01,1.006436526575843846e-11
9.999999999899356062e-01,1.006436526575843685e-11,9.999999999899357173e-01,1.006436526575843846e-11
9.999999999899356062e-01,1.006436526575843685e-11,9.999999999899357173e-01,1.006436526575843846e-11
9.999999999899356062e-01,1.006436526575843685e-11,9.999999999899357173e-01,1.006436526575843846e-11
9.999999999899356062e-01,1.006436526575843685e-11,9.999999999899357173e-01,1.006436526575843846e-11
9.999999999899356062e-01,1.006436526575843685e-11,9.999999999899357173e-01,1.006436526575843846e-11
9.999999999899356062e-01,1.006436526575843685e-11,9.999999999899357173e-01,1.006436526575843846e-11
9.999999999899356062e-01,1.006436526575843685e-11,9.999999999899357173e-01,1.006436526575843846e-11
9.999999999899356062e-01,1.006436526575843685e-11,9.999999999899357173e-01,1.006436526575843846e-11
9.999999999932954742e-01,6.704528808002745863e-12,9.999999999932954742e-01,6.704528808002745863e-12
9.999999999899356062e-01,1.006436526575843523e-11,9.999999999899357173e-01,1.006436526575843685e-11
9.999999999899356062e-01,1.006436526575843685e-11,9.999999999899357173e-01,1.006436526575843846e-11
9.999999999899356062e-01,1.006436526575843685e-11,9.999999999899357173e-01,1.006436526575843846e-11
9.999999999899356062e-01,1.006436526575843685e-11,9.999999999899357173e-01,1.006436526575843846e-11
9.999999999899356062e-01,1.006436526575843685e-11,9.999999999899357173e-01,1.006436526575843846e-11
9.999999999899356062e-01,1.006436526575843685e-11,9.999999999899357173e-01,1.006436526575843846e-11
9.999999999899356062e-01,1.006436526575843685e-11,9.999999999899357173e-01,1.006436526575843846e-11
9.999999999899356062e-01,1.006436526575843685e-11,9.999999999899357173e-01,1.006436526575843846e-11
9.999999999899356062e-01,1.006436526575843685e-11,9.999999999899357173e-01,1.006436526575843846e-11
9.999999999899356062e-01,1.006436526575843685e-11,9.999999999899357173e-01,1.006436526575843846e-11
9.999999999899356062e-01,1.006436526575843685e-11,9.999999999899357173e-01,1.006436526575843846e-11
9.999999999899356062e-01,1.006436526575843685e-11,9.999999999899357173e-01,1.006436526575843846e-11
9.999999999899356062e-01,1.006436526575843685e-11,9.999999999899357173e-01,1.006436526575843846e-11
9.999999999899356062e-01,1.006436526575843685e-11,9.999999999899357173e-01,1.006436526575843846e-11
9.999999999899356062e-01,1.006436526575843685e-11,9.999999999899357173e-01,1.006436526575843846e-11
9.999999999899356062e-01,1.006436526575843685e-11,9.999999999899357173e-01,1.006436526575843846e-11
9.999999999899356062e-01,1.006436526575843685e-11,9.999999999899357173e-01,1.006436526575843846e-11
9.999999999899356062e-01,1.006436526575843685e-11,9.999999999899357173e-01,1.006436526575843846e-11
9.999999999899356062e-01,1.006436526575843685e-11,9.999999999899357173e-01,1.006436526575843846e-11
9.999999999899356062e-01,1.006436526575843685e-11,9.999999999899357173e-01,1.006436526575843846e-11
9.999999999954932717e-01,4.506725468265865215e-12,9.999999999954932717e-01,4.506725468265864407e-12
9.999999999899356062e-01,1.006436526575843523e-11,9.999999999899356062e-01,1.006436526575843685e-11
9.999999999899356062e-01,1.006436526575843685e-11,9.999999999899357173e-01,1.006436526575843846e-11
9.999999999910679227e-01,8.932022517738109090e-12,9.999999999910680337e-01,8.932022517738110705e-12
9.999999999899356062e-01,1.006436526575843685e-11,9.999999999899357173e-01,1.006436526575843685e-11
9.999999999899356062e-01,1.006436526575843685e-11,9.999999999899357173e-01,1.006436526575843846e-11
9.999999999899356062e-01,1.006436526575843685e-11,9.999999999899357173e-01,1.006436526575843846e-11
9.999999999899356062e-01,1.006436526575843685e-11,9.999999999899357173e-01,1.006436526575843846e-11
9.999999999899356062e-01,1.006436526575843685e-11,9.999999999899357173e-01,1.006436526575843846e-11
9.999999999899356062e-01,1.006436526575843685e-11,9.999999999899357173e-01,1.006436526575843846e-11
9.999999999899356062e-01,1.006436526575843685e-11,9.999999999899357173e-01,1.006436526575843846e-11
9.999999999899356062e-01,1.006436526575843685e-11,9.999999999899357173e-01,1.006436526575843846e-11
9.999999999953218532e-01,4.678158430736919449e-12,9.999999999953218532e-01,4.678158430736920256e-12
9.999999999899356062e-01,1.006436526575843523e-11,9.999999999899356062e-01,1.006436526575843523e-11
9.999999999899356062e-01,1.006436526575843685e-11,9.999999999899357173e-01,1.006436526575843846e-11
9.999999999899356062e-01,1.006436526575843685e-11,9.999999999899357173e-01,1.006436526575843846e-11
9.999999999899356062e-01,1.006436526575843685e-11,9.999999999899357173e-01,1.006436526575843846e-11
9.999999999899356062e-01,1.006436526575843685e-11,9.999999999899357173e-01,1.006436526575843846e-11
9.999999999899356062e-01,1.006436526575843685e-11,9.999999999899357173e-01,1.006436526575843846e-11
9.999999999899356062e-01,1.006436526575843685e-11,9.999999999899357173e-01,1.006436526575843846e-11
9.999999999953218532e-01,4.678158430736919449e-12,9.999999999953218532e-01,4.678158430736920256e-12
9.999999999899356062e-01,1.006436526575843523e-11,9.999999999899356062e-01,1.006436526575843523e-11
9.999999999899356062e-01,1.006436526575843685e-11,9.999999999899357173e-01,1.006436526575843846e-11
9.999999999899356062e-01,1.006436526575843685e-11,9.999999999899357173e-01,1.006436526575843846e-11
9.999999999899356062e-01,1.006436526575843685e-11,9.999999999899357173e-01,1.006436526575843846e-11
9.999999999899356062e-01,1.006436526575843685e-11,9.999999999899357173e-01,1.006436526575843846e-11
9.999999999899356062e-01,1.006436526575843685e-11,9.999999999899357173e-01,1.006436526575843846e-11
9.999999999953544938e-01,4.645487461601851066e-12,9.999999999953546048e-01,4.645487461601851874e-12
9.999999999899356062e-01,1.006436526575843523e-11,9.999999999899354952e-01,1.006436526575843523e-11
9.999999999899356062e-01,1.006436526575843685e-11,9.999999999899357173e-01,1.006436526575843846e-11
9.999999999899356062e-01,1.006436526575843685e-11,9.999999999899357173e-01,1.006436526575843846e-11
9.999999999899356062e-01,1.006436526575843685e-11,9.999999999899357173e-01,1.006436526575843846e-11
9.999999999899356062e-01,1.006436526575843685e-11,9.999999999899357173e-01,1.006436526575843846e-11
9.999999999899356062e-01,1.006436526575843685e-11,9.999999999899357173e-01,1.006436526575843846e-11
9.999999999899356062e-01,1.006436526575843685e-11,9.999999999899357173e-01,1.006436526575843846e-11
9.999999999899356062e-01,1.006436526575843685e-11,9.999999999899357173e-01,1.006436526575843846e-11
9.999999999899356062e-01,1.006436526575843685e-11,9.999999999899357173e-01,1.006436526575843846e-11
9.999999999899356062e-01,1.006436526575843685e-11,9.999999999899357173e-01,1.006436526575843846e-11
9.999999999899356062e-01,1.006436526575843685e-11,9.999999999899357173e-01,1.006436526575843846e-11
9.999999999899356062e-01,1.006436526575843685e-11,9.999999999899357173e-01,1.006436526575843846e-11
9.999999999899356062e-01,1.006436526575843685e-11,9.999999999899357173e-01,1.006436526575843846e-11
9.999999999899356062e-01,1.006436526575843685e-11,9.999999999899357173e-01,1.006436526575843846e-11
9.999999999899356062e-01,1.006436526575843685e-11,9.999999999899357173e-01,1.006436526575843846e-11
9.999999999899356062e-01,1.006436526575843685e-11,9.999999999899357173e-01,1.006436526575843846e-11
9.999999999899356062e-01,1.006436526575843685e-11,9.999999999899357173e-01,1.006436526575843846e-11
9.999999999933496531e-01,6.650344746592581766e-12,9.999999999933495420e-01,6.650344746592581766e-12
9.999999999899356062e-01,1.006436526575843523e-11,9.999999999899356062e-01,1.006436526575843685e-11
9.999999999899356062e-01,1.006436526575843685e-11,9.999999999899357173e-01,1.006436526575843846e-11
9.999999999899356062e-01,1.006436526575843685e-11,9.999999999899357173e-01,1.006436526575843846e-11
9.999999999922692950e-01,7.730700947437534524e-12,9.999999999922692950e-01,7.730700947437532908e-12
9.999999999946250773e-01,5.374910414203605534e-12,9.999999999946251883e-01,5.374910414203605534e-12
9.999999999899356062e-01,1.006436526575843523e-11,9.999999999899357173e-01,1.006436526575843685e-11
9.999999999899356062e-01,1.006436526575843685e-11,9.999999999899357173e-01,1.006436526575843846e-11
9.999999999899356062e-01,1.006436526575843685e-11,9.999999999899357173e-01,1.006436526575843846e-11
9.999999999899356062e-01,1.006436526575843685e-11,9.999999999899357173e-01,1.006436526575843846e-11
9.999999999899356062e-01,1.006436526575843685e-11,9.999999999899357173e-01,1.006436526575843846e-11
9.999999999899356062e-01,1.006436526575843685e-11,9.999999999899357173e-01,1.006436526575843846e-11
9.999999999899356062e-01,1.006436526575843685e-11,9.999999999899357173e-01,1.006436526575843846e-11
9.999999999899356062e-01,1.006436526575843685e-11,9.999999999899357173e-01,1.006436526575843846e-11
9.999999999899356062e-01,1.006436526575843685e-11,9.999999999899357173e-01,1.006436526575843846e-11
9.999999999899356062e-01,1.006436526575843685e-11,9.999999999899357173e-01,1.006436526575843846e-11
9.999999999899356062e-01,1.006436526575843685e-11,9.999999999899357173e-01,1.006436526575843846e-11
9.999999999899356062e-01,1.006436526575843685e-11,9.999999999899357173e-01,1.006436526575843846e-11
9.999999999899356062e-01,1.006436526575843685e-11,9.999999999899357173e-01,1.006436526575843846e-11
9.999999999899356062e-01,1.006436526575843685e-11,9.999999999899357173e-01,1.006436526575843846e-11
9.999999999899356062e-01,1.006436526575843685e-11,9.999999999899357173e-01,1.006436526575843846e-11
9.999999999899356062e-01,1.006436526575843685e-11,9.999999999899357173e-01,1.006436526575843846e-11
9.999999999899356062e-01,1.006436526575843685e-11,9.999999999899357173e-01,1.006436526575843846e-11
9.999999999899356062e-01,1.006436526575843685e-11,9.999999999899357173e-01,1.006436526575843846e-11
9.999999999899356062e-01,1.006436526575843685e-11,9.999999999899357173e-01,1.006436526575843846e-11
9.999999999899356062e-01,1.006436526575843685e-11,9.999999999899357173e-01,1.006436526575843846e-11
9.999999999899356062e-01,1.006436526575843685e-11,9.999999999899357173e-01,1.006436526575843846e-11
9.999999999899356062e-01,1.006436526575843685e-11,9.999999999899357173e-01,1.006436526575843846e-11
9.999999999899356062e-01,1.006436526575843685e-11,9.999999999899357173e-01,1.006436526575843846e-11
9.999999999899356062e-01,1.006436526575843685e-11,9.999999999899357173e-01,1.006436526575843846e-11
9.999999999899356062e-01,1.006436526575843685e-11,9.999999999899357173e-01,1.006436526575843846e-11
9.999999999899356062e-01,1.006436526575843685e-11,9.999999999899357173e-01,1.006436526575843846e-11
9.999999999937111417e-01,6.288878759581672316e-12,9.999999999937111417e-01,6.288878759581671508e-12
9.999999999899356062e-01,1.006436526575843523e-11,9.999999999899356062e-01,1.006436526575843523e-11
9.999999999860557098e-01,1.394431753183075197e-11,9.999999999860555988e-01,1.394431753183075197e-11
9.999999999944296780e-01,5.570273398741650884e-12,9.999999999944296780e-01,5.570273398741650076e-12
9.999999003762686245e-01,9.962373135480662624e-08,9.999999003762686245e-01,9.962373135480662624e-08
9.999999003762687355e-01,9.962373135480662624e-08,9.999999003762686245e-01,9.962373135480662624e-08
9.999999003762687355e-01,9.962373135480662624e-08,9.999999003762686245e-01,9.962373135480662624e-08
9.999999003762687355e-01,9.962373135480662624e-08,9.999999003762686245e-01,9.962373135480662624e-08
9.999999003762687355e-01,9.962373135480662624e-08,9.999999003762686245e-01,9.962373135480662624e-08
9.999999003762687355e-01,9.962373135480662624e-08,9.999999003762686245e-01,9.962373135480662624e-08
9.999999003762687355e-01,9.962373135480662624e-08,9.999999003762686245e-01,9.962373135480662624e-08
9.999999003762687355e-01,9.962373135480662624e-08,9.999999003762686245e-01,9.962373135480662624e-08
9.999999003762687355e-01,9.962373135480662624e-08,9.999999003762686245e-01,9.962373135480662624e-08
9.999999003762687355e-01,9.962373135480662624e-08,9.999999003762686245e-01,9.962373135480662624e-08
9.999999003762687355e-01,9.962373135480662624e-08,9.999999003762686245e-01,9.962373135480662624e-08
9.999999003762687355e-01,9.962373135480662624e-08,9.999999003762686245e-01,9.962373135480662624e-08
9.999999003762687355e-01,9.962373135480662624e-08,9.999999003762686245e-01,9.962373135480662624e-08
9.999999003762687355e-01,9.962373135480662624e-08,9.999999003762686245e-01,9.962373135480662624e-08
9.999999003762687355e-01,9.962373135480662624e-08,9.999999003762686245e-01,9.962373135480662624e-08
9.999999003762687355e-01,9.962373135480662624e-08,9.999999003762686245e-01,9.962373135480662624e-08
9.999999003762687355e-01,9.962373135480662624e-08,9.999999003762686245e-01,9.962373135480662624e-08
9.999999003762687355e-01,9.962373135480662624e-08,9.999999003762686245e-01,9.962373135480662624e-08
9.999999003762687355e-01,9.962373135480662624e-08,9.999999003762686245e-01,9.962373135480662624e-08
9.999999003762687355e-01,9.962373135480662624e-08,9.999999003762686245e-01,9.962373135480662624e-08
9.999999003762687355e-01,9.962373135480662624e-08,9.999999003762686245e-01,9.962373135480662624e-08
9.999999003762687355e-01,9.962373135480662624e-08,9.999999003762686245e-01,9.962373135480662624e-08
9.999999003762687355e-01,9.962373135480662624e-08,9.999999003762686245e-01,9.962373135480662624e-08
9.999999003762687355e-01,9.962373135480662624e-08,9.999999003762686245e-01,9.962373135480662624e-08
9.999999003762687355e-01,9.962373135480662624e-08,9.999999003762686245e-01,9.962373135480662624e-08
9.999999003762687355e-01,9.962373135480662624e-08,9.999999003762686245e-01,9.962373135480662624e-08
9.999999003762687355e-01,9.962373135480662624e-08,9.999999003762686245e-01,9.962373135480662624e-08
9.999999003762687355e-01,9.962373135480662624e-08,9.999999003762686245e-01,9.962373135480662624e-08
9.999999003762687355e-01,9.962373135480662624e-08,9.999999003762686245e-01,9.962373135480662624e-08
9.999999003762687355e-01,9.962373135480662624e-08,9.999999003762686245e-01,9.962373135480662624e-08
9.999999999899356062e-01,1.006436526575843523e-11,9.999999999899356062e-01,1.006436526575843685e-11
9.999999999899356062e-01,1.006436526575843685e-11,9.999999999899357173e-01,1.006436526575843846e-11
9.999999999913983251e-01,8.601674835982172858e-12,9.999999999913984361e-01,8.601674835982172858e-12
9.999999999943958162e-01,5.604174516204302312e-12,9.999999999943957052e-01,5.604174516204301504e-12
7.552308208630153780e-14,9.999999999999245048e-01,7.552308208630153780e-14,9.999999999999245048e-01
8.282882430931687010e-39,1.000000000000000000e+00,8.282882430931687010e-39,1.000000000000000000e+00
2.660874161053555654e-54,1.000000000000000000e+00,2.660874161053555654e-54,1.000000000000000000e+00
1.280513414457660445e-29,1.000000000000000000e+00,1.280513414457660165e-29,1.000000000000000000e+00
8.282882430931687010e-39,1.000000000000000000e+00,8.282882430931687010e-39,1.000000000000000000e+00
9.999999999905299086e-01,9.470110775080670271e-12,9.999999999905299086e-01,9.470110775080668656e-12
9.999999999899356062e-01,1.006436526575843685e-11,9.999999999899357173e-01,1.006436526575843685e-11
3.205186936463275474e-05,9.999679481306353868e-01,3.205186936463275474e-05,9.999679481306352757e-01
1.911837754375326853e-32,1.000000000000000000e+00,1.911837754375326853e-32,1.000000000000000000e+00
1.909432868935981671e-06,9.999980905671310705e-01,1.909432868935981671e-06,9.999980905671310705e-01
4.701494535545460568e-02,9.529850546445454151e-01,4.701494535545460568e-02,9.529850546445454151e-01
9.978702591860102444e-01,2.129740813989732581e-03,9.978702591860102444e-01,2.129740813989732581e-03
5.075134280216156077e-03,9.949248657197837797e-01,5.075134280216156077e-03,9.949248657197838908e-01
9.999912770566482534e-01,8.722943351635887302e-06,9.999912770566483644e-01,8.722943351635890690e-06
9.999999999916409088e-01,8.359062569345343249e-12,9.999999999916409088e-01,8.359062569345341633e-12
9.999999999954979346e-01,4.502010443784637151e-12,9.999999999954980456e-01,4.502010443784637959e-12
9.999999999954549690e-01,4.544940010481067226e-12,9.999999999954550800e-01,4.544940010481067226e-12
9.999999999542145135e-01,4.578553539534773487e-11,9.999999999542145135e-01,4.578553539534772841e-11
9.999999999906338255e-01,9.366147880855780401e-12,9.999999999906338255e-01,9.366147880855782017e-12
9.999999999955432317e-01,4.456731138809823924e-12,9.999999999955433427e-01,4.456731138809824732e-12
9.999999999944296780e-01,5.570273398741650076e-12,9.999999999944297890e-01,5.570273398741650076e-12
9.999999999946544982e-01,5.345521493496613213e-12,9.999999999946544982e-01,5.345521493496612405e-12
9.999999999928261829e-01,7.173779663611029538e-12,9.999999999928261829e-01,7.173779663611029538e-12
9.999999999906338255e-01,9.366147880855780401e-12,9.999999999906338255e-01,9.366147880855780401e-12
9.999999999650964755e-01,3.490349648769413991e-11,9.999999999650965865e-01,3.490349648769414637e-11
9.999999999937111417e-01,6.288878759581672316e-12,9.999999999937110307e-01,6.288878759581670701e-12
9.999999999948925300e-01,5.107369090437681211e-12,9.999999999948926410e-01,5.107369090437681211e-12
9.999999997909720939e-01,2.090278510386367093e-10,9.999999997909720939e-01,2.090278510386367351e-10
9.999912770566483644e-01,8.722943351635888996e-06,9.999912770566483644e-01,8.722943351635890690e-06
9.999999978183631288e-01,2.181636924965271833e-09,9.999999978183630178e-01,2.181636924965271833e-09
9.999996165722054853e-01,3.834277945106530073e-07,9.999996165722055963e-01,3.834277945106530603e-07
2.800694639580131318e-01,7.199305360419868682e-01,2.800694639580130763e-01,7.199305360419868682e-01
9.999999999952164931e-01,4.783576317999332176e-12,9.999999999952164931e-01,4.783576317999331368e-12
1.024093259721671115e-07,9.999998975906739807e-01,1.024093259721671248e-07,9.999998975906740917e-01
9.999999999203141865e-01,7.968584051372260117e-11,9.999999999203141865e-01,7.968584051372260117e-11
9.999999999720921018e-01,2.790791985157553351e-11,9.999999999720921018e-01,2.790791985157553351e-11
9.999999999919976235e-01,8.002350202428296367e-12,9.999999999919976235e-01,8.002350202428296367e-12
9.999999999938302686e-01,6.169712484172561572e-12,9.999999999938302686e-01,6.169712484172560764e-12
9.999999999947764007e-01,5.223516961192327421e-12,9.999999999947765117e-01,5.223516961192327421e-12
9.999999987502280474e-01,1.249771974204332617e-09,9.999999987502280474e-01,1.249771974204332617e-09
9.999999999809391360e-01,1.906088482989039136e-11,9.999999999809391360e-01,1.906088482989039136e-11
9.999998453444800539e-01,1.546555199387388826e-07,9.999998453444800539e-01,1.546555199387389090e-07
9.999696545150301707e-01,3.034548496989705727e-05,9.999696545150301707e-01,3.034548496989705727e-05
9.999996165722055963e-01,3.834277945106530603e-07,9.999996165722054853e-01,3.834277945106530073e-07
1.911837754375327127e-32,1.000000000000000000e+00,1.911837754375326853e-32,1.000000000000000000e+00
7.891091843195124261e-190,1.000000000000000000e+00,7.891091843195123265e-190,1.000000000000000000e+00
3.869696153150460501e-116,1.000000000000000000e+00,3.869696153150460501e-116,1.000000000000000000e+00
1.000000000000000000e+00,3.869696153150460199e-106,1.166025412870957756e-242,1.000000000000000000e+00
1.166025412853989982e-232,1.000000000000000000e+00,2.142316050022731146e-165,1.000000000000000000e+00
1.729472159143783970e-86,1.000000000000000000e+00,1.729472159143783970e-86,1.000000000000000000e+00
3.869696153150461064e-116,1.000000000000000000e+00,3.869696153150460501e-116,1.000000000000000000e+00
1.000000000000000000e+00,3.869696153150460199e-106,1.373808131937806415e-266,1.000000000000000000e+00
1.000000000000000000e+00,1.373808131947802168e-256,6.508554717936498460e-69,1.000000000000000000e+00
3.205186936463275474e-05,9.999679481306352757e-01,3.205186936463276151e-05,9.999679481306353868e-01
9.999999999773967474e-01,2.260333082498428119e-11,9.999999999773966364e-01,2.260333082498428443e-11
9.999999845245973740e-01,1.547540265968730546e-08,9.999999845245973740e-01,1.547540265968730546e-08
9.887602347578714479e-01,1.123976524212856425e-02,9.887602347578714479e-01,1.123976524212856425e-02
9.999999999809391360e-01,1.906088482989039459e-11,9.999999999809391360e-01,1.906088482989039136e-11
5.646231525418062876e-22,1.000000000000000000e+00,5.646231525418062876e-22,1.000000000000000000e+00
1.280513414457660445e-29,1.000000000000000000e+00,1.280513414457660165e-29,1.000000000000000000e+00
7.552308208630155042e-14,9.999999999999245048e-01,7.552308208630153780e-14,9.999999999999245048e-01
8.800956425726314560e-125,1.000000000000000000e+00,8.800956425726314560e-125,1.000000000000000000e+00
7.891091843239298869e-190,1.000000000000000000e+00,7.891091843195123265e-190,1.000000000000000000e+00
9.452084402535285701e-01,5.479155974647140909e-02,9.452084402535285701e-01,5.479155974647140909e-02
9.999999923441931227e-01,7.655806880215143900e-09,9.999999923441931227e-01,7.655806880215143900e-09
9.999999999720921018e-01,2.790791985157553674e-11,9.999999999720921018e-01,2.790791985157553351e-11
4.237959541156439990e-04,9.995762040458844311e-01,4.237959541156439990e-04,9.995762040458844311e-01
4.600492363018045496e-46,1.000000000000000000e+00,4.600492363018045496e-46,1.000000000000000000e+00
1.426803342109171157e-171,1.000000000000000000e+00,1.426803342109171157e-171,1.000000000000000000e+00
1.000000000000000000e+00,2.958137658421011227e-66,2.868567708338909362e-249,1.000000000000000000e+00
8.282882430931685705e-39,1.000000000000000000e+00,8.282882430931687010e-39,1.000000000000000000e+00
2.900305680540357147e-42,1.000000000000000000e+00,2.900305680540357784e-42,1.000000000000000000e+00
7.171004187915784867e-01,2.828995812084214578e-01,7.171004187915785977e-01,2.828995812084214578e-01
9.999999998902971976e-01,1.097029182977391872e-10,9.999999998902970866e-01,1.097029182977391872e-10
9.999998453444800539e-01,1.546555199387388561e-07,9.999998453444800539e-01,1.546555199387388826e-07
9.978702591860103555e-01,2.129740813989733014e-03,9.978702591860101334e-01,2.129740813989732147e-03
9.999999998528751322e-01,1.471248556211300217e-10,9.999999998528751322e-01,1.471248556211300475e-10
9.887602347578714479e-01,1.123976524212856425e-02,9.887602347578714479e-01,1.123976524212856425e-02
9.999999992258555848e-01,7.741444925212096156e-10,9.999999992258554737e-01,7.741444925212095122e-10
9.999999999954979346e-01,4.502010443784637151e-12,9.999999999954979346e-01,4.502010443784637959e-12
9.999999999894058078e-01,1.059421469908546847e-11,9.999999999894058078e-01,1.059421469908546523e-11
9.999999999954136687e-01,4.586312181184094466e-12,9.999999999954136687e-01,4.586312181184095273e-12
9.999999999954136687e-01,4.586312181184095273e-12,9.999999999954136687e-01,4.586312181184095273e-12
9.999999999949931162e-01,5.006829722119050515e-12,9.999999999949931162e-01,5.006829722119050515e-12
9.999999999939095385e-01,6.090412875474225856e-12,9.999999999939096496e-01,6.090412875474226664e-12
9.999999999939095385e-01,6.090412875496382825e-12,9.999999999939096496e-01,6.090412875496382825e-12
9.999999999411373075e-01,5.886277232090517258e-11,9.999999999411371965e-01,5.886277232090515965e-11
9.999999999906338255e-01,9.366147880855780401e-12,9.999999999906338255e-01,9.366147880855782017e-12
9.999989299898902617e-01,1.070010109746612595e-06,9.999989299898902617e-01,1.070010109746612806e-06
9.999999987502280474e-01,1.249771974204332617e-09,9.999999987502279364e-01,1.249771974204332617e-09
9.999989299898902617e-01,1.070010109746612595e-06,9.999989299898902617e-01,1.070010109746612595e-06
2.142316050022731146e-165,1.000000000000000000e+00,2.142316050022731146e-165,1.000000000000000000e+00
9.999999995101670480e-01,4.898329619689138229e-10,9.999999995101670480e-01,4.898329619706957767e-10
9.999999999948926410e-01,5.107369090437681211e-12,9.999999999948925300e-01,5.107369090437681211e-12
9.999999999954614083e-01,4.538601109210478302e-12,9.999999999954614083e-01,4.538601109210477494e-12
4.600492363018045496e-46,1.000000000000000000e+00,4.600492363018045496e-46,1.000000000000000000e+00
7.348060591979191301e-144,1.000000000000000000e+00,7.348060591979191301e-144,1.000000000000000000e+00
2.982002227203354677e-74,1.000000000000000000e+00,2.982002227203354677e-74,1.000000000000000000e+00
2.840580769842897999e-152,1.000000000000000000e+00,1.613056714162823143e-129,1.000000000000000000e+00
1.000000000000000000e+00,6.592914727517568621e-30,4.789812143265096416e-271,1.000000000000000000e+00
1.000000000000000000e+00,5.419418253036501789e-180,7.348060591979191301e-144,1.000000000000000000e+00
8.282882430931687010e-39,1.000000000000000000e+00,8.282882430931687010e-39,1.000000000000000000e+00
2.027498329444844758e-136,1.000000000000000000e+00,2.027498329444844758e-136,1.000000000000000000e+00
3.609359889268852916e-119,1.000000000000000000e+00,8.339384649503318259e-141,1.000000000000000000e+00
9.999999999851995058e-01,1.480051837421375786e-11,1.313782593746505688e-150,1.000000000000000000e+00
9.999999999991804334e-01,8.196007583560827135e-13,1.584999262053430558e-48,1.000000000000000000e+00
6.380622093584693678e-53,1.000000000000000000e+00,9.999999998999999750e-11,9.999999998999999917e-01
8.761326079099146099e-136,1.000000000000000000e+00,5.712170704337336817e-125,1.000000000000000000e+00
2.536650842818095338e-57,1.000000000000000000e+00,2.509755686244595758e-301,1.000000000000000000e+00
2.699397791833518836e-129,1.000000000000000000e+00,1.479894113268009995e-53,1.000000000000000000e+00
1.000000000000000000e+00,1.479894113262625958e-43,1.360261536130119985e-319,1.000000000000000000e+00
9.295339798772292994e-01,7.046602012277070060e-02,2.868567708338909362e-249,1.000000000000000000e+00
1.000000000000000000e+00,2.868567708391088445e-239,8.800956425726314560e-125,1.000000000000000000e+00
1.000000000000000000e+00,8.800956425630260698e-115,1.133231708847733697e-217,1.000000000000000000e+00
4.238036665394017879e-09,9.999999957619633006e-01,4.238036665394018706e-09,9.999999957619633006e-01
9.999999992258554737e-01,7.741444925212096156e-10,9.999999992258554737e-01,7.741444925212096156e-10
9.999971298270134978e-01,2.870172986531674650e-06,9.999971298270133868e-01,2.870172986531674650e-06
7.171004187915785977e-01,2.828995812084214578e-01,7.171004187915785977e-01,2.828995812084214578e-01
1.331061532865472957e-10,9.999999998668939183e-01,1.331061532865472957e-10,9.999999998668939183e-01
9.978702591860103555e-01,2.129740813989733014e-03,9.978702591860102444e-01,2.129740813989732581e-03
3.118280795930570244e-12,9.999999999968817166e-01,3.118280795930570648e-12,9.999999999968818276e-01
9.452084402535286811e-01,5.479155974647141603e-02,9.452084402535285701e-01,5.479155974647140909e-02
9.999989299898902617e-01,1.070010109746612806e-06,9.999989299898902617e-01,1.070010109746612595e-06
1.331061532865472957e-10,9.999999998668939183e-01,1.331061532865472698e-10,9.999999998668938073e-01
9.999971298270134978e-01,2.870172986531675074e-06,9.999971298270134978e-01,2.870172986531674650e-06
1.331061532865472698e-10,9.999999998668939183e-01,1.331061532865472698e-10,9.999999998668938073e-01
9.999999352164863353e-01,6.478351360437163970e-08,9.999999352164864463e-01,6.478351360437162646e-08
9.999999352164863353e-01,6.478351360437162646e-08,9.999999352164863353e-01,6.478351360437163970e-08
9.999999923441931227e-01,7.655806880215143900e-09,9.999999923441931227e-01,7.655806880215143900e-09
9.438928158291430285e-16,9.999999999999990008e-01,9.438928158291430285e-16,9.999999999999991118e-01
3.118280795930570244e-12,9.999999999968818276e-01,3.118280795930569840e-12,9.999999999968817166e-01
3.118280795930570244e-12,9.999999999968817166e-01,3.118280795930569840e-12,9.999999999968817166e-01
9.995273477505126625e-01,4.726522494873303722e-04,9.995273477505126625e-01,4.726522494873303722e-04
1.280513414457660165e-29,1.000000000000000000e+00,1.280513414457660165e-29,1.000000000000000000e+00
4.238036665394017052e-09,9.999999957619631896e-01,4.238036665394018706e-09,9.999999957619633006e-01
9.999696545150301707e-01,3.034548496989706405e-05,9.999696545150301707e-01,3.034548496989706066e-05
9.999696545150300597e-01,3.034548496989705727e-05,9.999696545150301707e-01,3.034548496989706405e-05
9.012425899322689377e-20,1.000000000000000000e+00,9.012425899322691784e-20,1.000000000000000000e+00
6.508554717936497431e-69,1.000000000000000000e+00,6.508554717936498460e-69,1.000000000000000000e+00
9.438928158291430285e-16,9.999999999999990008e-01,9.438928158291430285e-16,9.999999999999991118e-01
9.999999960903752649e-01,3.909624719518067126e-09,9.999999960903752649e-01,3.909624719518067126e-09
2.411949648332231817e-24,1.000000000000000000e+00,2.411949648332231817e-24,1.000000000000000000e+00
3.205186936463276151e-05,9.999679481306353868e-01,3.205186936463276151e-05,9.999679481306353868e-01
9.999999992258554737e-01,7.741444925212095122e-10,9.999999992258555848e-01,7.741444925212096156e-10
9.999999698367983969e-01,3.016320162183263974e-08,9.999999698367983969e-01,3.016320162183264636e-08
4.237959541156439448e-04,9.995762040458843201e-01,4.237959541156439990e-04,9.995762040458843201e-01
7.552308208630153780e-14,9.999999999999245048e-01,7.552308208630153780e-14,9.999999999999245048e-01
1.024093259721671115e-07,9.999998975906739807e-01,1.024093259721671115e-07,9.999998975906739807e-01
4.238036665394018706e-09,9.999999957619633006e-01,4.238036665394018706e-09,9.999999957619633006e-01
9.999996165722054853e-01,3.834277945106530073e-07,9.999996165722054853e-01,3.834277945106530073e-07
9.999999998902970866e-01,1.097029182977391743e-10,9.999999998902970866e-01,1.097029182977391743e-10
9.999999999860557098e-01,1.394431753183075035e-11,9.999999999860557098e-01,1.394431753183075035e-11
9.995273477505126625e-01,4.726522494873303722e-04,9.995273477505126625e-01,4.726522494873303722e-04
4.238036665394018706e-09,9.999999957619634117e-01,4.238036665394018706e-09,9.999999957619633006e-01
9.999996165722054853e-01,3.834277945106530073e-07,9.999996165722054853e-01,3.834277945106530073e-07
4.237959541156439990e-04,9.995762040458843201e-01,4.237959541156439448e-04,9.995762040458843201e-01
9.998888664506997426e-01,1.111335493002679856e-04,9.998888664506997426e-01,1.111335493002679720e-04
4.237959541156439990e-04,9.995762040458844311e-01,4.237959541156439990e-04,9.995762040458843201e-01
9.995273477505127735e-01,4.726522494873304264e-04,9.995273477505126625e-01,4.726522494873303722e-04
4.109082433410490599e-50,1.000000000000000000e+00,4.109082433410490599e-50,1.000000000000000000e+00
4.237959541156439990e-04,9.995762040458843201e-01,4.237959541156439448e-04,9.995762040458843201e-01
6.508554717936497431e-69,1.000000000000000000e+00,6.508554717936497431e-69,1.000000000000000000e+00
5.646231525418062876e-22,1.000000000000000000e+00,5.646231525418062876e-22,1.000000000000000000e+00
7.552308208630155042e-14,9.999999999999245048e-01,7.552308208630153780e-14,9.999999999999245048e-01
4.500959010734504431e-134,1.000000000000000000e+00,4.500959010734504431e-134,1.000000000000000000e+00
9.999999999809391360e-01,1.906088482995973236e-11,9.999999999809390250e-01,1.906088482989038813e-11
7.552308208657628859e-14,9.999999999999245048e-01,7.552308208657627597e-14,9.999999999999243938e-01
9.999998453444800539e-01,1.546555199387388826e-07,9.999998453444800539e-01,1.546555199387388826e-07
9.999912770566483644e-01,8.722943351635888996e-06,9.999912770566483644e-01,8.722943351635888996e-06
9.999999998528751322e-01,1.471248556211300734e-10,9.999999998528751322e-01,1.471248556211300475e-10
9.999999999650964755e-01,3.490349648769413991e-11,9.999999999650965865e-01,3.490349648769413991e-11
9.999999960903752649e-01,3.909624719518067126e-09,9.999999960903752649e-01,3.909624719518067953e-09
9.999912770566483644e-01,8.722943351635890690e-06,9.999912770566483644e-01,8.722943351635887302e-06
3.397932514647023074e-80,1.000000000000000000e+00,3.397932514647023074e-80,1.000000000000000000e+00
6.045497240046953598e-108,1.000000000000000000e+00,6.045497240046952841e-108,1.000000000000000000e+00
3.869696153150460501e-116,1.000000000000000000e+00,3.869696153150460501e-116,1.000000000000000000e+00
4.238036665394018706e-09,9.999999957619633006e-01,4.238036665394018706e-09,9.999999957619633006e-01
2.165113646092310944e-74,1.000000000000000000e+00,2.165113646092310551e-74,1.000000000000000000e+00
9.998888664506997426e-01,1.111335493002679720e-04,9.998888664506996315e-01,1.111335493002679720e-04
9.525930785774948898e-64,1.000000000000000000e+00,9.525930785774950248e-64,1.000000000000000000e+00
1.807898221812568574e-35,1.000000000000000000e+00,1.807898221812568574e-35,1.000000000000000000e+00
1.909432868935981671e-06,9.999980905671310705e-01,1.909432868935981671e-06,9.999980905671310705e-01
9.352388814067828455e-59,1.000000000000000000e+00,9.352388814067828455e-59,1.000000000000000000e+00
6.877579828410528122e-27,1.000000000000000000e+00,6.877579828410528122e-27,1.000000000000000000e+00
6.877579828410526687e-27,1.000000000000000000e+00,6.877579828410528122e-27,1.000000000000000000e+00
9.999971298270134978e-01,2.870172986531674650e-06,9.999971298270133868e-01,2.870172986531674650e-06
2.165113646092310944e-74,1.000000000000000000e+00,2.165113646092310944e-74,1.000000000000000000e+00
2.350216348700783681e-154,1.000000000000000000e+00,2.350216348692233318e-154,1.000000000000000000e+00
1.911837754375327127e-32,1.000000000000000000e+00,1.911837754375327127e-32,1.000000000000000000e+00
1.204632648634710935e-17,1.000000000000000000e+00,1.204632648634710935e-17,1.000000000000000000e+00
1.729472159143783970e-86,1.000000000000000000e+00,1.729472159143783970e-86,1.000000000000000000e+00
6.508554717936497431e-69,1.000000000000000000e+00,6.508554717936498460e-69,1.000000000000000000e+00
3.397932514647023074e-80,1.000000000000000000e+00,3.397932514647023074e-80,1.000000000000000000e+00
2.660874161053555654e-54,1.000000000000000000e+00,2.660874161053555654e-54,1.000000000000000000e+00
4.109082433410490599e-50,1.000000000000000000e+00,4.109082433410490599e-50,1.000000000000000000e+00
3.118280795930570244e-12,9.999999999968817166e-01,3.118280795930569840e-12,9.999999999968817166e-01
1.729472159143783970e-86,1.000000000000000000e+00,1.729472159143783970e-86,1.000000000000000000e+00
2.647869429096513177e-203,1.000000000000000000e+00,2.647869429096513177e-203,1.000000000000000000e+00
2.900305680540357147e-42,1.000000000000000000e+00,2.900305680540357784e-42,1.000000000000000000e+00
9.998888664506997426e-01,1.111335493002679856e-04,9.998888664506996315e-01,1.111335493002679720e-04
1.911837754375327127e-32,1.000000000000000000e+00,1.911837754375327127e-32,1.000000000000000000e+00
9.999912770566483644e-01,8.722943351635890690e-06,9.999912770566483644e-01,8.722943351635888996e-06
9.999999999928261829e-01,7.173779663611029538e-12,9.999999999928261829e-01,7.173779663611029538e-12
9.999999999954614083e-01,4.538601109210478302e-12,9.999999999954614083e-01,4.538601109210478302e-12
9.999999987502280474e-01,1.249771974204332617e-09,9.999999987502280474e-01,1.249771974204332617e-09
9.999999999894058078e-01,1.059421469908546685e-11,9.999999999894058078e-01,1.059421469908546685e-11
9.999999995101670480e-01,4.898329619706957767e-10,9.999999995101670480e-01,4.898329619706956733e-10
7.552308208657630121e-14,9.999999999999245048e-01,7.552308208657627597e-14,9.999999999999243938e-01
2.900305680540357784e-42,1.000000000000000000e+00,2.900305680540357784e-42,1.000000000000000000e+00
1.089121241500915342e-153,1.000000000000000000e+00,1.089121241500915342e-153,1.000000000000000000e+00
1.000000000000000000e+00,8.956821834972343063e-36,1.645146773963836306e-304,1.000000000000000000e+00
9.999999137801359739e-01,8.621986401858157033e-08,9.999999137801359739e-01,8.621986401858158357e-08
9.999999137801359739e-01,8.621986401858157033e-08,9.999999137801359739e-01,8.621986401858157033e-08
9.999999137801359739e-01,8.621986401858157033e-08,9.999999137801359739e-01,8.621986401858157033e-08
9.999999137801359739e-01,8.621986401858157033e-08,9.999999137801359739e-01,8.621986401858157033e-08
9.999999137801359739e-01,8.621986401858157033e-08,9.999999137801359739e-01,8.621986401858158357e-08
9.999999137801359739e-01,8.621986401858157033e-08,9.999999137801359739e-01,8.621986401858157033e-08
9.999999137801359739e-01,8.621986401858157033e-08,9.999999137801359739e-01,8.621986401858157033e-08
9.999999137801359739e-01,8.621986401858157033e-08,9.999999137801359739e-01,8.621986401858157033e-08
9.999999137801359739e-01,8.621986401858157033e-08,9.999999137801359739e-01,8.621986401858158357e-08
9.999999137801359739e-01,8.621986401858157033e-08,9.999999137801359739e-01,8.621986401858157033e-08
9.999999137801359739e-01,8.621986401858157033e-08,9.999999137801359739e-01,8.621986401858157033e-08
9.999999137801359739e-01,8.621986401858157033e-08,9.999999137801359739e-01,8.621986401858157033e-08
9.999999137801359739e-01,8.621986401858157033e-08,9.999999137801359739e-01,8.621986401858158357e-08
9.999999137801359739e-01,8.621986401858157033e-08,9.999999137801359739e-01,8.621986401858157033e-08
9.999999137801359739e-01,8.621986401858157033e-08,9.999999137801359739e-01,8.621986401858157033e-08
9.999999137801359739e-01,8.621986401858157033e-08,9.999999137801359739e-01,8.621986401858157033e-08
9.999999137801359739e-01,8.621986401858157033e-08,9.999999137801359739e-01,8.621986401858158357e-08
9.999999137801359739e-01,8.621986401858157033e-08,9.999999137801359739e-01,8.621986401858157033e-08
9.999999137801359739e-01,8.621986401858157033e-08,9.999999137801359739e-01,8.621986401858157033e-08
9.999999137801359739e-01,8.621986401858157033e-08,9.999999137801359739e-01,8.621986401858157033e-08
9.999989299898902617e-01,1.070010109746612595e-06,9.999989299898902617e-01,1.070010109746612806e-06
8.282882430931688315e-39,1.000000000000000000e+00,8.282882430931688315e-39,1.000000000000000000e+00
2.411949648332232185e-24,1.000000000000000000e+00,2.411949648332231817e-24,1.000000000000000000e+00
6.508554717936497431e-69,1.000000000000000000e+00,6.508554717936498460e-69,1.000000000000000000e+00
2.660874161043875206e-54,1.000000000000000000e+00,2.660874161043875206e-54,1.000000000000000000e+00
1.204632648634710935e-17,1.000000000000000000e+00,1.204632648634710935e-17,1.000000000000000000e+00
1.911837754375327127e-32,1.000000000000000000e+00,1.911837754375327127e-32,1.000000000000000000e+00
1.280513414457660165e-29,1.000000000000000000e+00,1.280513414457660165e-29,1.000000000000000000e+00
9.999999999923419036e-01,7.658139894165722135e-12,9.999999999923419036e-01,7.658139894165722135e-12
9.999999999837737574e-01,1.622624383842845725e-11,9.999999999837737574e-01,1.622624383842845725e-11
9.999996165722054853e-01,3.834277945106530603e-07,9.999996165722054853e-01,3.834277945106530073e-07
9.999999999860557098e-01,1.394431753183075197e-11,9.999999999860557098e-01,1.394431753183075197e-11
9.999999999953218532e-01,4.678158430736919449e-12,9.999999999953218532e-01,4.678158430736919449e-12
9.999999999948925300e-01,5.107369090437681211e-12,9.999999999948926410e-01,5.107369090437681211e-12
9.999999999933920636e-01,6.607938860846715526e-12,9.999999999933921746e-01,6.607938860846715526e-12
9.999999999899356062e-01,1.006436526575843523e-11,9.999999999899356062e-01,1.006436526575843685e-11
9.999999999942685847e-01,5.731468574245448509e-12,9.999999999942685847e-01,5.731468574245448509e-12
9.999999999926452166e-01,7.354885591305519385e-12,9.999999999926452166e-01,7.354885591305519385e-12
9.999999999905299086e-01,9.470110775080670271e-12,9.999999999905299086e-01,9.470110775080668656e-12
9.999999999954614083e-01,4.538601109210477494e-12,9.999999999954614083e-01,4.538601109210478302e-12
9.999999999203141865e-01,7.968584051372258825e-11,9.999999999203141865e-01,7.968584051372258825e-11
9.999999999953218532e-01,4.678158430736920256e-12,9.999999999953217422e-01,4.678158430736919449e-12
9.999999999954136687e-01,4.586312181184095273e-12,9.999999999954136687e-01,4.586312181184095273e-12
9.999999999946544982e-01,5.345521493496613213e-12,9.999999999946543872e-01,5.345521493496612405e-12
9.999999999951034724e-01,4.896557034264737282e-12,9.999999999951033613e-01,4.896557034264736474e-12
5.075134280216156077e-03,9.949248657197837797e-01,5.075134280216156077e-03,9.949248657197838908e-01
3.118280795930569840e-12,9.999999999968817166e-01,3.118280795930570244e-12,9.999999999968817166e-01
5.075134280216156944e-03,9.949248657197837797e-01,5.075134280216156077e-03,9.949248657197837797e-01
9.999999999955236918e-01,4.476278123329102145e-12,9.999999999955236918e-01,4.476278123329102145e-12
9.999999999899356062e-01,1.006436526575843523e-11,9.999999999899357173e-01,1.006436526575843685e-11
1.280513414453001688e-29,1.000000000000000000e+00,1.280513414453001688e-29,1.000000000000000000e+00
9.452084402537169749e-01,5.479155974628300424e-02,9.452084402535285701e-01,5.479155974647140909e-02
9.999999999949931162e-01,5.006829722119050515e-12,9.999999999949932272e-01,5.006829722119051323e-12
9.999999999913984361e-01,8.601674835982172858e-12,9.999999999913982140e-01,8.601674835982171242e-12
9.999999999916409088e-01,8.359062569345343249e-12,9.999999999916410198e-01,8.359062569345341633e-12
9.999999999923986360e-01,7.601346801437250839e-12,9.999999999923987470e-01,7.601346801437250839e-12
9.999999999951034724e-01,4.896557034264738090e-12,9.999999999951034724e-01,4.896557034264737282e-12
9.999999999916409088e-01,8.359062569345343249e-12,9.999999999916409088e-01,8.359062569345341633e-12
9.999999999927624561e-01,7.237517422417696184e-12,9.999999999927624561e-01,7.237517422417696184e-12
9.999999999922692950e-01,7.730700947437534524e-12,9.999999999922692950e-01,7.730700947437532908e-12
9.999999999899356062e-01,1.006436526579505090e-11,9.999999999899356062e-01,1.006436526579504928e-11
9.999999999913983251e-01,8.601674835982171242e-12,9.999999999913984361e-01,8.601674835982172858e-12
9.999999960903752649e-01,3.909624719518067126e-09,9.999999960903752649e-01,3.909624719518067953e-09
9.999999999951034724e-01,4.896557034255830550e-12,9.999999999951034724e-01,4.896557034255831358e-12
9.999999999953218532e-01,4.678158430745429554e-12,9.999999999953218532e-01,4.678158430736920256e-12
9.999999999953218532e-01,4.678158430736919449e-12,9.999999999953217422e-01,4.678158430745429554e-12
9.998888664506998536e-01,1.111335493000658496e-04,9.998888664507002977e-01,1.111335492996616049e-04
9.999999999928262939e-01,7.173779663597981249e-12,9.999999999928262939e-01,7.173779663597980441e-12
9.999999996834016969e-01,3.165983998440406059e-10,9.999999996834015858e-01,3.165983998440406059e-10
9.999999999932954742e-01,6.704528808002745863e-12,9.999999999932954742e-01,6.704528808002745863e-12
9.999999998528751322e-01,1.471248556208624287e-10,9.999999998528751322e-01,1.471248556208624029e-10
9.999999999937111417e-01,6.288878759615990618e-12,9.999999999937111417e-01,6.288878759615990618e-12
9.999999999953218532e-01,4.678158430736919449e-12,9.999999999953217422e-01,4.678158430745428746e-12
9.999999999942685847e-01,5.731468574214171550e-12,9.999999999942684736e-01,5.731468574224595318e-12
9.999999999941007189e-01,5.899290110926180300e-12,9.999999999941007189e-01,5.899290110915449570e-12
9.999999997909720939e-01,2.090278510386367093e-10,9.999999997909720939e-01,2.090278510386367351e-10
9.999999999542145135e-01,4.578553539543100869e-11,9.999999999542144025e-01,4.578553539543100869e-11
9.999999999542145135e-01,4.578553539543101515e-11,9.999999999542145135e-01,4.578553539543101515e-11
9.999999999948926410e-01,5.107369090409810717e-12,9.999999999948925300e-01,5.107369090409809909e-12
9.999999352164864463e-01,6.478351360437163970e-08,9.999999352164863353e-01,6.478351360425378300e-08
9.999999999923419036e-01,7.658139894137861334e-12,9.999999999923417926e-01,7.658139894137859719e-12
9.999999999950521801e-01,4.947834189832316037e-12,9.999999999950520690e-01,4.947834189832316037e-12
9.999999999837737574e-01,1.622624383842845725e-11,9.999999999837737574e-01,1.622624383842846049e-11
9.999999999955372365e-01,4.462777587634429284e-12,9.999999999955372365e-01,4.462777587634430092e-12
9.999999999939095385e-01,6.090412875485304745e-12,9.999999999939096496e-01,6.090412875496384441e-12
9.999999999899356062e-01,1.006436526575843523e-11,9.999999999899356062e-01,1.006436526575843685e-11
9.999999999922692950e-01,7.730700947465658665e-12,9.999999999922692950e-01,7.730700947465658665e-12
9.999999987502280474e-01,1.249771974211152515e-09,9.999999987502280474e-01,1.249771974211152308e-09
9.999912770566484754e-01,8.722943351604155754e-06,9.999912770566483644e-01,8.722943351604154060e-06
4.500959010767253349e-134,1.000000000000000000e+00,4.500959010767253349e-134,1.000000000000000000e+00
5.075134280197787957e-03,9.949248657198023205e-01,5.075134280170231875e-03,9.949248657198297430e-01
9.438928158377274129e-16,9.999999999999990008e-01,9.438928158377278073e-16,9.999999999999991118e-01
9.012425899306297306e-20,1.000000000000000000e+00,9.012425899339083855e-20,1.000000000000000000e+00
9.998888664507001867e-01,1.111335492998637273e-04,9.998888664507000756e-01,1.111335492998637137e-04
7.552308208643891320e-14,9.999999999999245048e-01,7.552308208643892582e-14,9.999999999999245048e-01
9.999999999905299086e-01,9.470110775115121051e-12,9.999999999905297976e-01,9.470110775115119436e-12
9.999999995101670480e-01,4.898329619715867536e-10,9.999999995101670480e-01,4.898329619715867536e-10
9.999999999947278839e-01,5.272117414834594976e-12,9.999999999947278839e-01,5.272117414834594976e-12
9.999999999899356062e-01,1.006436526572182118e-11,9.999999999899356062e-01,1.006436526574012901e-11
9.999999999929860550e-01,7.013891618582878457e-12,9.999999999929861660e-01,7.013891618582880073e-12
9.999999999954136687e-01,4.586312181184095273e-12,9.999999999954136687e-01,4.586312181184095273e-12
3.118280795936242167e-12,9.999999999968817166e-01,3.118280795936242571e-12,9.999999999968817166e-01
9.999999999942684736e-01,5.731468574203745358e-12,9.999999999942685847e-01,5.731468574203746166e-12
7.171004187919475248e-01,2.828995812080524197e-01,7.171004187915785977e-01,2.828995812084214578e-01
4.238036665401727202e-09,9.999999957619633006e-01,4.238036665401727202e-09,9.999999957619634117e-01
9.999999999929861660e-01,7.013891618582879265e-12,9.999999999929860550e-01,7.013891618582878457e-12
9.999999978183631288e-01,2.181636924977177030e-09,9.999999978183631288e-01,2.181636924977177444e-09
9.999999923441931227e-01,7.655806880242996726e-09,9.999999923441931227e-01,7.655806880242996726e-09
9.999999999933920636e-01,6.607938860822676397e-12,9.999999999933920636e-01,6.607938860822675590e-12
9.999999999894058078e-01,1.059421469912400991e-11,9.999999999894058078e-01,1.059421469912400991e-11
9.999999999954979346e-01,4.502010443792826562e-12,9.999999999954979346e-01,4.502010443792826562e-12
9.999999999954549690e-01,4.544940010489334185e-12,9.999999999954550800e-01,4.544940010489334185e-12
9.999999999899356062e-01,1.006436526575843523e-11,9.999999999899356062e-01,1.006436526575843523e-11
9.999999999899356062e-01,1.006436526574012901e-11,9.999999999899357173e-01,1.006436526575843846e-11
9.999999999899356062e-01,1.006436526575843685e-11,9.999999999899357173e-01,1.006436526575843846e-11
9.999999999899356062e-01,1.006436526574012901e-11,9.999999999899357173e-01,1.006436526575843846e-11
9.999999999899356062e-01,1.006436526575843685e-11,9.999999999899357173e-01,1.006436526575843846e-11
9.999999999899356062e-01,1.006436526574012901e-11,9.999999999899357173e-01,1.006436526575843846e-11
9.999999999899356062e-01,1.006436526575843685e-11,9.999999999899357173e-01,1.006436526575843846e-11
9.999999999899356062e-01,1.006436526574012901e-11,9.999999999899357173e-01,1.006436526575843846e-11
9.999999999899356062e-01,1.006436526575843685e-11,9.999999999899357173e-01,1.006436526575843846e-11
9.999999999899356062e-01,1.006436526574012901e-11,9.999999999899357173e-01,1.006436526575843846e-11
9.999999999899356062e-01,1.006436526575843685e-11,9.999999999899357173e-01,1.006436526575843846e-11
9.999999999899356062e-01,1.006436526574012901e-11,9.999999999899357173e-01,1.006436526575843846e-11
9.999999999899356062e-01,1.006436526575843685e-11,9.999999999899357173e-01,1.006436526575843846e-11
9.999999999899356062e-01,1.006436526574012901e-11,9.999999999899357173e-01,1.006436526575843846e-11
9.999999999899356062e-01,1.006436526575843685e-11,9.999999999899357173e-01,1.006436526575843846e-11
9.999999999899356062e-01,1.006436526574012901e-11,9.999999999899357173e-01,1.006436526575843846e-11
9.999999999899356062e-01,1.006436526575843685e-11,9.999999999899357173e-01,1.006436526575843846e-11
9.999999999899356062e-01,1.006436526570351496e-11,9.999999999899357173e-01,1.006436526572182441e-11
9.999999999899356062e-01,1.006436526572182279e-11,9.999999999899357173e-01,1.006436526572182279e-11
9.999999999899356062e-01,1.006436526570351496e-11,9.999999999899357173e-01,1.006436526572182279e-11
9.999999999899356062e-01,1.006436526572182279e-11,9.999999999899357173e-01,1.006436526572182279e-11
9.999999999899356062e-01,1.006436526570351496e-11,9.999999999899357173e-01,1.006436526572182279e-11
9.999999999899356062e-01,1.006436526572182279e-11,9.999999999899357173e-01,1.006436526572182279e-11
9.999999999899356062e-01,1.006436526570351496e-11,9.999999999899357173e-01,1.006436526572182279e-11
9.999999999899356062e-01,1.006436526572182279e-11,9.999999999899357173e-01,1.006436526572182279e-11
9.999999999899356062e-01,1.006436526570351496e-11,9.999999999899357173e-01,1.006436526572182279e-11
9.999999999899356062e-01,1.006436526572182279e-11,9.999999999899357173e-01,1.006436526572182279e-11
9.999999999899356062e-01,1.006436526570351496e-11,9.999999999899357173e-01,1.006436526572182279e-11
9.999999999899356062e-01,1.006436526572182279e-11,9.999999999899357173e-01,1.006436526572182279e-11
9.999999999899356062e-01,1.006436526570351496e-11,9.999999999899357173e-01,1.006436526572182279e-11
9.999999999899356062e-01,1.006436526572182279e-11,9.999999999899357173e-01,1.006436526572182279e-11
9.999999999899356062e-01,1.006436526570351496e-11,9.999999999899357173e-01,1.006436526572182279e-11
9.999999999899356062e-01,1.006436526572182279e-11,9.999999999899357173e-01,1.006436526572182441e-11
9.999999999899356062e-01,1.006436526570351496e-11,9.999999999899357173e-01,1.006436526572182279e-11
9.999999996834015858e-01,3.165983998446164787e-10,9.999999996834014748e-01,3.165983998446164787e-10
7.171004187919475248e-01,2.828995812080524752e-01,7.171004187919476358e-01,2.828995812080524752e-01
9.998888664506998536e-01,1.111335493000658361e-04,9.998888664506998536e-01,1.111335493000658361e-04
9.999999923441931227e-01,7.655806880270847897e-09,9.999999923441931227e-01,7.655806880270847897e-09
9.012425899322690580e-20,1.000000000000000000e+00,9.012425899322691784e-20,1.000000000000000000e+00
9.999999923441931227e-01,7.655806880270847897e-09,9.999999923441931227e-01,7.655806880270847897e-09
9.999971298270134978e-01,2.870172986531675074e-06,9.999971298270134978e-01,2.870172986531675074e-06
9.999999960903752649e-01,3.909624719510955854e-09,9.999999960903752649e-01,3.909624719510955854e-09
9.999999999650964755e-01,3.490349648769414637e-11,9.999999999650963645e-01,3.490349648769413991e-11
9.999999999949116258e-01,5.088395614219270971e-12,9.999999999949115148e-01,5.088395614219270164e-12
9.999999999837737574e-01,1.622624383839894371e-11,9.999999999837737574e-01,1.622624383839894371e-11
9.999999999955372365e-01,4.462777587634429284e-12,9.999999999955372365e-01,4.462777587634430092e-12
9.999999999899356062e-01,1.006436526572182118e-11,9.999999999899356062e-01,1.006436526572182279e-11
9.999999999949116258e-01,5.088395614219270971e-12,9.999999999949116258e-01,5.088395614219270971e-12
9.999999999955206942e-01,4.479402961111011251e-12,9.999999999955206942e-01,4.479402961111010443e-12
9.999999999899356062e-01,1.006436526572182118e-11,9.999999999899357173e-01,1.006436526572182441e-11
9.999999999949931162e-01,5.006829722128158388e-12,9.999999999949932272e-01,5.006829722128157580e-12
9.999999999946544982e-01,5.345521493535506857e-12,9.999999999946544982e-01,5.345521493535506857e-12
9.999999999899356062e-01,1.006436526570351496e-11,9.999999999899357173e-01,1.006436526572182279e-11
9.999999999943958162e-01,5.604174516214496667e-12,9.999999999943959272e-01,5.604174516214496667e-12
9.999999999953218532e-01,4.678158430719900854e-12,9.999999999953218532e-01,4.678158430728410959e-12
9.999999999935760275e-01,6.423970721812636573e-12,9.999999999935760275e-01,6.423970721812637380e-12
9.999999999955433427e-01,4.456731138834144973e-12,9.999999999955432317e-01,4.456731138834144165e-12
9.999999999946250773e-01,5.374910414232936518e-12,9.999999999946251883e-01,5.374910414232937326e-12
9.999999999899356062e-01,1.006436526570351496e-11,9.999999999899357173e-01,1.006436526572182441e-11
9.999999999933496531e-01,6.650344746616775183e-12,9.999999999933495420e-01,6.650344746616775183e-12
9.999999987502279364e-01,1.249771974215698906e-09,9.999999987502280474e-01,1.249771974215699113e-09
5.075134280179417236e-03,9.949248657198206391e-01,5.075134280179417236e-03,9.949248657198205281e-01
3.307133096696596764e-177,1.000000000000000000e+00,3.307133096696597202e-177,1.000000000000000000e+00
1.729472159137492181e-86,1.000000000000000000e+00,1.729472159137492181e-86,1.000000000000000000e+00
9.012425899322690580e-20,1.000000000000000000e+00,9.012425899322690580e-20,1.000000000000000000e+00
3.118280795941914493e-12,9.999999999968817166e-01,3.118280795941914089e-12,9.999999999968817166e-01
8.282882430931687010e-39,1.000000000000000000e+00,8.282882430931687010e-39,1.000000000000000000e+00
1.807898221819145713e-35,1.000000000000000000e+00,1.807898221819145713e-35,1.000000000000000000e+00
9.999912770566483644e-01,8.722943351604155754e-06,9.999912770566483644e-01,8.722943351604154060e-06
9.438928158377276101e-16,9.999999999999990008e-01,9.438928158377276101e-16,9.999999999999990008e-01
9.999999960903752649e-01,3.909624719510955854e-09,9.999999960903753760e-01,3.909624719510956681e-09
3.205186936474936068e-05,9.999679481306352757e-01,3.205186936474936068e-05,9.999679481306353868e-01
1.331061532863051903e-10,9.999999998668938073e-01,1.331061532863051644e-10,9.999999998668939183e-01
2.418487454737550059e-100,1.000000000000000000e+00,2.418487454737550059e-100,1.000000000000000000e+00
9.999999999928261829e-01,7.173779663624078636e-12,9.999999999928261829e-01,7.173779663624078636e-12
7.171004187919475248e-01,2.828995812080524197e-01,7.171004187919475248e-01,2.828995812080524197e-01
9.352388814033804217e-59,1.000000000000000000e+00,9.352388814033805986e-59,1.000000000000000000e+00
3.397932514665565509e-80,1.000000000000000000e+00,3.397932514665565509e-80,1.000000000000000000e+00
8.282882430931687010e-39,1.000000000000000000e+00,8.282882430931687010e-39,1.000000000000000000e+00
3.397932514665565509e-80,1.000000000000000000e+00,3.397932514665565509e-80,1.000000000000000000e+00
4.109082433403016163e-50,1.000000000000000000e+00,4.109082433410490599e-50,1.000000000000000000e+00
4.500959010775440578e-134,1.000000000000000000e+00,4.500959010775440578e-134,1.000000000000000000e+00
4.500959010767253349e-134,1.000000000000000000e+00,4.500959010775440578e-134,1.000000000000000000e+00
2.350216348692233318e-154,1.000000000000000000e+00,2.350216348692233318e-154,1.000000000000000000e+00
8.800956425758332587e-125,1.000000000000000000e+00,8.800956425758332587e-125,1.000000000000000000e+00
2.142316050014937465e-165,1.000000000000000000e+00,2.142316050014937465e-165,1.000000000000000000e+00
2.165113646096249215e-74,1.000000000000000000e+00,2.165113646096249215e-74,1.000000000000000000e+00
9.525930785792276561e-64,1.000000000000000000e+00,9.525930785792277910e-64,1.000000000000000000e+00
3.307133096690581124e-177,1.000000000000000000e+00,3.307133096690581124e-177,1.000000000000000000e+00
5.646231525366711641e-22,1.000000000000000000e+00,5.646231525366710700e-22,1.000000000000000000e+00
9.999999999542145135e-01,4.578553539518116784e-11,9.999999999542144025e-01,4.578553539518116137e-11
9.999999999941007189e-01,5.899290110969102411e-12,9.999999999941007189e-01,5.899290110969103219e-12
9.999999998528751322e-01,1.471248556208624287e-10,9.999999998528751322e-01,1.471248556208624287e-10
3.397932514665565509e-80,1.000000000000000000e+00,3.397932514665565509e-80,1.000000000000000000e+00
3.397932514665566258e-80,1.000000000000000000e+00,3.397932514665565509e-80,1.000000000000000000e+00
6.045497240024959999e-108,1.000000000000000000e+00,6.045497240024959242e-108,1.000000000000000000e+00
2.660874161053555654e-54,1.000000000000000000e+00,2.660874161053555654e-54,1.000000000000000000e+00
2.900305680524530735e-42,1.000000000000000000e+00,2.900305680524530735e-42,1.000000000000000000e+00
9.999999999837737574e-01,1.622624383836942693e-11,9.999999999837737574e-01,1.622624383836942693e-11
9.999999999926451055e-01,7.354885591345655416e-12,9.999999999926449945e-01,7.354885591345653800e-12
9.999999999899356062e-01,1.006436526570351496e-11,9.999999999899354952e-01,1.006436526572182118e-11
9.999999999950521801e-01,4.947834189832316037e-12,9.999999999950520690e-01,4.947834189832316037e-12
9.999999999913983251e-01,8.601674835966525896e-12,9.999999999913983251e-01,8.601674835966525896e-12
9.999999999913983251e-01,8.601674835966524281e-12,9.999999999913983251e-01,8.601674835966525896e-12
9.999999999943958162e-01,5.604174516204302312e-12,9.999999999943957052e-01,5.604174516204302312e-12
9.999999999955371255e-01,4.462777587634429284e-12,9.999999999955372365e-01,4.462777587634429284e-12
9.999999999899356062e-01,1.006436526570351496e-11,9.999999999899356062e-01,1.006436526572182279e-11
9.999999999919976235e-01,8.002350202399185103e-12,9.999999999919976235e-01,8.002350202399183487e-12
9.999999999905299086e-01,9.470110775132346441e-12,9.999999999905300196e-01,9.470110775132348057e-12
9.999999999899356062e-01,1.006436526570351496e-11,9.999999999899357173e-01,1.006436526572182279e-11
9.999999999954550800e-01,4.544940010505868912e-12,9.999999999954550800e-01,4.544940010505868104e-12
9.999999999953218532e-01,4.678158430719900854e-12,9.999999999953218532e-01,4.678158430728410151e-12
9.999999999937110307e-01,6.288878759661747277e-12,9.999999999937110307e-01,6.288878759661747277e-12
9.999999999905297976e-01,9.470110775132346441e-12,9.999999999905299086e-01,9.470110775132346441e-12
9.999999999905299086e-01,9.470110775132346441e-12,9.999999999905299086e-01,9.470110775132348057e-12
9.999999999913983251e-01,8.601674835966524281e-12,9.999999999913982140e-01,8.601674835966524281e-12
9.525930785792276561e-64,1.000000000000000000e+00,9.525930785792277910e-64,1.000000000000000000e+00
8.800956425758331538e-125,1.000000000000000000e+00,8.800956425758332587e-125,1.000000000000000000e+00
7.348060592046021157e-144,1.000000000000000000e+00,7.348060592046021157e-144,1.000000000000000000e+00
4.701494535537310837e-02,9.529850546446269055e-01,4.701494535537310837e-02,9.529850546446269055e-01
9.012425899322690580e-20,1.000000000000000000e+00,9.012425899322691784e-20,1.000000000000000000e+00
9.999999999932954742e-01,6.704528807966160085e-12,9.999999999932954742e-01,6.704528807966159277e-12
9.999912770566483644e-01,8.722943351604154060e-06,9.999912770566483644e-01,8.722943351604154060e-06
9.999999999949932272e-01,5.006829722119050515e-12,9.999999999949931162e-01,5.006829722119050515e-12
9.999999999948926410e-01,5.107369090446971644e-12,9.999999999948926410e-01,5.107369090446971644e-12
9.999999999941007189e-01,5.899290110969103219e-12,9.999999999941007189e-01,5.899290110969103219e-12
9.999999999936635131e-01,6.336410936390744128e-12,9.999999999936635131e-01,6.336410936390743320e-12
9.999999999905297976e-01,9.470110775132346441e-12,9.999999999905299086e-01,9.470110775132349672e-12
9.999998453444800539e-01,1.546555199390202034e-07,9.999998453444801649e-01,1.546555199390202034e-07
9.999999999913983251e-01,8.601674835966525896e-12,9.999999999913983251e-01,8.601674835966525896e-12
9.999999999955205832e-01,4.479402961111010443e-12,9.999999999955205832e-01,4.479402961111010443e-12
9.999999999954980456e-01,4.502010443760070533e-12,9.999999999954979346e-01,4.502010443760069725e-12
9.999999999943958162e-01,5.604174516204302312e-12,9.999999999943959272e-01,5.604174516204301504e-12
9.999999999948926410e-01,5.107369090446971644e-12,9.999999999948926410e-01,5.107369090446971644e-12
9.999999999899356062e-01,1.006436526572182118e-11,9.999999999899356062e-01,1.006436526572182279e-11
9.999999999899356062e-01,1.006436526570351496e-11,9.999999999899357173e-01,1.006436526572182279e-11
9.999999999949116258e-01,5.088395614219270971e-12,9.999999999949116258e-01,5.088395614219270971e-12
9.999999999899356062e-01,1.006436526572182118e-11,9.999999999899356062e-01,1.006436526572182279e-11
9.999999999949931162e-01,5.006829722119050515e-12,9.999999999949932272e-01,5.006829722119050515e-12
9.999999999908943948e-01,9.105508766995799063e-12,9.999999999908945059e-01,9.105508766995800679e-12
9.999999999944296780e-01,5.570273398731517921e-12,9.999999999944297890e-01,5.570273398731518729e-12
9.999999999954614083e-01,4.538601109202222651e-12,9.999999999954612973e-01,4.538601109202221843e-12
9.999999999933920636e-01,6.607938860822676397e-12,9.999999999933920636e-01,6.607938860822675590e-12
9.999999999945707874e-01,5.429193516094302740e-12,9.999999999945707874e-01,5.429193516094301932e-12
9.999999999948926410e-01,5.107369090446971644e-12,9.999999999948926410e-01,5.107369090446970837e-12
9.999999999954933827e-01,4.506725468265865215e-12,9.999999999954932717e-01,4.506725468265865215e-12
9.999999992258554737e-01,7.741444925169851009e-10,9.999999992258555848e-01,7.741444925169851009e-10
9.995273477505134396e-01,4.726522494864710336e-04,9.995273477505134396e-01,4.726522494864710336e-04
9.999999999411371965e-01,5.886277232090515965e-11,9.999999999411373075e-01,5.886277232090517258e-11
9.999999999927624561e-01,7.237517422365035314e-12,9.999999999927624561e-01,7.237517422365034506e-12
9.999999999953218532e-01,4.678158430719900854e-12,9.999999999953218532e-01,4.678158430719900854e-12
9.999999999837737574e-01,1.622624383836942693e-11,9.999999999837737574e-01,1.622624383836942693e-11
9.999999999947765117e-01,5.223516961173324885e-12,9.999999999947765117e-01,5.223516961182826153e-12
7.171004187919475248e-01,2.828995812080524197e-01,7.171004187919475248e-01,2.828995812080524197e-01
9.999971298270134978e-01,2.870172986531675074e-06,9.999971298270134978e-01,2.870172986531675074e-06
9.999999999918550708e-01,8.144940323961347122e-12,9.999999999918550708e-01,8.144940323961347122e-12
9.999999999955372365e-01,4.462777587634429284e-12,9.999999999955372365e-01,4.462777587634428476e-12
9.999971298270134978e-01,2.870172986531675074e-06,9.999971298270133868e-01,2.870172986531674650e-06
9.999999992258554737e-01,7.741444925169851009e-10,9.999999992258554737e-01,7.741444925169849975e-10
9.999999999860557098e-01,1.394431753175465943e-11,9.999999999860557098e-01,1.394431753175465781e-11
5.075134280206971583e-03,9.949248657197931056e-01,5.075134280206971583e-03,9.949248657197929946e-01
1.807898221812568574e-35,1.000000000000000000e+00,1.807898221812568841e-35,1.000000000000000000e+00
4.701494535537311531e-02,9.529850546446269055e-01,4.701494535537310837e-02,9.529850546446269055e-01
9.999999999906338255e-01,9.366147881009112545e-12,9.999999999906339365e-01,9.366147881009112545e-12
9.999999698367983969e-01,3.016320162194237683e-08,9.999999698367985079e-01,3.016320162194238345e-08
1.911837754382282439e-32,1.000000000000000000e+00,1.911837754382282439e-32,1.000000000000000000e+00
1.331061532858209277e-10,9.999999998668938073e-01,1.331061532858209019e-10,9.999999998668938073e-01
9.452084402541880426e-01,5.479155974581199212e-02,9.452084402541880426e-01,5.479155974581198518e-02
9.999999999955433427e-01,4.456731138826037957e-12,9.999999999955432317e-01,4.456731138826037957e-12
9.999999999411373075e-01,5.886277232090517258e-11,9.999999999411371965e-01,5.886277232090517258e-11
9.999999999923419036e-01,7.658139894179650111e-12,9.999999999923419036e-01,7.658139894179651727e-12
9.999999987502280474e-01,1.249771974217972412e-09,9.999999987502280474e-01,1.249771974217972205e-09
9.999971298270134978e-01,2.870172986531674650e-06,9.999971298270133868e-01,2.870172986531674227e-06
9.999999992258554737e-01,7.741444925169851009e-10,9.999999992258554737e-01,7.741444925169849975e-10
9.999996165722054853e-01,3.834277945127453905e-07,9.999996165722054853e-01,3.834277945127453375e-07
9.999999996834015858e-01,3.165983998434646814e-10,9.999999996834015858e-01,3.165983998434647331e-10
9.999999996834015858e-01,3.165983998434646814e-10,9.999999996834015858e-01,3.165983998434647331e-10
9.999999995101670480e-01,4.898329619706957767e-10,9.999999995101670480e-01,4.898329619706956733e-10
9.999999998528751322e-01,1.471248556208624287e-10,9.999999998528752432e-01,1.471248556208624287e-10
9.999999999542145135e-01,4.578553539518116137e-11,9.999999999542144025e-01,4.578553539518116137e-11
9.999999999953218532e-01,4.678158430719900854e-12,9.999999999953217422e-01,4.678158430719900854e-12
9.999999996834016969e-01,3.165983998434647331e-10,9.999999996834015858e-01,3.165983998434647331e-10
9.999998453444801649e-01,1.546555199390202298e-07,9.999998453444800539e-01,1.546555199390202034e-07
9.999999999942685847e-01,5.731468574224596934e-12,9.999999999942685847e-01,5.731468574224597741e-12
9.999999999894058078e-01,1.059421469912400991e-11,9.999999999894058078e-01,1.059421469910473919e-11
9.999999992258554737e-01,7.741444925169851009e-10,9.999999992258554737e-01,7.741444925169851009e-10
9.999999999941007189e-01,5.899290110969102411e-12,9.999999999941007189e-01,5.899290110969103219e-12
9.999999987502279364e-01,1.249771974217972205e-09,9.999999987502280474e-01,1.249771974217972619e-09
9.999999845245973740e-01,1.547540265994065103e-08,9.999999845245973740e-01,1.547540265994065103e-08
9.999999996834015858e-01,3.165983998434647331e-10,9.999999996834016969e-01,3.165983998434647331e-10
9.999999845245973740e-01,1.547540265994065103e-08,9.999999845245973740e-01,1.547540265994065103e-08
9.452084402541880426e-01,5.479155974581198518e-02,9.452084402541880426e-01,5.479155974581198518e-02
9.999999978183631288e-01,2.181636924981145429e-09,9.999999978183630178e-01,2.181636924981145429e-09
9.999999999954550800e-01,4.544940010505868104e-12,9.999999999954550800e-01,4.544940010505868104e-12
9.999999998902970866e-01,1.097029182983378204e-10,9.999999998902971976e-01,1.097029182985373648e-10
9.999999995101670480e-01,4.898329619706957767e-10,9.999999995101670480e-01,4.898329619706957767e-10
9.999999999923986360e-01,7.601346801395770640e-12,9.999999999923987470e-01,7.601346801395770640e-12
9.995273477505135507e-01,4.726522494864710336e-04,9.995273477505135507e-01,4.726522494864711420e-04
9.999999999955432317e-01,4.456731138826037149e-12,9.999999999955432317e-01,4.456731138826037957e-12
9.999999845245973740e-01,1.547540265994065103e-08,9.999999845245973740e-01,1.547540265994065103e-08
9.999999987502280474e-01,1.249771974217972412e-09,9.999999987502280474e-01,1.249771974217972619e-09
9.999999698367983969e-01,3.016320162194237683e-08,9.999999698367983969e-01,3.016320162194237683e-08
9.999971298270134978e-01,2.870172986531674650e-06,9.999971298270133868e-01,2.870172986531675074e-06
9.999999999542145135e-01,4.578553539518116784e-11,9.999999999542144025e-01,4.578553539518116137e-11
9.999999999773966364e-01,2.260333082486093758e-11,9.999999999773966364e-01,2.260333082486093435e-11
9.999999987502280474e-01,1.249771974217972619e-09,9.999999987502280474e-01,1.249771974217972619e-09
9.999999999720921018e-01,2.790791985162629849e-11,9.999999999720921018e-01,2.790791985162629849e-11
9.999999999720921018e-01,2.790791985162629849e-11,9.999999999720921018e-01,2.790791985162629849e-11
9.999999999941007189e-01,5.899290110969102411e-12,9.999999999941007189e-01,5.899290110969102411e-12
9.999999995101669370e-01,4.898329619706956733e-10,9.999999995101670480e-01,4.898329619706957767e-10
9.999999992258554737e-01,7.741444925169851009e-10,9.999999992258554737e-01,7.741444925169852043e-10
9.999999999411371965e-01,5.886277232090517258e-11,9.999999999411373075e-01,5.886277232090517258e-11
9.999989299898901507e-01,1.070010109748558864e-06,9.999989299898903727e-01,1.070010109748559076e-06
9.999999999923419036e-01,7.658139894179650111e-12,9.999999999923419036e-01,7.658139894179651727e-12
9.999999698367983969e-01,3.016320162194237683e-08,9.999999698367982859e-01,3.016320162194237683e-08
9.999999999809391360e-01,1.906088482989039136e-11,9.999999999809391360e-01,1.906088482989039459e-11
9.999999999955372365e-01,4.462777587634429284e-12,9.999999999955372365e-01,4.462777587634429284e-12
2.800694639580130763e-01,7.199305360419868682e-01,2.800694639580131318e-01,7.199305360419868682e-01
9.999999999894056968e-01,1.059421469912400991e-11,9.999999999894058078e-01,1.059421469912400830e-11
9.999999999720921018e-01,2.790791985162629849e-11,9.999999999720921018e-01,2.790791985162629849e-11
9.999999999944296780e-01,5.570273398731518729e-12,9.999999999944296780e-01,5.570273398731518729e-12
3.205186936474936068e-05,9.999679481306352757e-01,3.205186936474935391e-05,9.999679481306351647e-01
9.999999999894058078e-01,1.059421469912400830e-11,9.999999999894058078e-01,1.059421469912400830e-11
9.999999999908945059e-01,9.105508766995800679e-12,9.999999999908945059e-01,9.105508766995802294e-12
9.999999999773966364e-01,2.260333082486093435e-11,9.999999999773967474e-01,2.260333082486094081e-11
9.999999352164864463e-01,6.478351360413595278e-08,9.999999352164863353e-01,6.478351360413595278e-08
9.999999999942015272e-01,5.798478635355016232e-12,9.999999999942015272e-01,5.798478635355016232e-12
9.999999999954614083e-01,4.538601109202222651e-12,9.999999999954614083e-01,4.538601109202221843e-12
9.999999999906339365e-01,9.366147881009114160e-12,9.999999999906338255e-01,9.366147881009114160e-12
9.999971298270134978e-01,2.870172986531674650e-06,9.999971298270133868e-01,2.870172986531674650e-06
9.999999999950521801e-01,4.947834189832316845e-12,9.999999999950522911e-01,4.947834189832316845e-12
9.999999999952834395e-01,4.716556624696631025e-12,9.999999999952835505e-01,4.716556624696631832e-12
9.999999999916409088e-01,8.359062569299727146e-12,9.999999999916409088e-01,8.359062569299727146e-12
9.999999978183631288e-01,2.181636924981145843e-09,9.999999978183631288e-01,2.181636924981145843e-09
9.999999999916409088e-01,8.359062569299727146e-12,9.999999999916409088e-01,8.359062569299727146e-12
9.999999999955205832e-01,4.479402961111010443e-12,9.999999999955206942e-01,4.479402961111010443e-12
9.999999999941007189e-01,5.899290110969103219e-12,9.999999999941007189e-01,5.899290110969102411e-12
9.999999999203141865e-01,7.968584051299784878e-11,9.999999999203141865e-01,7.968584051299784878e-11
9.999999999947278839e-01,5.272117414834595784e-12,9.999999999947278839e-01,5.272117414834594976e-12
9.999971298270134978e-01,2.870172986531675074e-06,9.999971298270133868e-01,2.870172986531674650e-06
2.418487454733150791e-100,1.000000000000000000e+00,2.418487454733150791e-100,1.000000000000000000e+00
1.911837754382282165e-32,1.000000000000000000e+00,1.911837754382282165e-32,1.000000000000000000e+00
1.729472159137492181e-86,1.000000000000000000e+00,1.729472159137492181e-86,1.000000000000000000e+00
1.000000000000000000e+00,1.729472159156367362e-76,2.272408446026178856e-252,1.000000000000000000e+00
8.168486187508829205e-58,1.000000000000000000e+00,4.050495942469918112e-119,1.000000000000000000e+00
1.000000000000000000e+00,3.302847879714726878e-108,2.172155108934275363e-196,1.000000000000000000e+00
1.000000000000000000e+00,4.050495942366768813e-109,9.999999998999999750e-11,9.999999998999999917e-01
5.000000000000000000e-01,5.000000000000000000e-01,7.272014977351923503e-172,1.000000000000000000e+00
1.000000000000000000e+00,7.272014977259329096e-162,3.869696153129343669e-116,1.000000000000000000e+00
1.000000000000000000e+00,3.869696153150460199e-106,2.868567708297166356e-249,1.000000000000000000e+00
6.877579828435548990e-27,1.000000000000000000e+00,6.877579828448058706e-27,1.000000000000000000e+00
3.205186936474936068e-05,9.999679481306352757e-01,3.205186936474936068e-05,9.999679481306352757e-01
9.999912770566482534e-01,8.722943351604154060e-06,9.999912770566483644e-01,8.722943351604155754e-06
3.397932514665565509e-80,1.000000000000000000e+00,3.397932514665565509e-80,1.000000000000000000e+00
9.525930785792276561e-64,1.000000000000000000e+00,9.525930785792277910e-64,1.000000000000000000e+00
2.165113646096249215e-74,1.000000000000000000e+00,2.165113646096249215e-74,1.000000000000000000e+00
2.165113646100187486e-74,1.000000000000000000e+00,2.165113646096249215e-74,1.000000000000000000e+00
9.012425899322691784e-20,1.000000000000000000e+00,9.012425899322690580e-20,1.000000000000000000e+00
4.109082433410490599e-50,1.000000000000000000e+00,4.109082433410490599e-50,1.000000000000000000e+00
1.909432868922088636e-06,9.999980905671310705e-01,1.909432868922088636e-06,9.999980905671310705e-01
2.411949648358555911e-24,1.000000000000000000e+00,2.411949648358555544e-24,1.000000000000000000e+00
4.701494535537310837e-02,9.529850546446269055e-01,4.701494535537310837e-02,9.529850546446269055e-01
9.999999978183630178e-01,2.181636924981145429e-09,9.999999978183631288e-01,2.181636924981145429e-09
1.911837754382282439e-32,1.000000000000000000e+00,1.911837754382282165e-32,1.000000000000000000e+00
3.118280795941914493e-12,9.999999999968818276e-01,3.118280795941914089e-12,9.999999999968817166e-01
9.999999999926451055e-01,7.354885591345655416e-12,9.999999999926452166e-01,7.354885591345655416e-12
9.999999999910679227e-01,8.932022517673120482e-12,9.999999999910679227e-01,8.932022517673122097e-12
9.978702591859793802e-01,2.129740814020658363e-03,9.978702591859793802e-01,2.129740814020658363e-03
9.999971298270134978e-01,2.870172986531674650e-06,9.999971298270134978e-01,2.870172986531674650e-06
9.999999999954932717e-01,4.506725468265865215e-12,9.999999999954932717e-01,4.506725468265865215e-12
9.999999999955206942e-01,4.479402961111011251e-12,9.999999999955205832e-01,4.479402961111010443e-12
9.999999999952163821e-01,4.783576317999330560e-12,9.999999999952163821e-01,4.783576317999330560e-12
9.999999999944297890e-01,5.570273398731518729e-12,9.999999999944296780e-01,5.570273398731518729e-12
9.999999999954933827e-01,4.506725468265865215e-12,9.999999999954932717e-01,4.506725468265865215e-12
9.999999999941007189e-01,5.899290110969103219e-12,9.999999999941008300e-01,5.899290110969102411e-12
9.999999999952834395e-01,4.716556624696631025e-12,9.999999999952834395e-01,4.716556624696631025e-12
9.999999999955238028e-01,4.476278123296533524e-12,9.999999999955238028e-01,4.476278123296533524e-12
9.999999999954549690e-01,4.544940010505868104e-12,9.999999999954550800e-01,4.544940010505868104e-12
9.999999999952163821e-01,4.783576317999330560e-12,9.999999999952164931e-01,4.783576317999331368e-12
9.999999999950521801e-01,4.947834189832316845e-12,9.999999999950521801e-01,4.947834189832316037e-12
9.999999999542144025e-01,4.578553539518116137e-11,9.999999999542145135e-01,4.578553539518116137e-11
1.024093259721671115e-07,9.999998975906739807e-01,1.024093259721671248e-07,9.999998975906739807e-01
6.045497240024959242e-108,1.000000000000000000e+00,6.045497240024959999e-108,1.000000000000000000e+00
9.999999352164863353e-01,6.478351360413595278e-08,9.999999352164864463e-01,6.478351360413596601e-08
9.999999999411371965e-01,5.886277232090517258e-11,9.999999999411371965e-01,5.886277232090515965e-11
9.999999997909720939e-01,2.090278510378762718e-10,9.999999997909720939e-01,2.090278510378762718e-10
9.999999923441931227e-01,7.655806880270847897e-09,9.999999923441931227e-01,7.655806880270849551e-09
9.999999352164864463e-01,6.478351360413595278e-08,9.999999352164864463e-01,6.478351360413595278e-08
9.999999999954056751e-01,4.594320500592706455e-12,9.999999999954056751e-01,4.594320500592706455e-12
9.999999999905297976e-01,9.470110775132346441e-12,9.999999999905299086e-01,9.470110775132348057e-12
9.999999999928261829e-01,7.173779663624078636e-12,9.999999999928261829e-01,7.173779663624078636e-12
9.999999999899356062e-01,1.006436526570351496e-11,9.999999999899356062e-01,1.006436526572182279e-11
9.999999999923419036e-01,7.658139894179650111e-12,9.999999999923417926e-01,7.658139894179650111e-12
9.999999698367983969e-01,3.016320162194237683e-08,9.999999698367982859e-01,3.016320162194237683e-08
9.999999999935760275e-01,6.423970721800952647e-12,9.999999999935761386e-01,6.423970721800952647e-12
9.999999999899356062e-01,1.006436526570351496e-11,9.999999999899356062e-01,1.006436526572182279e-11
9.999999997909720939e-01,2.090278510378762977e-10,9.999999997909722049e-01,2.090278510378762977e-10
9.999999352164864463e-01,6.478351360413595278e-08,9.999999352164863353e-01,6.478351360413595278e-08
9.999999999916409088e-01,8.359062569299725531e-12,9.999999999916409088e-01,8.359062569299727146e-12
9.999999999899356062e-01,1.006436526570351496e-11,9.999999999899356062e-01,1.006436526572182279e-11
9.999999999955387908e-01,4.461220696095307902e-12,9.999999999955387908e-01,4.461220696095307902e-12
9.999999999933496531e-01,6.650344746628872699e-12,9.999999999933496531e-01,6.650344746628872699e-12
9.999999999899356062e-01,1.006436526570351496e-11,9.999999999899356062e-01,1.006436526572182118e-11
9.999999999899356062e-01,1.006436526572182279e-11,9.999999999899357173e-01,1.006436526572182279e-11
9.999696545150300597e-01,3.034548496995225332e-05,9.999696545150300597e-01,3.034548496995225332e-05
9.998888664506995205e-01,1.111335493004701080e-04,9.998888664506995205e-01,1.111335493004700944e-04
4.237959541164145957e-04,9.995762040458836539e-01,4.237959541164145957e-04,9.995762040458836539e-01
9.999999999411371965e-01,5.886277232090517258e-11,9.999999999411371965e-01,5.886277232090515965e-11
4.238036665401727202e-09,9.999999957619633006e-01,4.238036665401727202e-09,9.999999957619633006e-01
9.452084402541880426e-01,5.479155974581197824e-02,9.452084402541880426e-01,5.479155974581198518e-02
3.118280795941914493e-12,9.999999999968817166e-01,3.118280795941914493e-12,9.999999999968817166e-01
9.999996165722054853e-01,3.834277945127453375e-07,9.999996165722054853e-01,3.834277945127453905e-07
4.109082433410491074e-50,1.000000000000000000e+00,4.109082433410491074e-50,1.000000000000000000e+00
6.508554717912819696e-69,1.000000000000000000e+00,6.508554717912819696e-69,1.000000000000000000e+00
5.592733038484077028e-233,1.000000000000000000e+00,5.592733038484077028e-233,1.000000000000000000e+00
6.877579828435547555e-27,1.000000000000000000e+00,6.877579828448058706e-27,1.000000000000000000e+00
4.238036665401727202e-09,9.999999957619633006e-01,4.238036665401728029e-09,9.999999957619633006e-01
9.999999999952163821e-01,4.783576317999331368e-12,9.999999999952163821e-01,4.783576317999331368e-12
9.999999999650965865e-01,3.490349648769414637e-11,9.999999999650964755e-01,3.490349648769414637e-11
9.999999999203141865e-01,7.968584051299784878e-11,9.999999999203140755e-01,7.968584051299784878e-11
9.999989299898902617e-01,1.070010109748558864e-06,9.999989299898902617e-01,1.070010109748559076e-06
9.999999999936636241e-01,6.336410936390744936e-12,9.999999999936635131e-01,6.336410936390744936e-12
9.999999999910679227e-01,8.932022517673120482e-12,9.999999999910679227e-01,8.932022517673122097e-12
9.999999999899356062e-01,1.006436526572182279e-11,9.999999999899357173e-01,1.006436526572182279e-11
9.999999999899356062e-01,1.006436526570351496e-11,9.999999999899357173e-01,1.006436526572182279e-11
9.999999999899356062e-01,1.006436526572182279e-11,9.999999999899357173e-01,1.006436526572182279e-11
9.999999999899356062e-01,1.006436526570351496e-11,9.999999999899357173e-01,1.006436526572182279e-11
9.999999999899356062e-01,1.006436526572182279e-11,9.999999999899357173e-01,1.006436526572182279e-11
9.999999923441931227e-01,7.655806880270847897e-09,9.999999923441931227e-01,7.655806880270847897e-09
9.999999999916409088e-01,8.359062569299727146e-12,9.999999999916409088e-01,8.359062569299727146e-12
9.999999999899356062e-01,1.006436526570351496e-11,9.999999999899356062e-01,1.006436526572182279e-11
9.999999999899356062e-01,1.006436526572182279e-11,9.999999999899357173e-01,1.006436526572182279e-11
9.999999999899356062e-01,1.006436526570351496e-11,9.999999999899357173e-01,1.006436526572182279e-11
9.999999999905299086e-01,9.470110775132346441e-12,9.999999999905299086e-01,9.470110775132348057e-12
9.999999999899356062e-01,1.006436526572182279e-11,9.999999999899357173e-01,1.006436526572182279e-11
9.999999999899356062e-01,1.006436526570351496e-11,9.999999999899357173e-01,1.006436526572182441e-11
9.999696545150300597e-01,3.034548496995225332e-05,9.999696545150300597e-01,3.034548496995225332e-05
1.911837754382282165e-32,1.000000000000000000e+00,1.911837754382282439e-32,1.000000000000000000e+00
7.552308208657628859e-14,9.999999999999243938e-01,7.552308208657628859e-14,9.999999999999245048e-01
7.552308208657628859e-14,9.999999999999245048e-01,7.552308208657628859e-14,9.999999999999245048e-01
9.978702591859792692e-01,2.129740814020658363e-03,9.978702591859793802e-01,2.129740814020658363e-03
9.999999997909720939e-01,2.090278510378762977e-10,9.999999997909720939e-01,2.090278510378763235e-10
9.999999998902970866e-01,1.097029182985373648e-10,9.999999998902970866e-01,1.097029182985373519e-10
2.411949648358555544e-24,1.000000000000000000e+00,2.411949648358555544e-24,1.000000000000000000e+00
1.024093259721671248e-07,9.999998975906739807e-01,1.024093259721671115e-07,9.999998975906739807e-01
9.999999999941007189e-01,5.899290110969102411e-12,9.999999999941007189e-01,5.899290110969103219e-12
9.999999999926452166e-01,7.354885591345655416e-12,9.999999999926452166e-01,7.354885591345655416e-12
9.999999999950521801e-01,4.947834189832316037e-12,9.999999999950520690e-01,4.947834189832316037e-12
9.999999997909720939e-01,2.090278510378762718e-10,9.999999997909722049e-01,2.090278510378762718e-10
9.999999999916409088e-01,8.359062569299727146e-12,9.999999999916409088e-01,8.359062569299727146e-12
9.999999999945707874e-01,5.429193516094301932e-12,9.999999999945707874e-01,5.429193516094301932e-12
9.999912770566483644e-01,8.722943351604154060e-06,9.999912770566483644e-01,8.722943351604155754e-06
9.999999999894058078e-01,1.059421469912400991e-11,9.999999999894058078e-01,1.059421469912400830e-11
9.999999999955387908e-01,4.461220696095307902e-12,9.999999999955389018e-01,4.461220696095307094e-12
9.999999999951034724e-01,4.896557034264737282e-12,9.999999999951034724e-01,4.896557034264737282e-12
9.999996165722054853e-01,3.834277945127453905e-07,9.999996165722054853e-01,3.834277945127453375e-07
1.204632648628137351e-17,1.000000000000000000e+00,1.204632648628137197e-17,1.000000000000000000e+00
4.600492363018045496e-46,1.000000000000000000e+00,4.600492363018045496e-46,1.000000000000000000e+00
9.978702591859793802e-01,2.129740814020658797e-03,9.978702591859793802e-01,2.129740814020658363e-03
5.075134280206971583e-03,9.949248657197929946e-01,5.075134280206971583e-03,9.949248657197929946e-01
9.999999999939096496e-01,6.090412875518539795e-12,9.999999999939096496e-01,6.090412875518539795e-12
9.999999999954614083e-01,4.538601109202222651e-12,9.999999999954614083e-01,4.538601109202221843e-12
9.999999999923987470e-01,7.601346801395769024e-12,9.999999999923987470e-01,7.601346801395769024e-12
9.999999999899356062e-01,1.006436526572182279e-11,9.999999999899356062e-01,1.006436526572182279e-11
9.999999999953218532e-01,4.678158430719901662e-12,9.999999999953218532e-01,4.678158430719900854e-12
9.998888664506996315e-01,1.111335493004701215e-04,9.998888664506995205e-01,1.111335493004700944e-04
1.909432868922088213e-06,9.999980905671310705e-01,1.909432868922088636e-06,9.999980905671311815e-01
9.452084402541880426e-01,5.479155974581197824e-02,9.452084402541880426e-01,5.479155974581198518e-02
9.999999999933496531e-01,6.650344746628871892e-12,9.999999999933496531e-01,6.650344746628872699e-12
9.999999999923419036e-01,7.658139894179651727e-12,9.999999999923419036e-01,7.658139894179651727e-12
9.999999999952834395e-01,4.716556624696631025e-12,9.999999999952834395e-01,4.716556624696631025e-12
9.999999999899356062e-01,1.006436526570351496e-11,9.999999999899356062e-01,1.006436526572182118e-11
9.999999999951034724e-01,4.896557034264737282e-12,9.999999999951034724e-01,4.896557034264737282e-12
9.999999999928261829e-01,7.173779663624078636e-12,9.999999999928261829e-01,7.173779663624079443e-12
9.999999999899356062e-01,1.006436526570351496e-11,9.999999999899356062e-01,1.006436526572182279e-11
9.999999999951034724e-01,4.896557034264737282e-12,9.999999999951034724e-01,4.896557034264737282e-12
9.999999999952163821e-01,4.783576317999330560e-12,9.999999999952164931e-01,4.783576317999332176e-12
9.999999999906339365e-01,9.366147881009114160e-12,9.999999999906339365e-01,9.366147881009112545e-12
9.999999999954550800e-01,4.544940010505868912e-12,9.999999999954549690e-01,4.544940010505868104e-12
9.999999999926452166e-01,7.354885591345655416e-12,9.999999999926451055e-01,7.354885591345653800e-12
9.999999999899356062e-01,1.006436526570351496e-11,9.999999999899354952e-01,1.006436526572182118e-11
9.999999999899356062e-01,1.006436526572182279e-11,9.999999999899357173e-01,1.006436526572182279e-11
9.999999999773966364e-01,2.260333082486093435e-11,9.999999999773967474e-01,2.260333082486093758e-11
9.999999999899356062e-01,1.006436526570351496e-11,9.999999999899356062e-01,1.006436526572182118e-11
9.999999999952834395e-01,4.716556624696631025e-12,9.999999999952834395e-01,4.716556624696631025e-12
9.999912770566483644e-01,8.722943351604154060e-06,9.999912770566484754e-01,8.722943351604157448e-06
9.999999960903752649e-01,3.909624719510955854e-09,9.999999960903752649e-01,3.909624719510955027e-09
9.999999999411371965e-01,5.886277232090517258e-11,9.999999999411371965e-01,5.886277232090517258e-11
1.331061532858209277e-10,9.999999998668938073e-01,1.331061532855787706e-10,9.999999998668936962e-01
9.887602347578915429e-01,1.123976524210834951e-02,9.887602347578915429e-01,1.123976524210834778e-02
9.999999999720921018e-01,2.790791985162629849e-11,9.999999999720921018e-01,2.790791985162630172e-11
9.999999999939095385e-01,6.090412875518539795e-12,9.999999999939096496e-01,6.090412875518540603e-12
9.999999999905297976e-01,9.470110775132346441e-12,9.999999999905297976e-01,9.470110775132346441e-12
9.999999999899356062e-01,1.006436526570351496e-11,9.999999999899357173e-01,1.006436526572182279e-11
9.999999999899356062e-01,1.006436526572182279e-11,9.999999999899357173e-01,1.006436526572182279e-11
9.999999999899356062e-01,1.006436526570351496e-11,9.999999999899357173e-01,1.006436526572182279e-11
9.999999999951999508e-01,4.800040419949225946e-12,9.999999999951999508e-01,4.800040419949226754e-12
9.999999999930926364e-01,6.907402739713283890e-12,9.999999999930926364e-01,6.907402739713283082e-12
9.999999999932954742e-01,6.704528807966159277e-12,9.999999999932954742e-01,6.704528807966159277e-12
9.999999999954056751e-01,4.594320500592706455e-12,9.999999999954056751e-01,4.594320500592706455e-12
9.999999999899356062e-01,1.006436526572182118e-11,9.999999999899356062e-01,1.006436526572182441e-11
9.999998453444800539e-01,1.546555199390202034e-07,9.999998453444801649e-01,1.546555199390202298e-07
9.999999999936636241e-01,6.336410936402270534e-12,9.999999999936635131e-01,6.336410936402269727e-12
9.999999999899356062e-01,1.006436526572182118e-11,9.999999999899356062e-01,1.006436526572182279e-11
9.999999999947278839e-01,5.272117414834594976e-12,9.999999999947278839e-01,5.272117414834594976e-12
9.999999999937110307e-01,6.288878759673187249e-12,9.999999999937111417e-01,6.288878759673186442e-12
2.900305680524530735e-42,1.000000000000000000e+00,2.900305680524530735e-42,1.000000000000000000e+00
3.802272892165729910e-93,1.000000000000000000e+00,3.802272892165729910e-93,1.000000000000000000e+00
9.999999995101670480e-01,4.898329619715867536e-10,9.999999995101669370e-01,4.898329619715866502e-10
9.999999999955205832e-01,4.479402961102862230e-12,9.999999999955204721e-01,4.479402961102862230e-12
9.999999999894058078e-01,1.059421469912400991e-11,9.999999999894058078e-01,1.059421469910473919e-11
9.999999999918550708e-01,8.144940323946530573e-12,9.999999999918551818e-01,8.144940323946532188e-12
9.999999999650964755e-01,3.490349648763065380e-11,9.999999999650964755e-01,3.490349648763065380e-11
4.237959541141029141e-04,9.995762040458859854e-01,4.237959541141029141e-04,9.995762040458858744e-01
9.999999999954136687e-01,4.586312181175753189e-12,9.999999999954136687e-01,4.586312181175752381e-12
9.999999999953544938e-01,4.645487461576500888e-12,9.999999999953544938e-01,4.645487461576501696e-12
9.999999999952834395e-01,4.716556624679471874e-12,9.999999999952834395e-01,4.716556624679472682e-12
9.999999999899356062e-01,1.006436526570351496e-11,9.999999999899356062e-01,1.006436526572182279e-11
9.999999999899356062e-01,1.006436526572182279e-11,9.999999999899357173e-01,1.006436526572182279e-11
9.999999999899356062e-01,1.006436526570351496e-11,9.999999999899357173e-01,1.006436526572182279e-11
9.999999999954550800e-01,4.544940010497601952e-12,9.999999999954550800e-01,4.544940010497601145e-12
9.999999999946250773e-01,5.374910414213383067e-12,9.999999999946250773e-01,5.374910414213383067e-12
9.999999999899356062e-01,1.006436526570351496e-11,9.999999999899357173e-01,1.006436526572182279e-11
9.999999999899356062e-01,1.006436526572182279e-11,9.999999999899357173e-01,1.006436526572182279e-11
9.999999999899356062e-01,1.006436526570351496e-11,9.999999999899357173e-01,1.006436526572182279e-11
9.999999999899356062e-01,1.006436526572182279e-11,9.999999999899357173e-01,1.006436526572182279e-11
9.999999999899356062e-01,1.006436526570351496e-11,9.999999999899357173e-01,1.006436526572182441e-11
9.999999999899356062e-01,1.006436526572182279e-11,9.999999999899357173e-01,1.006436526572182279e-11
9.999999999899356062e-01,1.006436526570351496e-11,9.999999999899357173e-01,1.006436526572182279e-11
9.999999999899356062e-01,1.006436526572182279e-11,9.999999999899357173e-01,1.006436526572182279e-11
9.999999999899356062e-01,1.006436526570351496e-11,9.999999999899357173e-01,1.006436526572182279e-11
9.887602347578916540e-01,1.123976524210834951e-02,9.887602347578915429e-01,1.123976524210834951e-02
9.999999999913983251e-01,8.601674835982171242e-12,9.999999999913983251e-01,8.601674835982171242e-12
9.999999999947765117e-01,5.223516961182826153e-12,9.999999999947765117e-01,5.223516961192328228e-12
9.999999999910679227e-01,8.932022517673120482e-12,9.999999999910680337e-01,8.932022517673122097e-12
9.999999987502280474e-01,1.249771974217972412e-09,9.999999987502280474e-01,1.249771974217972412e-09
9.999999999953544938e-01,4.645487461576500888e-12,9.999999999953544938e-01,4.645487461576501696e-12
9.999999999899356062e-01,1.006436526572182118e-11,9.999999999899354952e-01,1.006436526572182279e-11
9.999999999899356062e-01,1.006436526570351496e-11,9.999999999899357173e-01,1.006436526572182279e-11
9.999999999899356062e-01,1.006436526572182279e-11,9.999999999899357173e-01,1.006436526572182279e-11
9.999999999947278839e-01,5.272117414834594976e-12,9.999999999947278839e-01,5.272117414834594976e-12
9.999999999948683271e-01,5.131695836093258659e-12,9.999999999948683271e-01,5.131695836093258659e-12
9.999999999411373075e-01,5.886277232122639007e-11,9.999999999411373075e-01,5.886277232122637715e-11
9.999999999879028989e-01,1.209708840221311364e-11,9.999999999879027879e-01,1.209708840221311526e-11
9.999999999899356062e-01,1.006436526570351496e-11,9.999999999899357173e-01,1.006436526572182279e-11
9.999999999899356062e-01,1.006436526572182279e-11,9.999999999899357173e-01,1.006436526572182279e-11
9.999999999899356062e-01,1.006436526570351496e-11,9.999999999899357173e-01,1.006436526572182279e-11
9.999999999899356062e-01,1.006436526572182279e-11,9.999999999899357173e-01,1.006436526572182279e-11
9.999999999899356062e-01,1.006436526570351496e-11,9.999999999899357173e-01,1.006436526572182279e-11
9.999999999944562123e-01,5.543774189631414933e-12,9.999999999944562123e-01,5.543774189631414933e-12
9.999999999899356062e-01,1.006436526572182118e-11,9.999999999899357173e-01,1.006436526572182279e-11
9.999999999938302686e-01,6.169712484150116220e-12,9.999999999938303796e-01,6.169712484150116220e-12
9.999999999949931162e-01,5.006829722119050515e-12,9.999999999949931162e-01,5.006829722119049707e-12
9.999999999919977345e-01,8.002350202399183487e-12,9.999999999919976235e-01,8.002350202399183487e-12
9.999999999952834395e-01,4.716556624679471874e-12,9.999999999952834395e-01,4.716556624679471874e-12
9.999999999937110307e-01,6.288878759673187249e-12,9.999999999937110307e-01,6.288878759673186442e-12
9.999999999952163821e-01,4.783576317990629815e-12,9.999999999952164931e-01,4.783576317990630623e-12
5.075134280206971583e-03,9.949248657197931056e-01,5.075134280206972451e-03,9.949248657197931056e-01
9.999912770566484754e-01,8.722943351604155754e-06,9.999912770566483644e-01,8.722943351604155754e-06
9.999999999951999508e-01,4.800040419949225946e-12,9.999999999951999508e-01,4.800040419949225946e-12
9.999999998528751322e-01,1.471248556208624287e-10,9.999999998528751322e-01,1.471248556208624287e-10
9.999999999809391360e-01,1.906088482995973559e-11,9.999999999809391360e-01,1.906088482995973559e-11
9.999999999955205832e-01,4.479402961102862230e-12,9.999999999955206942e-01,4.479402961102862230e-12
9.999999999879028989e-01,1.209708840221311526e-11,9.999999999879028989e-01,1.209708840221311526e-11
9.999999999943958162e-01,5.604174516204302312e-12,9.999999999943958162e-01,5.604174516204301504e-12
9.999999999954136687e-01,4.586312181175752381e-12,9.999999999954136687e-01,4.586312181175753189e-12
9.999999999953218532e-01,4.678158430711390749e-12,9.999999999953217422e-01,4.678158430711391556e-12
9.999999999929860550e-01,7.013891618582878457e-12,9.999999999929861660e-01,7.013891618582879265e-12
9.999999999952834395e-01,4.716556624679471874e-12,9.999999999952834395e-01,4.716556624679471874e-12
9.999999987502279364e-01,1.249771974217972205e-09,9.999999987502281584e-01,1.249771974217972619e-09
9.999999999952834395e-01,4.716556624679471874e-12,9.999999999952833285e-01,4.716556624679471874e-12
9.999999999922692950e-01,7.730700947451596594e-12,9.999999999922692950e-01,7.730700947451596594e-12
9.999999999943958162e-01,5.604174516204302312e-12,9.999999999943959272e-01,5.604174516204301504e-12
9.999999999951034724e-01,4.896557034255830550e-12,9.999999999951033613e-01,4.896557034255830550e-12
9.999999999955371255e-01,4.462777587634429284e-12,9.999999999955372365e-01,4.462777587634429284e-12
9.999999999773967474e-01,2.260333082486094081e-11,9.999999999773966364e-01,2.260333082486093435e-11
9.999999999953544938e-01,4.645487461576500888e-12,9.999999999953544938e-01,4.645487461576500888e-12
9.999999999899356062e-01,1.006436526570351496e-11,9.999999999899354952e-01,1.006436526572182279e-11
9.999999999899356062e-01,1.006436526572182279e-11,9.999999999899357173e-01,1.006436526572182279e-11
9.999999999899356062e-01,1.006436526570351496e-11,9.999999999899357173e-01,1.006436526572182279e-11
9.999999999899356062e-01,1.006436526572182279e-11,9.999999999899357173e-01,1.006436526572182279e-11
9.999998453444800539e-01,1.546555199393015242e-07,9.999998453444801649e-01,1.546555199393015242e-07
9.999999999948926410e-01,5.107369090446971644e-12,9.999999999948926410e-01,5.107369090446971644e-12
9.999999999908943948e-01,9.105508767012362062e-12,9.999999999908943948e-01,9.105508767012362062e-12
9.999999999899356062e-01,1.006436526570351496e-11,9.999999999899356062e-01,1.006436526572182118e-11
9.999999999908945059e-01,9.105508767012363678e-12,9.999999999908945059e-01,9.105508767012363678e-12
9.999999999899356062e-01,1.006436526570351496e-11,9.999999999899356062e-01,1.006436526572182118e-11
9.999999999899356062e-01,1.006436526572182279e-11,9.999999999899357173e-01,1.006436526572182279e-11
9.999999999203141865e-01,7.968584051270794783e-11,9.999999999203141865e-01,7.968584051270796075e-11
9.999999999913983251e-01,8.601674835982171242e-12,9.999999999913983251e-01,8.601674835982171242e-12
9.999999999948683271e-01,5.131695836093257851e-12,9.999999999948683271e-01,5.131695836093257851e-12
9.999999999913983251e-01,8.601674835982171242e-12,9.999999999913983251e-01,8.601674835982172858e-12
9.999999999899356062e-01,1.006436526570351496e-11,9.999999999899357173e-01,1.006436526572182441e-11
9.999999999879028989e-01,1.209708840221311526e-11,9.999999999879030099e-01,1.209708840221311526e-11
9.999999352164864463e-01,6.478351360413595278e-08,9.999999352164864463e-01,6.478351360413595278e-08
9.438928158411615216e-16,9.999999999999990008e-01,9.438928158411615216e-16,9.999999999999990008e-01
9.998888664506996315e-01,1.111335493002679720e-04,9.998888664506996315e-01,1.111335493002679720e-04
9.999999999933496531e-01,6.650344746616775991e-12,9.999999999933496531e-01,6.650344746616775183e-12
9.999999999773967474e-01,2.260333082486094081e-11,9.999999999773966364e-01,2.260333082486094081e-11
9.999999999954056751e-01,4.594320500592706455e-12,9.999999999954056751e-01,4.594320500592706455e-12
9.999999999940605289e-01,5.939534100345412712e-12,9.999999999940605289e-01,5.939534100345412712e-12
9.999999997909720939e-01,2.090278510378762718e-10,9.999999997909722049e-01,2.090278510378762977e-10
9.999999999950521801e-01,4.947834189814315973e-12,9.999999999950521801e-01,4.947834189814315973e-12
9.999999352164864463e-01,6.478351360413596601e-08,9.999999352164863353e-01,6.478351360413593954e-08
9.438928158411615216e-16,9.999999999999990008e-01,9.438928158411615216e-16,9.999999999999990008e-01
5.075134280206970716e-03,9.949248657197929946e-01,5.075134280206971583e-03,9.949248657197931056e-01
9.999912770566484754e-01,8.722943351604155754e-06,9.999912770566483644e-01,8.722943351604155754e-06
9.999989299898902617e-01,1.070010109748559076e-06,9.999989299898901507e-01,1.070010109748558864e-06
9.999999352164864463e-01,6.478351360413595278e-08,9.999999352164863353e-01,6.478351360413595278e-08
1.204632648628137197e-17,1.000000000000000000e+00,1.204632648628137351e-17,1.000000000000000000e+00
9.999999999944562123e-01,5.543774189631414125e-12,9.999999999944562123e-01,5.543774189631414933e-12
7.552308208657628859e-14,9.999999999999245048e-01,7.552308208657630121e-14,9.999999999999245048e-01
9.452084402542823005e-01,5.479155974571778276e-02,9.452084402542823005e-01,5.479155974571777582e-02
8.957932467206111548e-277,1.000000000000000000e+00,8.957932467206111548e-277,1.000000000000000000e+00
8.957932467140933349e-267,1.000000000000000000e+00,4.681105781722372545e-287,1.000000000000000000e+00
8.957932467923063851e-267,1.000000000000000000e+00,5.502033506939095412e-285,1.000000000000000000e+00
1.000000000000000000e+00,8.957932522932904515e-267,2.660874161048715140e-54,1.000000000000000000e+00
1.133231708849795065e-217,1.000000000000000000e+00,1.133231708849795065e-217,1.000000000000000000e+00
2.165113646088372673e-74,1.000000000000000000e+00,2.165113646088372673e-74,1.000000000000000000e+00
9.999999999949931162e-01,5.006829722119050515e-12,9.999999999949931162e-01,5.006829722119050515e-12
9.999999998999999750e-11,9.999999998999999917e-01,9.523190088174214862e-01,4.768099118257854152e-02
5.000000000000000000e-01,5.000000000000000000e-01,4.238036665401728029e-09,9.999999957619633006e-01
5.646231525366710700e-22,1.000000000000000000e+00,5.646231525366710700e-22,1.000000000000000000e+00
5.646231525366711641e-22,1.000000000000000000e+00,5.646231525366710700e-22,1.000000000000000000e+00
9.999999352164864463e-01,6.478351360413595278e-08,9.999999352164864463e-01,6.478351360413596601e-08
9.999999352164863353e-01,6.478351360413593954e-08,9.999999352164863353e-01,6.478351360413593954e-08
9.999999999944296780e-01,5.570273398721385767e-12,9.999999999944296780e-01,5.570273398721385767e-12
9.999999999650965865e-01,3.490349648763066026e-11,9.999999999650964755e-01,3.490349648763065380e-11
9.999999999950521801e-01,4.947834189814315973e-12,9.999999999950520690e-01,4.947834189814315973e-12
9.999999999411373075e-01,5.886277232122639007e-11,9.999999999411371965e-01,5.886277232122637715e-11
1.911837754382282165e-32,1.000000000000000000e+00,1.911837754382282165e-32,1.000000000000000000e+00
3.869696153136382801e-116,1.000000000000000000e+00,3.869696153136382801e-116,1.000000000000000000e+00
2.142316050018834306e-165,1.000000000000000000e+00,2.142316050018834306e-165,1.000000000000000000e+00
2.411949648358555544e-24,1.000000000000000000e+00,2.411949648358555544e-24,1.000000000000000000e+00
1.133231708849795065e-217,1.000000000000000000e+00,1.133231708849795065e-217,1.000000000000000000e+00
5.646231525366710700e-22,1.000000000000000000e+00,5.646231525366710700e-22,1.000000000000000000e+00
9.995273477505144388e-01,4.726522494856116949e-04,9.995273477505143278e-01,4.726522494856116407e-04
9.999999999837737574e-01,1.622624383836943016e-11,9.999999999837737574e-01,1.622624383836943016e-11
9.999999999928261829e-01,7.173779663611029538e-12,9.999999999928262939e-01,7.173779663611030346e-12
9.999999999932954742e-01,6.704528807978354536e-12,9.999999999932954742e-01,6.704528807978354536e-12
9.999999923441931227e-01,7.655806880284774310e-09,9.999999923441931227e-01,7.655806880284772655e-09
9.999999997909722049e-01,2.090278510378763235e-10,9.999999997909722049e-01,2.090278510378762718e-10
9.999999999942685847e-01,5.731468574235022317e-12,9.999999999942684736e-01,5.731468574235022317e-12
9.995273477505143278e-01,4.726522494856116407e-04,9.995273477505144388e-01,4.726522494856116949e-04
5.075134280206971583e-03,9.949248657197929946e-01,5.075134280206971583e-03,9.949248657197929946e-01
9.999999999947279949e-01,5.272117414834594976e-12,9.999999999947278839e-01,5.272117414834594976e-12
9.999999999942015272e-01,5.798478635355017040e-12,9.999999999942015272e-01,5.798478635355017040e-12
9.999999999949931162e-01,5.006829722119050515e-12,9.999999999949931162e-01,5.006829722119051323e-12
9.999999999941007189e-01,5.899290110958372489e-12,9.999999999941007189e-01,5.899290110958372489e-12
5.075134280206971583e-03,9.949248657197931056e-01,5.075134280206971583e-03,9.949248657197931056e-01
9.999999999899356062e-01,1.006436526570351496e-11,9.999999999899356062e-01,1.006436526570351658e-11
9.999999999899356062e-01,1.006436526572182279e-11,9.999999999899357173e-01,1.006436526572182279e-11
9.999999999899356062e-01,1.006436526570351496e-11,9.999999999899357173e-01,1.006436526572182279e-11
9.999999999899356062e-01,1.006436526572182279e-11,9.999999999899357173e-01,1.006436526572182279e-11
9.999999999899356062e-01,1.006436526570351496e-11,9.999999999899357173e-01,1.006436526572182279e-11
9.999999999899356062e-01,1.006436526572182279e-11,9.999999999899357173e-01,1.006436526572182279e-11
9.999999999899356062e-01,1.006436526570351496e-11,9.999999999899357173e-01,1.006436526572182441e-11
9.999999999899356062e-01,1.006436526572182279e-11,9.999999999899357173e-01,1.006436526572182279e-11
9.999999999899356062e-01,1.006436526570351496e-11,9.999999999899357173e-01,1.006436526572182279e-11
9.999999999899356062e-01,1.006436526572182279e-11,9.999999999899357173e-01,1.006436526572182279e-11
9.438928158411613244e-16,9.999999999999990008e-01,9.438928158411615216e-16,9.999999999999990008e-01
9.999999999899356062e-01,1.006436526572182279e-11,9.999999999899356062e-01,1.006436526570351496e-11
9.999998453444800539e-01,1.546555199393015242e-07,9.999998453444801649e-01,1.546555199393015242e-07
9.999999999908945059e-01,9.105508767012363678e-12,9.999999999908945059e-01,9.105508767012363678e-12
9.999999999899356062e-01,1.006436526572182279e-11,9.999999999899356062e-01,1.006436526572182118e-11
9.999999999927624561e-01,7.237517422365036121e-12,9.999999999927625671e-01,7.237517422365036929e-12
9.999999999951034724e-01,4.896557034255830550e-12,9.999999999951034724e-01,4.896557034255830550e-12
9.999999999899356062e-01,1.006436526572182118e-11,9.999999999899356062e-01,1.006436526572182118e-11
9.999999999935760275e-01,6.423970721800951839e-12,9.999999999935761386e-01,6.423970721800952647e-12
9.999999999908943948e-01,9.105508767012362062e-12,9.999999999908945059e-01,9.105508767012363678e-12
9.999999999919976235e-01,8.002350202399185103e-12,9.999999999919976235e-01,8.002350202399185103e-12
9.999999999918550708e-01,8.144940323946530573e-12,9.999999999918549598e-01,8.144940323946530573e-12
9.999999999915555327e-01,8.444435846188329463e-12,9.999999999915556437e-01,8.444435846188331079e-12
9.999999999899356062e-01,1.006436526570351496e-11,9.999999999899356062e-01,1.006436526572182118e-11
9.999999999950521801e-01,4.947834189814315973e-12,9.999999999950520690e-01,4.947834189814315973e-12
9.999999999923987470e-01,7.601346801409596834e-12,9.999999999923986360e-01,7.601346801409596834e-12
9.999999999899356062e-01,1.006436526570351496e-11,9.999999999899356062e-01,1.006436526572182279e-11
9.999999999899356062e-01,1.006436526572182279e-11,9.999999999899357173e-01,1.006436526572182279e-11
9.999999999899356062e-01,1.006436526570351496e-11,9.999999999899357173e-01,1.006436526572182279e-11
9.999999999899356062e-01,1.006436526572182279e-11,9.999999999899357173e-01,1.006436526572182279e-11
9.999999999899356062e-01,1.006436526570351496e-11,9.999999999899357173e-01,1.006436526572182279e-11
9.999999999899356062e-01,1.006436526572182279e-11,9.999999999899357173e-01,1.006436526572182441e-11
9.999999999899356062e-01,1.006436526570351496e-11,9.999999999899357173e-01,1.006436526572182279e-11
9.999999999899356062e-01,1.006436526572182279e-11,9.999999999899357173e-01,1.006436526572182279e-11
9.999999999899356062e-01,1.006436526570351496e-11,9.999999999899357173e-01,1.006436526572182279e-11
9.999999999954932717e-01,4.506725468257666918e-12,9.999999999954932717e-01,4.506725468257666918e-12
9.999999999948926410e-01,5.107369090446971644e-12,9.999999999948926410e-01,5.107369090446971644e-12
9.999999999899356062e-01,1.006436526570351496e-11,9.999999999899356062e-01,1.006436526572182118e-11
9.999999999899356062e-01,1.006436526572182279e-11,9.999999999899357173e-01,1.006436526572182279e-11
9.999999999942015272e-01,5.798478635355017040e-12,9.999999999942015272e-01,5.798478635355017040e-12
9.999999999899356062e-01,1.006436526570351496e-11,9.999999999899356062e-01,1.006436526572182118e-11
9.999999999899356062e-01,1.006436526572182279e-11,9.999999999899357173e-01,1.006436526572182279e-11
9.999999999899356062e-01,1.006436526570351496e-11,9.999999999899357173e-01,1.006436526572182279e-11
9.999999999899356062e-01,1.006436526572182279e-11,9.999999999899357173e-01,1.006436526572182279e-11
9.999999999899356062e-01,1.006436526570351496e-11,9.999999999899357173e-01,1.006436526572182279e-11
9.999999999899356062e-01,1.006436526572182279e-11,9.999999999899357173e-01,1.006436526572182279e-11
9.999999999899356062e-01,1.006436526570351496e-11,9.999999999899357173e-01,1.006436526572182279e-11
9.999999999899356062e-01,1.006436526572182279e-11,9.999999999899357173e-01,1.006436526572182279e-11
9.999999999899356062e-01,1.006436526570351496e-11,9.999999999899357173e-01,1.006436526572182441e-11
9.999999999899356062e-01,1.006436526572182279e-11,9.999999999899357173e-01,1.006436526572182279e-11
9.999999999899356062e-01,1.006436526570351496e-11,9.999999999899357173e-01,1.006436526572182279e-11
9.999999999899356062e-01,1.006436526572182279e-11,9.999999999899357173e-01,1.006436526572182279e-11
9.999999999899356062e-01,1.006436526570351496e-11,9.999999999899357173e-01,1.006436526572182279e-11
9.999999999899356062e-01,1.006436526572182279e-11,9.999999999899357173e-01,1.006436526572182279e-11
9.999999999899356062e-01,1.006436526570351496e-11,9.999999999899357173e-01,1.006436526572182279e-11
9.999999999899356062e-01,1.006436526572182279e-11,9.999999999899357173e-01,1.006436526572182279e-11
9.999999999899356062e-01,1.006436526570351496e-11,9.999999999899357173e-01,1.006436526572182279e-11
9.999999999906338255e-01,9.366147881009112545e-12,9.999999999906338255e-01,9.366147881009112545e-12
9.999999999899356062e-01,1.006436526572182279e-11,9.999999999899356062e-01,1.006436526572182279e-11
9.999999999899356062e-01,1.006436526570351496e-11,9.999999999899357173e-01,1.006436526572182279e-11
9.999999999899356062e-01,1.006436526572182279e-11,9.999999999899357173e-01,1.006436526572182279e-11
9.999999999899356062e-01,1.006436526570351496e-11,9.999999999899357173e-01,1.006436526572182279e-11
9.999999999899356062e-01,1.006436526572182279e-11,9.999999999899357173e-01,1.006436526572182441e-11
9.999999999899356062e-01,1.006436526570351496e-11,9.999999999899357173e-01,1.006436526572182279e-11
9.999999999899356062e-01,1.006436526572182279e-11,9.999999999899357173e-01,1.006436526572182279e-11
9.999999999899356062e-01,1.006436526570351496e-11,9.999999999899357173e-01,1.006436526572182279e-11
9.999999999899356062e-01,1.006436526572182279e-11,9.999999999899357173e-01,1.006436526572182279e-11
9.999999999899356062e-01,1.006436526570351496e-11,9.999999999899357173e-01,1.006436526572182279e-11
9.999999999899356062e-01,1.006436526572182279e-11,9.999999999899357173e-01,1.006436526572182279e-11
9.999999999899356062e-01,1.006436526570351496e-11,9.999999999899357173e-01,1.006436526572182279e-11
9.999999999950521801e-01,4.947834189814315973e-12,9.999999999950520690e-01,4.947834189814315973e-12
9.999999999899356062e-01,1.006436526570351496e-11,9.999999999899357173e-01,1.006436526572182441e-11
9.999999999899356062e-01,1.006436526572182279e-11,9.999999999899357173e-01,1.006436526572182279e-11
9.999999999899356062e-01,1.006436526570351496e-11,9.999999999899357173e-01,1.006436526572182279e-11
9.999999999899356062e-01,1.006436526572182279e-11,9.999999999899357173e-01,1.006436526572182279e-11
9.999999999899356062e-01,1.006436526570351496e-11,9.999999999899357173e-01,1.006436526572182279e-11
9.999999999899356062e-01,1.006436526572182279e-11,9.999999999899357173e-01,1.006436526572182279e-11
9.999999999899356062e-01,1.006436526570351496e-11,9.999999999899357173e-01,1.006436526572182279e-11
9.999999999899356062e-01,1.006436526572182279e-11,9.999999999899357173e-01,1.006436526572182279e-11
9.999999999899356062e-01,1.006436526570351496e-11,9.999999999899357173e-01,1.006436526572182279e-11
9.999999999899356062e-01,1.006436526572182279e-11,9.999999999899357173e-01,1.006436526572182279e-11
9.999999999899356062e-01,1.006436526570351496e-11,9.999999999899357173e-01,1.006436526572182441e-11
9.999999999899356062e-01,1.006436526572182279e-11,9.999999999899357173e-01,1.006436526572182279e-11
9.999999999899356062e-01,1.006436526570351496e-11,9.999999999899357173e-01,1.006436526572182279e-11
9.999999999899356062e-01,1.006436526572182279e-11,9.999999999899357173e-01,1.006436526572182279e-11
9.999999999899356062e-01,1.006436526570351496e-11,9.999999999899357173e-01,1.006436526572182279e-11
9.999999999899356062e-01,1.006436526572182279e-11,9.999999999899357173e-01,1.006436526572182279e-11
9.999999999947765117e-01,5.223516961182826153e-12,9.999999999947765117e-01,5.223516961192328228e-12
9.999999999899356062e-01,1.006436526570351496e-11,9.999999999899357173e-01,1.006436526572182279e-11
9.999999999899356062e-01,1.006436526572182279e-11,9.999999999899357173e-01,1.006436526572182279e-11
9.999999999899356062e-01,1.006436526570351496e-11,9.999999999899357173e-01,1.006436526572182441e-11
9.999999999899356062e-01,1.006436526572182279e-11,9.999999999899357173e-01,1.006436526572182279e-11
9.999999999899356062e-01,1.006436526570351496e-11,9.999999999899357173e-01,1.006436526572182279e-11
9.999999999899356062e-01,1.006436526572182279e-11,9.999999999899357173e-01,1.006436526572182279e-11
9.999999999899356062e-01,1.006436526570351496e-11,9.999999999899357173e-01,1.006436526572182279e-11
9.999999999773966364e-01,2.260333082486093435e-11,9.999999999773967474e-01,2.260333082486093758e-11
9.999999999915555327e-01,8.444435846188329463e-12,9.999999999915555327e-01,8.444435846188331079e-12
9.999999999899356062e-01,1.006436526572182279e-11,9.999999999899356062e-01,1.006436526572182118e-11
9.999999999899356062e-01,1.006436526570351496e-11,9.999999999899357173e-01,1.006436526572182279e-11
9.999999999899356062e-01,1.006436526572182279e-11,9.999999999899357173e-01,1.006436526572182279e-11
9.999999999899356062e-01,1.006436526570351496e-11,9.999999999899357173e-01,1.006436526572182279e-11
9.999999999899356062e-01,1.006436526572182279e-11,9.999999999899357173e-01,1.006436526572182279e-11
9.999999999899356062e-01,1.006436526570351496e-11,9.999999999899357173e-01,1.006436526572182279e-11
9.999999999899356062e-01,1.006436526572182279e-11,9.999999999899357173e-01,1.006436526572182279e-11
9.999999999899356062e-01,1.006436526570351496e-11,9.999999999899357173e-01,1.006436526572182441e-11
9.999999999899356062e-01,1.006436526572182279e-11,9.999999999899357173e-01,1.006436526572182279e-11
9.999999999954614083e-01,4.538601109193966193e-12,9.999999999954614083e-01,4.538601109193966193e-12
9.999999999905297976e-01,9.470110775166797221e-12,9.999999999905299086e-01,9.470110775166800452e-12
9.999999999899356062e-01,1.006436526572182279e-11,9.999999999899357173e-01,1.006436526572182279e-11
9.999999999899356062e-01,1.006436526570351496e-11,9.999999999899357173e-01,1.006436526572182279e-11
9.999999999899356062e-01,1.006436526572182279e-11,9.999999999899357173e-01,1.006436526572182279e-11
9.999999999899356062e-01,1.006436526570351496e-11,9.999999999899357173e-01,1.006436526572182279e-11
9.999999999899356062e-01,1.006436526572182279e-11,9.999999999899357173e-01,1.006436526572182279e-11
9.999999999899356062e-01,1.006436526570351496e-11,9.999999999899357173e-01,1.006436526572182279e-11
9.999999999899356062e-01,1.006436526572182279e-11,9.999999999899357173e-01,1.006436526572182279e-11
9.999999999899356062e-01,1.006436526570351496e-11,9.999999999899357173e-01,1.006436526572182279e-11
9.999999999899356062e-01,1.006436526572182279e-11,9.999999999899357173e-01,1.006436526572182279e-11
9.999999999899356062e-01,1.006436526570351496e-11,9.999999999899357173e-01,1.006436526572182279e-11
9.999999999899356062e-01,1.006436526572182279e-11,9.999999999899357173e-01,1.006436526572182279e-11
9.999999999899356062e-01,1.006436526570351496e-11,9.999999999899357173e-01,1.006436526572182279e-11
9.999999999899356062e-01,1.006436526572182279e-11,9.999999999899357173e-01,1.006436526572182279e-11
9.999999999899356062e-01,1.006436526570351496e-11,9.999999999899357173e-01,1.006436526572182279e-11
9.999999999899356062e-01,1.006436526572182279e-11,9.999999999899357173e-01,1.006436526572182441e-11
9.999999999899356062e-01,1.006436526570351496e-11,9.999999999899357173e-01,1.006436526572182279e-11
9.999999999899356062e-01,1.006436526572182279e-11,9.999999999899357173e-01,1.006436526572182279e-11
9.999999999899356062e-01,1.006436526570351496e-11,9.999999999899357173e-01,1.006436526572182279e-11
9.999999999899356062e-01,1.006436526572182279e-11,9.999999999899357173e-01,1.006436526572182279e-11
9.999999999899356062e-01,1.006436526570351496e-11,9.999999999899357173e-01,1.006436526572182279e-11
9.999999999899356062e-01,1.006436526572182279e-11,9.999999999899357173e-01,1.006436526572182279e-11
9.999999999899356062e-01,1.006436526570351496e-11,9.999999999899357173e-01,1.006436526572182279e-11
9.999999999899356062e-01,1.006436526572182279e-11,9.999999999899357173e-01,1.006436526572182279e-11
9.999999999899356062e-01,1.006436526570351496e-11,9.999999999899357173e-01,1.006436526572182279e-11
9.999999999899356062e-01,1.006436526572182279e-11,9.999999999899357173e-01,1.006436526572182279e-11
9.999999999899356062e-01,1.006436526570351496e-11,9.999999999899357173e-01,1.006436526572182279e-11
9.999999999899356062e-01,1.006436526572182279e-11,9.999999999899357173e-01,1.006436526572182279e-11
9.999999999899356062e-01,1.006436526570351496e-11,9.999999999899357173e-01,1.006436526572182279e-11
9.999999999899356062e-01,1.006436526572182279e-11,9.999999999899357173e-01,1.006436526572182279e-11
9.999999999899356062e-01,1.006436526570351496e-11,9.999999999899357173e-01,1.006436526572182279e-11
9.999999999899356062e-01,1.006436526572182279e-11,9.999999999899357173e-01,1.006436526572182441e-11
9.999999999899356062e-01,1.006436526570351496e-11,9.999999999899357173e-01,1.006436526572182279e-11
9.999999999899356062e-01,1.006436526572182279e-11,9.999999999899357173e-01,1.006436526572182279e-11
9.999999999915555327e-01,8.444435846188329463e-12,9.999999999915555327e-01,8.444435846188329463e-12
9.999999999899356062e-01,1.006436526570351496e-11,9.999999999899356062e-01,1.006436526572182118e-11
9.999999999899356062e-01,1.006436526572182279e-11,9.999999999899357173e-01,1.006436526572182279e-11
9.999999999899356062e-01,1.006436526570351496e-11,9.999999999899357173e-01,1.006436526572182279e-11
9.999999999899356062e-01,1.006436526572182279e-11,9.999999999899357173e-01,1.006436526572182279e-11
9.999999999899356062e-01,1.006436526570351496e-11,9.999999999899357173e-01,1.006436526572182279e-11
9.999999999899356062e-01,1.006436526572182279e-11,9.999999999899357173e-01,1.006436526572182279e-11
9.999999999899356062e-01,1.006436526570351496e-11,9.999999999899357173e-01,1.006436526572182279e-11
9.999999999899356062e-01,1.006436526572182279e-11,9.999999999899357173e-01,1.006436526572182279e-11
9.999999999899356062e-01,1.006436526570351496e-11,9.999999999899357173e-01,1.006436526572182279e-11
9.999999999899356062e-01,1.006436526572182279e-11,9.999999999899357173e-01,1.006436526572182279e-11
9.999999999899356062e-01,1.006436526570351496e-11,9.999999999899357173e-01,1.006436526572182279e-11
9.999999999933496531e-01,6.650344746616775183e-12,9.999999999933495420e-01,6.650344746616775183e-12
9.999999999899356062e-01,1.006436526570351496e-11,9.999999999899356062e-01,1.006436526572182118e-11
9.999999999932954742e-01,6.704528807978354536e-12,9.999999999932954742e-01,6.704528807978354536e-12
9.999999999929860550e-01,7.013891618582878457e-12,9.999999999929860550e-01,7.013891618582879265e-12
9.999999999932954742e-01,6.704528807978354536e-12,9.999999999932954742e-01,6.704528807978353728e-12
9.999999999899356062e-01,1.006436526572182118e-11,9.999999999899357173e-01,1.006436526572182279e-11
9.999999999899356062e-01,1.006436526570351496e-11,9.999999999899357173e-01,1.006436526572182279e-11
9.999999999933496531e-01,6.650344746616775183e-12,9.999999999933495420e-01,6.650344746616775183e-12
9.999999999918549598e-01,8.144940323946530573e-12,9.999999999918550708e-01,8.144940323946532188e-12
9.999999999899356062e-01,1.006436526570351496e-11,9.999999999899357173e-01,1.006436526572182279e-11
9.999999999899356062e-01,1.006436526572182279e-11,9.999999999899357173e-01,1.006436526572182279e-11
9.999999999899356062e-01,1.006436526570351496e-11,9.999999999899357173e-01,1.006436526572182279e-11
9.999999999910679227e-01,8.932022517673120482e-12,9.999999999910680337e-01,8.932022517673122097e-12
9.999999999899356062e-01,1.006436526570351496e-11,9.999999999899357173e-01,1.006436526572182279e-11
9.999999999899356062e-01,1.006436526572182279e-11,9.999999999899357173e-01,1.006436526572182279e-11
9.999999999899356062e-01,1.006436526570351496e-11,9.999999999899357173e-01,1.006436526572182279e-11
9.999999999899356062e-01,1.006436526572182279e-11,9.999999999899357173e-01,1.006436526572182279e-11
9.999999999943958162e-01,5.604174516204302312e-12,9.999999999943959272e-01,5.604174516204302312e-12
9.999999999899356062e-01,1.006436526570351496e-11,9.999999999899356062e-01,1.006436526572182118e-11
9.999999999899356062e-01,1.006436526572182279e-11,9.999999999899357173e-01,1.006436526572182279e-11
9.999999999915555327e-01,8.444435846188329463e-12,9.999999999915555327e-01,8.444435846188329463e-12
9.999999999949931162e-01,5.006829722119050515e-12,9.999999999949931162e-01,5.006829722119050515e-12
9.999999999899356062e-01,1.006436526572182118e-11,9.999999999899357173e-01,1.006436526572182279e-11
9.999999999899356062e-01,1.006436526570351496e-11,9.999999999899357173e-01,1.006436526572182279e-11
9.999999999899356062e-01,1.006436526572182279e-11,9.999999999899357173e-01,1.006436526572182279e-11
9.999999999899356062e-01,1.006436526570351496e-11,9.999999999899357173e-01,1.006436526572182279e-11
9.999999999899356062e-01,1.006436526572182279e-11,9.999999999899357173e-01,1.006436526572182279e-11
9.999999999899356062e-01,1.006436526570351496e-11,9.999999999899357173e-01,1.006436526572182279e-11
9.999999999899356062e-01,1.006436526572182279e-11,9.999999999899357173e-01,1.006436526572182441e-11
9.999999999899356062e-01,1.006436526570351496e-11,9.999999999899357173e-01,1.006436526572182279e-11
9.999999999899356062e-01,1.006436526572182279e-11,9.999999999899357173e-01,1.006436526572182279e-11
9.999999999899356062e-01,1.006436526570351496e-11,9.999999999899357173e-01,1.006436526572182279e-11
9.999999999899356062e-01,1.006436526572182279e-11,9.999999999899357173e-01,1.006436526572182279e-11
9.999999999899356062e-01,1.006436526570351496e-11,9.999999999899357173e-01,1.006436526572182279e-11
9.999999999899356062e-01,1.006436526572182279e-11,9.999999999899357173e-01,1.006436526572182279e-11
9.999999999899356062e-01,1.006436526570351496e-11,9.999999999899357173e-01,1.006436526572182279e-11
9.999999999899356062e-01,1.006436526572182279e-11,9.999999999899357173e-01,1.006436526572182279e-11
9.999999999899356062e-01,1.006436526570351496e-11,9.999999999899357173e-01,1.006436526572182279e-11
9.999999999899356062e-01,1.006436526572182279e-11,9.999999999899357173e-01,1.006436526572182279e-11
9.999999999899356062e-01,1.006436526570351496e-11,9.999999999899357173e-01,1.006436526572182279e-11
9.999999999899356062e-01,1.006436526572182279e-11,9.999999999899357173e-01,1.006436526572182279e-11
9.999999999899356062e-01,1.006436526570351496e-11,9.999999999899357173e-01,1.006436526572182279e-11
9.999999999899356062e-01,1.006436526572182279e-11,9.999999999899357173e-01,1.006436526572182279e-11
9.999999999899356062e-01,1.006436526570351496e-11,9.999999999899357173e-01,1.006436526572182279e-11
9.999999999899356062e-01,1.006436526572182279e-11,9.999999999899357173e-01,1.006436526572182441e-11
9.999999999899356062e-01,1.006436526570351496e-11,9.999999999899357173e-01,1.006436526572182279e-11
9.999999999899356062e-01,1.006436526572182279e-11,9.999999999899357173e-01,1.006436526572182279e-11
9.999999999899356062e-01,1.006436526570351496e-11,9.999999999899357173e-01,1.006436526572182279e-11
9.999999999899356062e-01,1.006436526572182279e-11,9.999999999899357173e-01,1.006436526572182279e-11
9.999999999899356062e-01,1.006436526570351496e-11,9.999999999899357173e-01,1.006436526572182279e-11
9.999999999899356062e-01,1.006436526572182279e-11,9.999999999899357173e-01,1.006436526572182279e-11
9.999999999899356062e-01,1.006436526570351496e-11,9.999999999899357173e-01,1.006436526572182279e-11
9.999999999899356062e-01,1.006436526572182279e-11,9.999999999899357173e-01,1.006436526572182279e-11
9.999999999947278839e-01,5.272117414834594976e-12,9.999999999947278839e-01,5.272117414834594976e-12
9.999999999926452166e-01,7.354885591332276739e-12,9.999999999926451055e-01,7.354885591332275123e-12
9.999999999899356062e-01,1.006436526570351496e-11,9.999999999899354952e-01,1.006436526572182118e-11
9.999999999899356062e-01,1.006436526572182279e-11,9.999999999899357173e-01,1.006436526572182279e-11
9.999999999899356062e-01,1.006436526570351496e-11,9.999999999899357173e-01,1.006436526572182279e-11
9.999999999899356062e-01,1.006436526572182279e-11,9.999999999899357173e-01,1.006436526572182279e-11
9.999999999899356062e-01,1.006436526570351496e-11,9.999999999899357173e-01,1.006436526572182279e-11
9.999999999899356062e-01,1.006436526572182279e-11,9.999999999899357173e-01,1.006436526572182279e-11
9.999999999899356062e-01,1.006436526570351496e-11,9.999999999899357173e-01,1.006436526572182279e-11
9.999999999899356062e-01,1.006436526572182279e-11,9.999999999899357173e-01,1.006436526572182279e-11
9.999999999899356062e-01,1.006436526570351496e-11,9.999999999899357173e-01,1.006436526572182279e-11
9.999999999899356062e-01,1.006436526572182279e-11,9.999999999899357173e-01,1.006436526572182279e-11
9.999999999899356062e-01,1.006436526570351496e-11,9.999999999899357173e-01,1.006436526572182279e-11
9.999999999899356062e-01,1.006436526572182279e-11,9.999999999899357173e-01,1.006436526572182279e-11
9.999999999899356062e-01,1.006436526570351496e-11,9.999999999899357173e-01,1.006436526572182441e-11
9.999999999952834395e-01,4.716556624679471874e-12,9.999999999952834395e-01,4.716556624679472682e-12
9.999999999899356062e-01,1.006436526572182118e-11,9.999999999899356062e-01,1.006436526572182279e-11
9.999999999899356062e-01,1.006436526570351496e-11,9.999999999899357173e-01,1.006436526572182279e-11
9.999999999899356062e-01,1.006436526572182279e-11,9.999999999899357173e-01,1.006436526572182279e-11
9.999999999899356062e-01,1.006436526570351496e-11,9.999999999899357173e-01,1.006436526572182279e-11
9.999999999899356062e-01,1.006436526572182279e-11,9.999999999899357173e-01,1.006436526572182279e-11
9.999999999899356062e-01,1.006436526570351496e-11,9.999999999899357173e-01,1.006436526572182279e-11
9.999999999899356062e-01,1.006436526572182279e-11,9.999999999899357173e-01,1.006436526572182279e-11
9.999999999941007189e-01,5.899290110958372489e-12,9.999999999941007189e-01,5.899290110958371681e-12
9.999999999899356062e-01,1.006436526570351496e-11,9.999999999899356062e-01,1.006436526572182279e-11
9.999999999899356062e-01,1.006436526572182279e-11,9.999999999899357173e-01,1.006436526572182279e-11
9.999999999899356062e-01,1.006436526570351496e-11,9.999999999899357173e-01,1.006436526572182279e-11
9.999999999899356062e-01,1.006436526572182279e-11,9.999999999899357173e-01,1.006436526572182279e-11
9.999999999899356062e-01,1.006436526570351496e-11,9.999999999899357173e-01,1.006436526572182279e-11
9.999999999899356062e-01,1.006436526572182279e-11,9.999999999899357173e-01,1.006436526572182279e-11
9.999999999899356062e-01,1.006436526570351496e-11,9.999999999899357173e-01,1.006436526572182279e-11
9.999999999952834395e-01,4.716556624679471874e-12,9.999999999952834395e-01,4.716556624679472682e-12
9.999999999899356062e-01,1.006436526572182118e-11,9.999999999899356062e-01,1.006436526572182279e-11
9.999999999899356062e-01,1.006436526570351496e-11,9.999999999899357173e-01,1.006436526572182441e-11
9.999999999899356062e-01,1.006436526572182279e-11,9.999999999899357173e-01,1.006436526572182279e-11
9.999999999899356062e-01,1.006436526570351496e-11,9.999999999899357173e-01,1.006436526572182279e-11
9.999999999899356062e-01,1.006436526572182279e-11,9.999999999899357173e-01,1.006436526572182279e-11
9.999999999899356062e-01,1.006436526570351496e-11,9.999999999899357173e-01,1.006436526572182279e-11
9.999999999899356062e-01,1.006436526572182279e-11,9.999999999899357173e-01,1.006436526572182279e-11
9.999999999899356062e-01,1.006436526570351496e-11,9.999999999899357173e-01,1.006436526572182279e-11
9.999999999899356062e-01,1.006436526572182279e-11,9.999999999899357173e-01,1.006436526572182279e-11
9.999999999943958162e-01,5.604174516204302312e-12,9.999999999943959272e-01,5.604174516204303120e-12
9.999999999899356062e-01,1.006436526570351496e-11,9.999999999899356062e-01,1.006436526572182118e-11
9.999999999899356062e-01,1.006436526572182279e-11,9.999999999899357173e-01,1.006436526572182279e-11
9.999999999899356062e-01,1.006436526570351496e-11,9.999999999899357173e-01,1.006436526572182279e-11
9.999999999899356062e-01,1.006436526572182279e-11,9.999999999899357173e-01,1.006436526572182279e-11
9.999999999899356062e-01,1.006436526570351496e-11,9.999999999899357173e-01,1.006436526572182279e-11
9.999999999899356062e-01,1.006436526572182279e-11,9.999999999899357173e-01,1.006436526572182279e-11
9.999999999952834395e-01,4.716556624679471874e-12,9.999999999952834395e-01,4.716556624679472682e-12
9.999999999899356062e-01,1.006436526570351496e-11,9.999999999899356062e-01,1.006436526572182279e-11
9.999999999899356062e-01,1.006436526572182279e-11,9.999999999899357173e-01,1.006436526572182279e-11
9.999999999899356062e-01,1.006436526570351496e-11,9.999999999899357173e-01,1.006436526572182279e-11
9.999999999899356062e-01,1.006436526572182279e-11,9.999999999899357173e-01,1.006436526572182279e-11
9.999999999899356062e-01,1.006436526570351496e-11,9.999999999899357173e-01,1.006436526572182279e-11
9.999999999899356062e-01,1.006436526572182279e-11,9.999999999899357173e-01,1.006436526572182441e-11
9.999999999899356062e-01,1.006436526570351496e-11,9.999999999899357173e-01,1.006436526572182279e-11
9.999999999899356062e-01,1.006436526572182279e-11,9.999999999899357173e-01,1.006436526572182279e-11
9.999999999899356062e-01,1.006436526570351496e-11,9.999999999899357173e-01,1.006436526572182279e-11
9.999999999899356062e-01,1.006436526572182279e-11,9.999999999899357173e-01,1.006436526572182279e-11
9.999999999899356062e-01,1.006436526570351496e-11,9.999999999899357173e-01,1.006436526572182279e-11
9.999999999899356062e-01,1.006436526572182279e-11,9.999999999899357173e-01,1.006436526572182279e-11
9.999999999899356062e-01,1.006436526570351496e-11,9.999999999899357173e-01,1.006436526572182279e-11
9.999999999899356062e-01,1.006436526572182279e-11,9.999999999899357173e-01,1.006436526572182279e-11
9.999999999899356062e-01,1.006436526570351496e-11,9.999999999899357173e-01,1.006436526572182279e-11
9.999999999899356062e-01,1.006436526572182279e-11,9.999999999899357173e-01,1.006436526572182279e-11
9.999999999899356062e-01,1.006436526570351496e-11,9.999999999899357173e-01,1.006436526572182279e-11
9.999999999899356062e-01,1.006436526572182279e-11,9.999999999899357173e-01,1.006436526572182279e-11
9.999999999899356062e-01,1.006436526570351496e-11,9.999999999899357173e-01,1.006436526572182279e-11
9.999999999899356062e-01,1.006436526572182279e-11,9.999999999899357173e-01,1.006436526572182279e-11
9.999999999899356062e-01,1.006436526570351496e-11,9.999999999899357173e-01,1.006436526572182279e-11
9.999999999899356062e-01,1.006436526572182279e-11,9.999999999899357173e-01,1.006436526572182441e-11
9.999999999938302686e-01,6.169712484150116220e-12,9.999999999938303796e-01,6.169712484150116220e-12
9.999999999899356062e-01,1.006436526572182118e-11,9.999999999899356062e-01,1.006436526572182279e-11
9.999999999899356062e-01,1.006436526570351496e-11,9.999999999899357173e-01,1.006436526572182279e-11
9.999999999899356062e-01,1.006436526572182279e-11,9.999999999899357173e-01,1.006436526572182279e-11
9.999999999899356062e-01,1.006436526570351496e-11,9.999999999899357173e-01,1.006436526572182441e-11
9.999999999899356062e-01,1.006436526572182279e-11,9.999999999899357173e-01,1.006436526572182279e-11
9.999999999899356062e-01,1.006436526570351496e-11,9.999999999899357173e-01,1.006436526572182279e-11
9.999999999899356062e-01,1.006436526572182279e-11,9.999999999899357173e-01,1.006436526572182279e-11
9.999999999899356062e-01,1.006436526570351496e-11,9.999999999899357173e-01,1.006436526572182279e-11
9.999999999899356062e-01,1.006436526572182279e-11,9.999999999899357173e-01,1.006436526572182279e-11
9.999999999899356062e-01,1.006436526570351496e-11,9.999999999899357173e-01,1.006436526572182279e-11
9.999999999899356062e-01,1.006436526572182279e-11,9.999999999899357173e-01,1.006436526572182279e-11
9.999999999899356062e-01,1.006436526570351496e-11,9.999999999899357173e-01,1.006436526572182279e-11
9.999999999899356062e-01,1.006436526572182279e-11,9.999999999899357173e-01,1.006436526572182279e-11
9.999999999899356062e-01,1.006436526570351496e-11,9.999999999899357173e-01,1.006436526572182279e-11
9.999999999899356062e-01,1.006436526572182279e-11,9.999999999899357173e-01,1.006436526572182279e-11
9.999999999899356062e-01,1.006436526570351496e-11,9.999999999899357173e-01,1.006436526572182279e-11
9.999999999899356062e-01,1.006436526572182279e-11,9.999999999899357173e-01,1.006436526572182279e-11
9.999999999899356062e-01,1.006436526570351496e-11,9.999999999899357173e-01,1.006436526572182279e-11
9.999999999899356062e-01,1.006436526572182279e-11,9.999999999899357173e-01,1.006436526572182279e-11
9.999999999955432317e-01,4.456731138817930941e-12,9.999999999955433427e-01,4.456731138817931748e-12
9.999999999899356062e-01,1.006436526572182118e-11,9.999999999899356062e-01,1.006436526572182279e-11
9.999999999899356062e-01,1.006436526570351496e-11,9.999999999899357173e-01,1.006436526572182279e-11
9.999999999899356062e-01,1.006436526572182279e-11,9.999999999899357173e-01,1.006436526572182279e-11
9.999999999899356062e-01,1.006436526570351496e-11,9.999999999899357173e-01,1.006436526572182441e-11
9.999999999899356062e-01,1.006436526572182279e-11,9.999999999899357173e-01,1.006436526572182279e-11
9.999999999899356062e-01,1.006436526570351496e-11,9.999999999899357173e-01,1.006436526572182279e-11
9.999999999899356062e-01,1.006436526572182279e-11,9.999999999899357173e-01,1.006436526572182279e-11
9.999999999899356062e-01,1.006436526570351496e-11,9.999999999899357173e-01,1.006436526572182279e-11
9.999999999899356062e-01,1.006436526572182279e-11,9.999999999899357173e-01,1.006436526572182279e-11
9.999999999899356062e-01,1.006436526570351496e-11,9.999999999899357173e-01,1.006436526572182279e-11
9.999999999954979346e-01,4.502010443760069725e-12,9.999999999954980456e-01,4.502010443760070533e-12
9.999999999899356062e-01,1.006436526572182118e-11,9.999999999899356062e-01,1.006436526572182279e-11
9.999999999899356062e-01,1.006436526570351496e-11,9.999999999899357173e-01,1.006436526572182279e-11
9.999999999899356062e-01,1.006436526572182279e-11,9.999999999899357173e-01,1.006436526572182279e-11
9.999999999899356062e-01,1.006436526570351496e-11,9.999999999899357173e-01,1.006436526572182279e-11
9.999999999899356062e-01,1.006436526572182279e-11,9.999999999899357173e-01,1.006436526572182279e-11
9.999999999899356062e-01,1.006436526570351496e-11,9.999999999899357173e-01,1.006436526572182279e-11
9.999999998902970866e-01,1.097029182981382631e-10,9.999999998902970866e-01,1.097029182983378075e-10
9.999999999899356062e-01,1.006436526570351496e-11,9.999999999899356062e-01,1.006436526572182279e-11
9.999999999899356062e-01,1.006436526572182279e-11,9.999999999899357173e-01,1.006436526572182279e-11
9.999999999899356062e-01,1.006436526570351496e-11,9.999999999899357173e-01,1.006436526572182279e-11
9.999999999720921018e-01,2.790791985162629849e-11,9.999999999720919908e-01,2.790791985162629849e-11
9.999999999899356062e-01,1.006436526572182279e-11,9.999999999899356062e-01,1.006436526572182279e-11
9.999999999899356062e-01,1.006436526570351496e-11,9.999999999899357173e-01,1.006436526572182279e-11
9.999999999899356062e-01,1.006436526572182279e-11,9.999999999899357173e-01,1.006436526572182279e-11
9.999999999899356062e-01,1.006436526570351496e-11,9.999999999899357173e-01,1.006436526572182279e-11
9.999999999899356062e-01,1.006436526572182279e-11,9.999999999899357173e-01,1.006436526572182279e-11
9.999999999860557098e-01,1.394431753172929471e-11,9.999999999860555988e-01,1.394431753172929148e-11
9.999999999899356062e-01,1.006436526570351496e-11,9.999999999899356062e-01,1.006436526572182279e-11
9.999999999899356062e-01,1.006436526572182279e-11,9.999999999899357173e-01,1.006436526572182279e-11
9.999999999899356062e-01,1.006436526570351496e-11,9.999999999899357173e-01,1.006436526572182279e-11
9.999999999899356062e-01,1.006436526572182279e-11,9.999999999899357173e-01,1.006436526572182279e-11
9.999999999899356062e-01,1.006436526570351496e-11,9.999999999899357173e-01,1.006436526572182441e-11
9.999999999933496531e-01,6.650344746616775183e-12,9.999999999933495420e-01,6.650344746616775183e-12
9.999999999899356062e-01,1.006436526570351496e-11,9.999999999899356062e-01,1.006436526572182118e-11
9.999999999899356062e-01,1.006436526572182279e-11,9.999999999899357173e-01,1.006436526572182441e-11
9.999999999955387908e-01,4.461220696095307902e-12,9.999999999955387908e-01,4.461220696095307902e-12
9.999999999899356062e-01,1.006436526570351496e-11,9.999999999899356062e-01,1.006436526572182118e-11
9.999999999905299086e-01,9.470110775166798837e-12,9.999999999905299086e-01,9.470110775166800452e-12
9.999999999899356062e-01,1.006436526572182279e-11,9.999999999899357173e-01,1.006436526572182279e-11
9.999999999899356062e-01,1.006436526570351496e-11,9.999999999899357173e-01,1.006436526572182279e-11
9.999999999899356062e-01,1.006436526572182279e-11,9.999999999899357173e-01,1.006436526572182279e-11
9.999999999899356062e-01,1.006436526570351496e-11,9.999999999899357173e-01,1.006436526572182279e-11
9.999999999899356062e-01,1.006436526572182279e-11,9.999999999899357173e-01,1.006436526572182279e-11
9.999999999899356062e-01,1.006436526570351496e-11,9.999999999899357173e-01,1.006436526572182279e-11
9.999999999899356062e-01,1.006436526572182279e-11,9.999999999899357173e-01,1.006436526572182279e-11
9.999999999899356062e-01,1.006436526570351496e-11,9.999999999899357173e-01,1.006436526572182279e-11
9.999999999899356062e-01,1.006436526572182279e-11,9.999999999899357173e-01,1.006436526572182279e-11
9.999999999899356062e-01,1.006436526570351496e-11,9.999999999899357173e-01,1.006436526572182441e-11
9.999999999899356062e-01,1.006436526572182279e-11,9.999999999899357173e-01,1.006436526572182279e-11
9.999999999899356062e-01,1.006436526570351496e-11,9.999999999899357173e-01,1.006436526572182279e-11
9.999999999899356062e-01,1.006436526572182279e-11,9.999999999899357173e-01,1.006436526572182279e-11
9.999999999899356062e-01,1.006436526570351496e-11,9.999999999899357173e-01,1.006436526572182279e-11
9.999999999899356062e-01,1.006436526572182279e-11,9.999999999899357173e-01,1.006436526572182279e-11
9.999999999899356062e-01,1.006436526570351496e-11,9.999999999899357173e-01,1.006436526572182279e-11
9.999999999899356062e-01,1.006436526572182279e-11,9.999999999899357173e-01,1.006436526572182279e-11
9.999999999899356062e-01,1.006436526570351496e-11,9.999999999899357173e-01,1.006436526572182279e-11
9.999999999937111417e-01,6.288878759673187249e-12,9.999999999937111417e-01,6.288878759673187249e-12
9.999999999899356062e-01,1.006436526570351496e-11,9.999999999899356062e-01,1.006436526572182118e-11
9.999999999899356062e-01,1.006436526572182279e-11,9.999999999899357173e-01,1.006436526572182279e-11
9.999999999899356062e-01,1.006436526570351496e-11,9.999999999899357173e-01,1.006436526572182279e-11
9.999999999952834395e-01,4.716556624679471874e-12,9.999999999952834395e-01,4.716556624679472682e-12
9.999999999899356062e-01,1.006436526572182118e-11,9.999999999899356062e-01,1.006436526572182279e-11
9.999999999899356062e-01,1.006436526570351496e-11,9.999999999899357173e-01,1.006436526572182279e-11
9.999999999899356062e-01,1.006436526572182279e-11,9.999999999899357173e-01,1.006436526572182279e-11
9.999999999899356062e-01,1.006436526570351496e-11,9.999999999899357173e-01,1.006436526572182279e-11
9.999999999899356062e-01,1.006436526572182279e-11,9.999999999899357173e-01,1.006436526572182279e-11
9.999999999899356062e-01,1.006436526570351496e-11,9.999999999899357173e-01,1.006436526572182279e-11
9.999999999899356062e-01,1.006436526572182279e-11,9.999999999899357173e-01,1.006436526572182279e-11
9.999999987502280474e-01,1.249771974217972412e-09,9.999999987502280474e-01,1.249771974217972412e-09
9.999999999899356062e-01,1.006436526572182118e-11,9.999999999899357173e-01,1.006436526572182279e-11
9.999999999899356062e-01,1.006436526570351496e-11,9.999999999899357173e-01,1.006436526572182279e-11
9.999999999899356062e-01,1.006436526572182279e-11,9.999999999899357173e-01,1.006436526572182279e-11
9.999999999899356062e-01,1.006436526570351496e-11,9.999999999899357173e-01,1.006436526572182279e-11
9.999999999899356062e-01,1.006436526572182279e-11,9.999999999899357173e-01,1.006436526572182441e-11
9.999999999899356062e-01,1.006436526570351496e-11,9.999999999899357173e-01,1.006436526572182279e-11
9.999999999899356062e-01,1.006436526572182279e-11,9.999999999899357173e-01,1.006436526572182279e-11
9.999999999899356062e-01,1.006436526570351496e-11,9.999999999899357173e-01,1.006436526572182279e-11
9.999999999899356062e-01,1.006436526572182279e-11,9.999999999899357173e-01,1.006436526572182279e-11
9.999999999899356062e-01,1.006436526570351496e-11,9.999999999899357173e-01,1.006436526572182279e-11
9.999999999899356062e-01,1.006436526572182279e-11,9.999999999899357173e-01,1.006436526572182279e-11
9.999999999899356062e-01,1.006436526570351496e-11,9.999999999899357173e-01,1.006436526572182279e-11
9.999999999899356062e-01,1.006436526572182279e-11,9.999999999899357173e-01,1.006436526572182279e-11
9.999999999899356062e-01,1.006436526570351496e-11,9.999999999899357173e-01,1.006436526572182279e-11
9.999999999899356062e-01,1.006436526572182279e-11,9.999999999899357173e-01,1.006436526572182279e-11
9.999999999899356062e-01,1.006436526570351496e-11,9.999999999899357173e-01,1.006436526572182279e-11
9.999999999899356062e-01,1.006436526572182279e-11,9.999999999899357173e-01,1.006436526572182279e-11
9.999999999899356062e-01,1.006436526570351496e-11,9.999999999899357173e-01,1.006436526572182279e-11
9.999999999905299086e-01,9.470110775166798837e-12,9.999999999905299086e-01,9.470110775166800452e-12
9.999999999899356062e-01,1.006436526572182279e-11,9.999999999899357173e-01,1.006436526572182279e-11
9.999999999899356062e-01,1.006436526570351496e-11,9.999999999899357173e-01,1.006436526572182279e-11
9.999999999899356062e-01,1.006436526572182279e-11,9.999999999899357173e-01,1.006436526572182279e-11
9.999999999899356062e-01,1.006436526570351496e-11,9.999999999899357173e-01,1.006436526572182279e-11
9.999999999899356062e-01,1.006436526572182279e-11,9.999999999899357173e-01,1.006436526572182279e-11
9.999999999899356062e-01,1.006436526570351496e-11,9.999999999899357173e-01,1.006436526572182279e-11
9.999999999899356062e-01,1.006436526572182279e-11,9.999999999899357173e-01,1.006436526572182279e-11
9.999999999941007189e-01,5.899290110958372489e-12,9.999999999941007189e-01,5.899290110958372489e-12
9.999999999899356062e-01,1.006436526570351496e-11,9.999999999899356062e-01,1.006436526572182118e-11
9.999999999899356062e-01,1.006436526572182279e-11,9.999999999899357173e-01,1.006436526572182279e-11
9.999999999899356062e-01,1.006436526570351496e-11,9.999999999899357173e-01,1.006436526572182279e-11
9.999999999899356062e-01,1.006436526572182279e-11,9.999999999899357173e-01,1.006436526572182279e-11
9.999999999899356062e-01,1.006436526570351496e-11,9.999999999899357173e-01,1.006436526572182279e-11
9.999999999899356062e-01,1.006436526572182279e-11,9.999999999899357173e-01,1.006436526572182279e-11
9.999999999899356062e-01,1.006436526570351496e-11,9.999999999899357173e-01,1.006436526572182279e-11
9.999999999899356062e-01,1.006436526572182279e-11,9.999999999899357173e-01,1.006436526572182441e-11
9.999999999899356062e-01,1.006436526570351496e-11,9.999999999899357173e-01,1.006436526572182279e-11
9.999999999899356062e-01,1.006436526572182279e-11,9.999999999899357173e-01,1.006436526572182279e-11
9.999999999899356062e-01,1.006436526570351496e-11,9.999999999899357173e-01,1.006436526572182279e-11
9.999999999899356062e-01,1.006436526572182279e-11,9.999999999899357173e-01,1.006436526572182279e-11
9.999999999899356062e-01,1.006436526570351496e-11,9.999999999899357173e-01,1.006436526572182279e-11
9.999999999899356062e-01,1.006436526572182279e-11,9.999999999899357173e-01,1.006436526572182279e-11
9.999999999899356062e-01,1.006436526570351496e-11,9.999999999899357173e-01,1.006436526572182279e-11
9.999999999899356062e-01,1.006436526572182279e-11,9.999999999899357173e-01,1.006436526572182279e-11
9.999999999899356062e-01,1.006436526570351496e-11,9.999999999899357173e-01,1.006436526572182279e-11
9.999999999899356062e-01,1.006436526572182279e-11,9.999999999899357173e-01,1.006436526572182279e-11
9.999999999899356062e-01,1.006436526570351496e-11,9.999999999899357173e-01,1.006436526572182279e-11
9.999999999899356062e-01,1.006436526572182279e-11,9.999999999899357173e-01,1.006436526572182279e-11
9.999999999899356062e-01,1.006436526570351496e-11,9.999999999899357173e-01,1.006436526572182279e-11
9.999999999899356062e-01,1.006436526572182279e-11,9.999999999899357173e-01,1.006436526572182279e-11
9.999999999899356062e-01,1.006436526570351496e-11,9.999999999899357173e-01,1.006436526572182279e-11
9.999999999899356062e-01,1.006436526572182279e-11,9.999999999899357173e-01,1.006436526572182441e-11
9.999999999899356062e-01,1.006436526570351496e-11,9.999999999899357173e-01,1.006436526572182279e-11
9.999999997909720939e-01,2.090278510378762977e-10,9.999999997909722049e-01,2.090278510378762977e-10
9.999999999203141865e-01,7.968584051270794783e-11,9.999999999203141865e-01,7.968584051270794783e-11
9.999999999899356062e-01,1.006436526570351496e-11,9.999999999899356062e-01,1.006436526572182279e-11
9.999999999899356062e-01,1.006436526572182279e-11,9.999999999899357173e-01,1.006436526572182279e-11
9.999999999899356062e-01,1.006436526570351496e-11,9.999999999899357173e-01,1.006436526572182279e-11
9.999999999899356062e-01,1.006436526572182279e-11,9.999999999899357173e-01,1.006436526572182279e-11
9.999999999899356062e-01,1.006436526570351496e-11,9.999999999899357173e-01,1.006436526572182279e-11
9.999999999899356062e-01,1.006436526572182279e-11,9.999999999899357173e-01,1.006436526572182279e-11
9.999999999899356062e-01,1.006436526570351496e-11,9.999999999899357173e-01,1.006436526572182279e-11
9.999999999899356062e-01,1.006436526572182279e-11,9.999999999899357173e-01,1.006436526572182279e-11
9.999999999899356062e-01,1.006436526570351496e-11,9.999999999899357173e-01,1.006436526572182279e-11
9.999999999899356062e-01,1.006436526572182279e-11,9.999999999899357173e-01,1.006436526572182279e-11
9.999999999899356062e-01,1.006436526570351496e-11,9.999999999899357173e-01,1.006436526572182279e-11
9.999999999899356062e-01,1.006436526572182279e-11,9.999999999899357173e-01,1.006436526572182279e-11
9.999999999899356062e-01,1.006436526570351496e-11,9.999999999899357173e-01,1.006436526572182279e-11
9.999999999899356062e-01,1.006436526572182279e-11,9.999999999899357173e-01,1.006436526572182279e-11
9.999999999899356062e-01,1.006436526570351496e-11,9.999999999899357173e-01,1.006436526572182279e-11
9.999999999899356062e-01,1.006436526572182279e-11,9.999999999899357173e-01,1.006436526572182441e-11
9.999999999899356062e-01,1.006436526570351496e-11,9.999999999899357173e-01,1.006436526572182279e-11
9.999999999941007189e-01,5.899290110958372489e-12,9.999999999941007189e-01,5.899290110958372489e-12
9.999999999899356062e-01,1.006436526572182118e-11,9.999999999899356062e-01,1.006436526572182118e-11
9.999999999899356062e-01,1.006436526570351496e-11,9.999999999899357173e-01,1.006436526572182279e-11
9.999999999899356062e-01,1.006436526572182279e-11,9.999999999899357173e-01,1.006436526572182279e-11
9.999999999899356062e-01,1.006436526570351496e-11,9.999999999899357173e-01,1.006436526572182279e-11
9.999999999899356062e-01,1.006436526572182279e-11,9.999999999899357173e-01,1.006436526572182279e-11
9.999999999899356062e-01,1.006436526570351496e-11,9.999999999899357173e-01,1.006436526572182279e-11
9.999999999899356062e-01,1.006436526572182279e-11,9.999999999899357173e-01,1.006436526572182279e-11
9.999999999954932717e-01,4.506725468257666918e-12,9.999999999954932717e-01,4.506725468257666918e-12
9.999999999899356062e-01,1.006436526572182118e-11,9.999999999899356062e-01,1.006436526572182118e-11
9.999999999899356062e-01,1.006436526570351496e-11,9.999999999899357173e-01,1.006436526572182279e-11
9.999999999899356062e-01,1.006436526572182279e-11,9.999999999899357173e-01,1.006436526572182279e-11
9.999999999899356062e-01,1.006436526570351496e-11,9.999999999899357173e-01,1.006436526572182279e-11
9.999999999899356062e-01,1.006436526572182279e-11,9.999999999899357173e-01,1.006436526572182279e-11
9.999999999899356062e-01,1.006436526570351496e-11,9.999999999899357173e-01,1.006436526572182279e-11
9.999999999899356062e-01,1.006436526572182279e-11,9.999999999899357173e-01,1.006436526572182279e-11
9.999999999899356062e-01,1.006436526570351496e-11,9.999999999899357173e-01,1.006436526572182279e-11
9.999999999899356062e-01,1.006436526572182279e-11,9.999999999899357173e-01,1.006436526572182279e-11
9.999999999952163821e-01,4.783576317990629815e-12,9.999999999952164931e-01,4.783576317990630623e-12
9.999999999899356062e-01,1.006436526570351496e-11,9.999999999899356062e-01,1.006436526572182279e-11
9.999999999954614083e-01,4.538601109193966193e-12,9.999999999954614083e-01,4.538601109193967001e-12
9.999999999899356062e-01,1.006436526570351496e-11,9.999999999899356062e-01,1.006436526572182279e-11
9.999999999899356062e-01,1.006436526572182279e-11,9.999999999899357173e-01,1.006436526572182279e-11
9.999999999954056751e-01,4.594320500592706455e-12,9.999999999954055641e-01,4.594320500592706455e-12
9.999999999899356062e-01,1.006436526572182118e-11,9.999999999899356062e-01,1.006436526572182441e-11
9.999999999899356062e-01,1.006436526570351496e-11,9.999999999899357173e-01,1.006436526572182279e-11
9.999999999899356062e-01,1.006436526572182279e-11,9.999999999899357173e-01,1.006436526572182279e-11
9.999999999899356062e-01,1.006436526570351496e-11,9.999999999899357173e-01,1.006436526572182279e-11
9.999999999899356062e-01,1.006436526572182279e-11,9.999999999899357173e-01,1.006436526572182279e-11
9.999999999899356062e-01,1.006436526570351496e-11,9.999999999899357173e-01,1.006436526572182279e-11
9.999999999899356062e-01,1.006436526572182279e-11,9.999999999899357173e-01,1.006436526572182441e-11
9.999999999899356062e-01,1.006436526570351496e-11,9.999999999899357173e-01,1.006436526572182279e-11
9.999999999899356062e-01,1.006436526572182279e-11,9.999999999899357173e-01,1.006436526572182279e-11
9.999999999899356062e-01,1.006436526570351496e-11,9.999999999899357173e-01,1.006436526572182279e-11
9.999999999899356062e-01,1.006436526572182279e-11,9.999999999899357173e-01,1.006436526572182279e-11
9.999999999946250773e-01,5.374910414213383067e-12,9.999999999946250773e-01,5.374910414213383067e-12
9.999999999899356062e-01,1.006436526572182118e-11,9.999999999899357173e-01,1.006436526572182279e-11
9.999999999899356062e-01,1.006436526570351496e-11,9.999999999899357173e-01,1.006436526572182441e-11
9.999999999899356062e-01,1.006436526572182279e-11,9.999999999899357173e-01,1.006436526572182279e-11
9.999999999899356062e-01,1.006436526570351496e-11,9.999999999899357173e-01,1.006436526572182279e-11
9.999999999899356062e-01,1.006436526572182279e-11,9.999999999899357173e-01,1.006436526572182279e-11
9.999999999899356062e-01,1.006436526570351496e-11,9.999999999899357173e-01,1.006436526572182279e-11
9.999999999899356062e-01,1.006436526572182279e-11,9.999999999899357173e-01,1.006436526572182279e-11
9.999999999899356062e-01,1.006436526570351496e-11,9.999999999899357173e-01,1.006436526572182279e-11
9.999999999899356062e-01,1.006436526572182279e-11,9.999999999899357173e-01,1.006436526572182279e-11
9.999999999899356062e-01,1.006436526570351496e-11,9.999999999899357173e-01,1.006436526572182279e-11
9.999999999899356062e-01,1.006436526572182279e-11,9.999999999899357173e-01,1.006436526572182279e-11
9.999999999954614083e-01,4.538601109193966193e-12,9.999999999954614083e-01,4.538601109193966193e-12
9.999999999899356062e-01,1.006436526572182118e-11,9.999999999899356062e-01,1.006436526572182279e-11
9.999999999899356062e-01,1.006436526570351496e-11,9.999999999899357173e-01,1.006436526572182279e-11
9.999999999905299086e-01,9.470110775166798837e-12,9.999999999905299086e-01,9.470110775166800452e-12
9.999999999899356062e-01,1.006436526572182279e-11,9.999999999899357173e-01,1.006436526572182279e-11
9.999999999951034724e-01,4.896557034255830550e-12,9.999999999951034724e-01,4.896557034255830550e-12
9.999999999899356062e-01,1.006436526572182118e-11,9.999999999899356062e-01,1.006436526572182118e-11
9.999999999899356062e-01,1.006436526570351496e-11,9.999999999899357173e-01,1.006436526572182279e-11
9.999999999899356062e-01,1.006436526572182279e-11,9.999999999899357173e-01,1.006436526572182441e-11
9.999999999899356062e-01,1.006436526570351496e-11,9.999999999899357173e-01,1.006436526572182279e-11
9.999999999899356062e-01,1.006436526572182279e-11,9.999999999899357173e-01,1.006436526572182279e-11
9.999999999899356062e-01,1.006436526570351496e-11,9.999999999899357173e-01,1.006436526572182279e-11
9.999999999951034724e-01,4.896557034255830550e-12,9.999999999951034724e-01,4.896557034255830550e-12
9.999999999899356062e-01,1.006436526570351496e-11,9.999999999899356062e-01,1.006436526572182118e-11
9.999999999899356062e-01,1.006436526572182279e-11,9.999999999899357173e-01,1.006436526572182279e-11
9.999999999899356062e-01,1.006436526570351496e-11,9.999999999899357173e-01,1.006436526572182279e-11
9.999999999954979346e-01,4.502010443760069725e-12,9.999999999954980456e-01,4.502010443760070533e-12
9.999999999899356062e-01,1.006436526572182118e-11,9.999999999899356062e-01,1.006436526572182118e-11
9.999999999899356062e-01,1.006436526570351496e-11,9.999999999899357173e-01,1.006436526572182279e-11
9.999999999899356062e-01,1.006436526572182279e-11,9.999999999899357173e-01,1.006436526572182279e-11
9.999999999899356062e-01,1.006436526570351496e-11,9.999999999899357173e-01,1.006436526572182279e-11
9.999999999899356062e-01,1.006436526572182279e-11,9.999999999899357173e-01,1.006436526572182279e-11
9.999999999899356062e-01,1.006436526570351496e-11,9.999999999899357173e-01,1.006436526572182279e-11
9.999999999910679227e-01,8.932022517673120482e-12,9.999999999910680337e-01,8.932022517673122097e-12
9.999999999899356062e-01,1.006436526570351496e-11,9.999999999899357173e-01,1.006436526572182279e-11
9.999999999899356062e-01,1.006436526572182279e-11,9.999999999899357173e-01,1.006436526572182279e-11
9.999999999837737574e-01,1.622624383836943016e-11,9.999999999837737574e-01,1.622624383836942693e-11
9.999999999951999508e-01,4.800040419949225946e-12,9.999999999951999508e-01,4.800040419949225138e-12
9.999999999953544938e-01,4.645487461576500888e-12,9.999999999953546048e-01,4.645487461576501696e-12
9.999999999955238028e-01,4.476278123304676083e-12,9.999999999955238028e-01,4.476278123304676083e-12
9.999999999720921018e-01,2.790791985162630172e-11,9.999999999720921018e-01,2.790791985162629849e-11
9.999999999899356062e-01,1.006436526572182279e-11,9.999999999899356062e-01,1.006436526572182279e-11
9.999999999932954742e-01,6.704528807978354536e-12,9.999999999932954742e-01,6.704528807978354536e-12
9.999999999952163821e-01,4.783576317990629815e-12,9.999999999952163821e-01,4.783576317990629815e-12
9.999999999915555327e-01,8.444435846188329463e-12,9.999999999915555327e-01,8.444435846188331079e-12
9.999999999899356062e-01,1.006436526570351496e-11,9.999999999899356062e-01,1.006436526572182118e-11
9.999999999899356062e-01,1.006436526572182279e-11,9.999999999899357173e-01,1.006436526572182279e-11
9.999999999899356062e-01,1.006436526570351496e-11,9.999999999899357173e-01,1.006436526572182279e-11
9.999999999411371965e-01,5.886277232122637715e-11,9.999999999411371965e-01,5.886277232122639007e-11
9.999999999899356062e-01,1.006436526570351496e-11,9.999999999899356062e-01,1.006436526572182441e-11
9.999999999203141865e-01,7.968584051270794783e-11,9.999999999203141865e-01,7.968584051270796075e-11
9.999999999809391360e-01,1.906088482995973559e-11,9.999999999809391360e-01,1.906088482995973559e-11
9.999999999950521801e-01,4.947834189814315973e-12,9.999999999950520690e-01,4.947834189814315973e-12
9.999999923441931227e-01,7.655806880284774310e-09,9.999999923441930116e-01,7.655806880284772655e-09
9.999999999899356062e-01,1.006436526572182279e-11,9.999999999899357173e-01,1.006436526572182441e-11
9.999999999899356062e-01,1.006436526570351496e-11,9.999999999899357173e-01,1.006436526572182279e-11
9.999999999950521801e-01,4.947834189814315973e-12,9.999999999950520690e-01,4.947834189814315973e-12
9.999999996166386573e-01,3.833613362069156150e-10,9.999999996166386573e-01,3.833613362069156667e-10
9.999999996166386573e-01,3.833613362069156150e-10,9.999999996166386573e-01,3.833613362069156150e-10
9.999999996166386573e-01,3.833613362069156150e-10,9.999999996166386573e-01,3.833613362069156150e-10
9.999999996166386573e-01,3.833613362069156150e-10,9.999999996166386573e-01,3.833613362069156150e-10
9.999999996166386573e-01,3.833613362069156150e-10,9.999999996166386573e-01,3.833613362069156150e-10
9.999999996166386573e-01,3.833613362069156150e-10,9.999999996166386573e-01,3.833613362069156150e-10
9.999999996166386573e-01,3.833613362069156150e-10,9.999999996166386573e-01,3.833613362069156150e-10
9.999999996166386573e-01,3.833613362069156150e-10,9.999999996166386573e-01,3.833613362069156150e-10
9.999999996166386573e-01,3.833613362069156150e-10,9.999999996166386573e-01,3.833613362069156150e-10
9.999999996166386573e-01,3.833613362069156150e-10,9.999999996166386573e-01,3.833613362069156150e-10
9.999999996166386573e-01,3.833613362069156150e-10,9.999999996166386573e-01,3.833613362069156150e-10
9.999999996166386573e-01,3.833613362069156150e-10,9.999999996166386573e-01,3.833613362069156150e-10
9.999999996166386573e-01,3.833613362069156150e-10,9.999999996166386573e-01,3.833613362069156150e-10
9.999999996166386573e-01,3.833613362069156150e-10,9.999999996166386573e-01,3.833613362069156150e-10
9.999999996166386573e-01,3.833613362069156150e-10,9.999999996166386573e-01,3.833613362069156150e-10
9.999999996166386573e-01,3.833613362069156150e-10,9.999999996166386573e-01,3.833613362069156150e-10
9.999999996166386573e-01,3.833613362069156150e-10,9.999999996166386573e-01,3.833613362069156150e-10
9.999999996166386573e-01,3.833613362069156150e-10,9.999999996166386573e-01,3.833613362069156150e-10
9.999999996166386573e-01,3.833613362069156150e-10,9.999999996166386573e-01,3.833613362069156150e-10
9.999999996166386573e-01,3.833613362069156150e-10,9.999999996166386573e-01,3.833613362069156150e-10
9.999999996166386573e-01,3.833613362069156150e-10,9.999999996166386573e-01,3.833613362069156150e-10
9.999999996166386573e-01,3.833613362069156150e-10,9.999999996166386573e-01,3.833613362069156150e-10
9.999999996166386573e-01,3.833613362069156150e-10,9.999999996166386573e-01,3.833613362069156150e-10
9.999999996166386573e-01,3.833613362069156150e-10,9.999999996166386573e-01,3.833613362069156150e-10
9.999999996166386573e-01,3.833613362069156150e-10,9.999999996166386573e-01,3.833613362069156150e-10
9.999999996166386573e-01,3.833613362069156150e-10,9.999999996166386573e-01,3.833613362069156150e-10
9.999999996166386573e-01,3.833613362069156150e-10,9.999999996166386573e-01,3.833613362069156150e-10
9.999999996166386573e-01,3.833613362069156150e-10,9.999999996166386573e-01,3.833613362069156150e-10
9.999999996166386573e-01,3.833613362069156150e-10,9.999999996166386573e-01,3.833613362069156150e-10
9.999999996166386573e-01,3.833613362069156150e-10,9.999999996166386573e-01,3.833613362069156150e-10
9.999999999899356062e-01,1.006436526570351658e-11,9.999999999899356062e-01,1.006436526572182441e-11
9.999999999899356062e-01,1.006436526572182279e-11,9.999999999899357173e-01,1.006436526572182279e-11
9.999999999899356062e-01,1.006436526570351496e-11,9.999999999899357173e-01,1.006436526572182279e-11
9.999999999899356062e-01,1.006436526572182279e-11,9.999999999899357173e-01,1.006436526572182279e-11
9.999999999899356062e-01,1.006436526570351496e-11,9.999999999899357173e-01,1.006436526572182279e-11
9.999999999899356062e-01,1.006436526572182279e-11,9.999999999899357173e-01,1.006436526572182279e-11
9.999971298270134978e-01,2.870172986526453963e-06,9.999971298270134978e-01,2.870172986526454386e-06
6.508554717924659078e-69,1.000000000000000000e+00,6.508554717924659078e-69,1.000000000000000000e+00
3.869696153136382801e-116,1.000000000000000000e+00,3.869696153136382801e-116,1.000000000000000000e+00
8.282882430916621387e-39,1.000000000000000000e+00,8.282882430916620082e-39,1.000000000000000000e+00
9.999912770566483644e-01,8.722943351604155754e-06,9.999912770566483644e-01,8.722943351604154060e-06
2.418487454728751522e-100,1.000000000000000000e+00,2.418487454728751522e-100,1.000000000000000000e+00
4.600492363018045496e-46,1.000000000000000000e+00,4.600492363018045496e-46,1.000000000000000000e+00
2.411949648358555544e-24,1.000000000000000000e+00,2.411949648358555544e-24,1.000000000000000000e+00
9.999999999933496531e-01,6.650344746616775183e-12,9.999999999933496531e-01,6.650344746616775183e-12
2.900305680524530735e-42,1.000000000000000000e+00,2.900305680524530735e-42,1.000000000000000000e+00
1.911837754382282165e-32,1.000000000000000000e+00,1.911837754382282165e-32,1.000000000000000000e+00
3.118280795930570244e-12,9.999999999968818276e-01,3.118280795930569840e-12,9.999999999968817166e-01
9.999696545150299487e-01,3.034548497006264543e-05,9.999696545150299487e-01,3.034548497006264543e-05
6.045497240035956042e-108,1.000000000000000000e+00,6.045497240035956042e-108,1.000000000000000000e+00
3.802272892165730336e-93,1.000000000000000000e+00,3.802272892165729910e-93,1.000000000000000000e+00
9.525930785809605573e-64,1.000000000000000000e+00,9.525930785809605573e-64,1.000000000000000000e+00
5.075134280206970716e-03,9.949248657197929946e-01,5.075134280206971583e-03,9.949248657197931056e-01
9.452084402542821895e-01,5.479155974571778276e-02,9.452084402542823005e-01,5.479155974571778276e-02
9.999999999946250773e-01,5.374910414213383067e-12,9.999999999946250773e-01,5.374910414213383067e-12
9.999999999203141865e-01,7.968584051270794783e-11,9.999999999203141865e-01,7.968584051270796075e-11
9.999999999837737574e-01,1.622624383836943016e-11,9.999999999837737574e-01,1.622624383836943016e-11
9.999999999894058078e-01,1.059421469912400830e-11,9.999999999894056968e-01,1.059421469910473596e-11
9.999999999894058078e-01,1.059421469912400830e-11,9.999999999894056968e-01,1.059421469910473919e-11
9.999999999951999508e-01,4.800040419949225946e-12,9.999999999951999508e-01,4.800040419949225946e-12
9.999999999930926364e-01,6.907402739700719469e-12,9.999999999930926364e-01,6.907402739700718661e-12
9.999999999899356062e-01,1.006436526572182118e-11,9.999999999899356062e-01,1.006436526572182279e-11
9.999999999923986360e-01,7.601346801409596834e-12,9.999999999923986360e-01,7.601346801409596834e-12
9.999999999951999508e-01,4.800040419949225946e-12,9.999999999951999508e-01,4.800040419949226754e-12
9.999999999941007189e-01,5.899290110958372489e-12,9.999999999941006079e-01,5.899290110958371681e-12
9.999999999837737574e-01,1.622624383836942693e-11,9.999999999837737574e-01,1.622624383836942693e-11
9.999999999935760275e-01,6.423970721800951839e-12,9.999999999935760275e-01,6.423970721800951839e-12
9.999999999918549598e-01,8.144940323946530573e-12,9.999999999918549598e-01,8.144940323946530573e-12
9.999999999926451055e-01,7.354885591332276739e-12,9.999999999926452166e-01,7.354885591332276739e-12
9.999999999922692950e-01,7.730700947451596594e-12,9.999999999922691840e-01,7.730700947451594979e-12
9.999999999926451055e-01,7.354885591332276739e-12,9.999999999926449945e-01,7.354885591332275123e-12
9.999999999908945059e-01,9.105508767012363678e-12,9.999999999908946169e-01,9.105508767012365294e-12
9.999999999943958162e-01,5.604174516204302312e-12,9.999999999943959272e-01,5.604174516204302312e-12
9.999999999951999508e-01,4.800040419949226754e-12,9.999999999951999508e-01,4.800040419949226754e-12
9.999999999949116258e-01,5.088395614219270971e-12,9.999999999949116258e-01,5.088395614219270971e-12
9.999999999941007189e-01,5.899290110958372489e-12,9.999999999941007189e-01,5.899290110958372489e-12
9.999999999954549690e-01,4.544940010497601145e-12,9.999999999954549690e-01,4.544940010497600337e-12
9.999999999951034724e-01,4.896557034255830550e-12,9.999999999951033613e-01,4.896557034255829743e-12
9.999999999953544938e-01,4.645487461576500888e-12,9.999999999953546048e-01,4.645487461576500888e-12
9.999999978183631288e-01,2.181636924981145429e-09,9.999999978183630178e-01,2.181636924981145429e-09
9.999999999879028989e-01,1.209708840221311526e-11,9.999999999879027879e-01,1.209708840221311526e-11
7.171004187919475248e-01,2.828995812080524197e-01,7.171004187919476358e-01,2.828995812080524752e-01
1.204632648628137197e-17,1.000000000000000000e+00,1.204632648628137351e-17,1.000000000000000000e+00
1.911837754382282165e-32,1.000000000000000000e+00,1.911837754382282165e-32,1.000000000000000000e+00
1.280513414459989403e-29,1.000000000000000000e+00,1.280513414459989403e-29,1.000000000000000000e+00
4.109082433395542201e-50,1.000000000000000000e+00,4.109082433395541727e-50,1.000000000000000000e+00
1.807898221815856876e-35,1.000000000000000000e+00,1.807898221815857143e-35,1.000000000000000000e+00
1.911837754382281891e-32,1.000000000000000000e+00,1.911837754382282165e-32,1.000000000000000000e+00
1.000000000000000000e+00,1.911837754403147755e-22,1.641146420530763749e-307,1.000000000000000000e+00
1.000000000000000000e+00,1.641146420539719205e-297,5.502033506929087093e-285,1.000000000000000000e+00
9.999999845245973740e-01,1.547540265996880164e-08,9.999999845245973740e-01,1.547540265996880164e-08
7.171004187919476358e-01,2.828995812080524752e-01,7.171004187919476358e-01,2.828995812080524752e-01
8.800956425758332587e-125,1.000000000000000000e+00,8.800956425758332587e-125,1.000000000000000000e+00
9.525930785809605573e-64,1.000000000000000000e+00,9.525930785809605573e-64,1.000000000000000000e+00
6.508554717924659078e-69,1.000000000000000000e+00,6.508554717924659078e-69,1.000000000000000000e+00
2.142316050018834065e-165,1.000000000000000000e+00,2.142316050018834306e-165,1.000000000000000000e+00
8.282882430916620082e-39,1.000000000000000000e+00,8.282882430916620082e-39,1.000000000000000000e+00
2.660874161048715720e-54,1.000000000000000000e+00,2.660874161048715140e-54,1.000000000000000000e+00
6.045497240035956798e-108,1.000000000000000000e+00,6.045497240035956042e-108,1.000000000000000000e+00
2.350216348696508334e-154,1.000000000000000000e+00,2.350216348696508334e-154,1.000000000000000000e+00
2.900305680524530735e-42,1.000000000000000000e+00,2.900305680524530735e-42,1.000000000000000000e+00
4.109082433395541727e-50,1.000000000000000000e+00,4.109082433395541727e-50,1.000000000000000000e+00
1.280513414459989403e-29,1.000000000000000000e+00,1.280513414459989403e-29,1.000000000000000000e+00
1.280513414459989684e-29,1.000000000000000000e+00,1.280513414459989403e-29,1.000000000000000000e+00
6.508554717924659078e-69,1.000000000000000000e+00,6.508554717924659078e-69,1.000000000000000000e+00
2.660874161048715140e-54,1.000000000000000000e+00,2.660874161048715140e-54,1.000000000000000000e+00
1.807898221812568574e-35,1.000000000000000000e+00,1.807898221812568574e-35,1.000000000000000000e+00
1.807898221815857143e-35,1.000000000000000000e+00,1.807898221815857143e-35,1.000000000000000000e+00
7.552308208657628859e-14,9.999999999999245048e-01,7.552308208657628859e-14,9.999999999999245048e-01
4.600492363018045496e-46,1.000000000000000000e+00,4.600492363018045496e-46,1.000000000000000000e+00
6.877579828448058706e-27,1.000000000000000000e+00,6.877579828448058706e-27,1.000000000000000000e+00
9.999999999954549690e-01,4.544940010497601145e-12,9.999999999954549690e-01,4.544940010497601145e-12
9.999999999809390250e-01,1.906088482995973236e-11,9.999999999809392470e-01,1.906088482995973559e-11
9.999999999954056751e-01,4.594320500592706455e-12,9.999999999954056751e-01,4.594320500592706455e-12
9.999999999923987470e-01,7.601346801409596834e-12,9.999999999923986360e-01,7.601346801409596834e-12
9.999999999949931162e-01,5.006829722119050515e-12,9.999999999949932272e-01,5.006829722119051323e-12
9.999999999926452166e-01,7.354885591332276739e-12,9.999999999926451055e-01,7.354885591332275123e-12
9.999999999954614083e-01,4.538601109193966193e-12,9.999999999954612973e-01,4.538601109193966193e-12
9.999999999905297976e-01,9.470110775158184526e-12,9.999999999905299086e-01,9.470110775166800452e-12
9.999999999943958162e-01,5.604174516194108765e-12,9.999999999943958162e-01,5.604174516194107957e-12
9.999999999955432317e-01,4.456731138817930133e-12,9.999999999955433427e-01,4.456731138817930941e-12
9.999999999954614083e-01,4.538601109193967001e-12,9.999999999954614083e-01,4.538601109193966193e-12
9.999999992258554737e-01,7.741444925169851009e-10,9.999999992258555848e-01,7.741444925155769293e-10
9.999999999837737574e-01,1.622624383833991339e-11,9.999999999837737574e-01,1.622624383833991339e-11
9.999999999936636241e-01,6.336410936396507735e-12,9.999999999936636241e-01,6.336410936390744936e-12
9.999999999908943948e-01,9.105508767020643562e-12,9.999999999908945059e-01,9.105508767004082178e-12
9.999999999938302686e-01,6.169712484150116220e-12,9.999999999938302686e-01,6.169712484155727962e-12
9.995273477505132176e-01,4.726522494869008113e-04,9.995273477505148829e-01,4.726522494851820798e-04
1.331061532858209277e-10,9.999999998668938073e-01,1.331061532858209277e-10,9.999999998668938073e-01
3.205186936480765688e-05,9.999679481306352757e-01,3.205186936477850539e-05,9.999679481306351647e-01
7.552308208671367660e-14,9.999999999999245048e-01,7.552308208671367660e-14,9.999999999999245048e-01
4.600492363018045496e-46,1.000000000000000000e+00,4.600492363018045496e-46,1.000000000000000000e+00
9.012425899322690580e-20,1.000000000000000000e+00,9.012425899355477130e-20,1.000000000000000000e+00
3.205186936480765688e-05,9.999679481306351647e-01,3.205186936486595985e-05,9.999679481306351647e-01
4.701494535525087282e-02,9.529850546447492521e-01,4.701494535525086588e-02,9.529850546447491411e-01
9.438928158360108515e-16,9.999999999999991118e-01,9.438928158360108515e-16,9.999999999999991118e-01
2.800694639585632473e-01,7.199305360414367527e-01,2.800694639585632473e-01,7.199305360414367527e-01
9.999971298270134978e-01,2.870172986531675074e-06,9.999971298270134978e-01,2.870172986531674650e-06
9.999999999906338255e-01,9.366147880975039812e-12,9.999999999906339365e-01,9.366147880975038196e-12
9.999999999773966364e-01,2.260333082494316773e-11,9.999999999773966364e-01,2.260333082494316773e-11
9.999696545150300597e-01,3.034548496997985305e-05,9.999696545150300597e-01,3.034548496997985305e-05
9.999999999720919908e-01,2.790791985152476853e-11,9.999999999720919908e-01,2.790791985152476853e-11
9.999999999894058078e-01,1.059421469910473757e-11,9.999999999894058078e-01,1.059421469910473757e-11
9.999998453444800539e-01,1.546555199387388826e-07,9.999998453444800539e-01,1.546555199387389090e-07
9.999971298270134978e-01,2.870172986529064518e-06,9.999971298270133868e-01,2.870172986529064095e-06
9.999999999954932717e-01,4.506725468257666918e-12,9.999999999954932717e-01,4.506725468257666918e-12
9.999999999935760275e-01,6.423970721783424334e-12,9.999999999935760275e-01,6.423970721783423526e-12
9.999999999951034724e-01,4.896557034246923819e-12,9.999999999951034724e-01,4.896557034246923819e-12
9.999999998902970866e-01,1.097029182977391614e-10,9.999999998902970866e-01,1.097029182977391743e-10
9.999999999923419036e-01,7.658139894165720519e-12,9.999999999923419036e-01,7.658139894165720519e-12
9.999999999933496531e-01,6.650344746622824749e-12,9.999999999933495420e-01,6.650344746622823941e-12
4.237959541148734566e-04,9.995762040458850972e-01,4.237959541148734566e-04,9.995762040458852082e-01
9.999999999952164931e-01,4.783576318016734472e-12,9.999999999952164931e-01,4.783576318016734472e-12
9.999999998528751322e-01,1.471248556217991074e-10,9.999999998528751322e-01,1.471248556217990815e-10
9.887602347579017570e-01,1.123976524209824301e-02,9.887602347579017570e-01,1.123976524209824128e-02
9.999999999203141865e-01,7.968584051263546613e-11,9.999999999203141865e-01,7.968584051263547905e-11
9.999999698367983969e-01,3.016320162199724207e-08,9.999999698367982859e-01,3.016320162199724207e-08
5.075134280216156077e-03,9.949248657197837797e-01,5.075134280216156077e-03,9.949248657197837797e-01
9.999999997909722049e-01,2.090278510378762977e-10,9.999999997909722049e-01,2.090278510378762977e-10
9.887602347579017570e-01,1.123976524209824301e-02,9.887602347579017570e-01,1.123976524209824128e-02
9.999999999937110307e-01,6.288878759656028098e-12,9.999999999937111417e-01,6.288878759656028906e-12
9.999999999809391360e-01,1.906088483001174134e-11,9.999999999809391360e-01,1.906088483001174134e-11
9.999999998528751322e-01,1.471248556217991074e-10,9.999999998528751322e-01,1.471248556217991074e-10
9.999999999650964755e-01,3.490349648756716122e-11,9.999999999650965865e-01,3.490349648756716768e-11
9.999999999955205832e-01,4.479402961106935933e-12,9.999999999955206942e-01,4.479402961106936740e-12
9.999999999906339365e-01,9.366147880958001830e-12,9.999999999906339365e-01,9.366147880958003446e-12
9.999999999894058078e-01,1.059421469912400830e-11,9.999999999894056968e-01,1.059421469912400668e-11
9.999999999860557098e-01,1.394431753175465781e-11,9.999999999860557098e-01,1.394431753175465781e-11
9.999999999916409088e-01,8.359062569307328484e-12,9.999999999916409088e-01,8.359062569307330099e-12
9.999989299898902617e-01,1.070010109752451828e-06,9.999989299898902617e-01,1.070010109752451828e-06
9.999999999860557098e-01,1.394431753175465943e-11,9.999999999860557098e-01,1.394431753175466104e-11
9.999999999939095385e-01,6.090412875518539795e-12,9.999999999939095385e-01,6.090412875518539795e-12
9.999999999954932717e-01,4.506725468257666918e-12,9.999999999954932717e-01,4.506725468257666918e-12
9.999999999922692950e-01,7.730700947458627629e-12,9.999999999922692950e-01,7.730700947458627629e-12
9.999999999951034724e-01,4.896557034238017087e-12,9.999999999951034724e-01,4.896557034238017087e-12
9.999999999923419036e-01,7.658139894179651727e-12,9.999999999923417926e-01,7.658139894179650111e-12
9.999999999899356062e-01,1.006436526578589698e-11,9.999999999899356062e-01,1.006436526578589698e-11
9.999999999899356062e-01,1.006436526578589698e-11,9.999999999899357173e-01,1.006436526578589698e-11
9.999999999951999508e-01,4.800040419957957387e-12,9.999999999951999508e-01,4.800040419957956579e-12
9.999999999899356062e-01,1.006436526578589698e-11,9.999999999899356062e-01,1.006436526578589698e-11
9.999999999899356062e-01,1.006436526578589698e-11,9.999999999899357173e-01,1.006436526578589698e-11
9.999999999542145135e-01,4.578553539530608503e-11,9.999999999542144025e-01,4.578553539530607857e-11
9.999999352164864463e-01,6.478351360443054819e-08,9.999999352164864463e-01,6.478351360443054819e-08
9.999999999837737574e-01,1.622624383833991339e-11,9.999999999837737574e-01,1.622624383833991339e-11
9.999998453444800539e-01,1.546555199388795430e-07,9.999998453444801649e-01,1.546555199388795694e-07
9.999912770566483644e-01,8.722943351643822307e-06,9.999912770566483644e-01,8.722943351643824001e-06
9.999999999542144025e-01,4.578553539530608503e-11,9.999999999542145135e-01,4.578553539530609150e-11
9.999999999930926364e-01,6.907402739694437258e-12,9.999999999930925254e-01,6.907402739694436450e-12
9.999999996834016969e-01,3.165983998451924032e-10,9.999999996834015858e-01,3.165983998451924032e-10
9.999999999928261829e-01,7.173779663617554087e-12,9.999999999928261829e-01,7.173779663617554087e-12
4.701494535525086588e-02,9.529850546447492521e-01,4.701494535525086588e-02,9.529850546447491411e-01
9.999999999860555988e-01,1.394431753176733855e-11,9.999999999860557098e-01,1.394431753176734017e-11
9.999999992258554737e-01,7.741444925183932724e-10,9.999999992258554737e-01,7.741444925183932724e-10
9.999999997909720939e-01,2.090278510374960789e-10,9.999999997909722049e-01,2.090278510374961048e-10
9.999999992258554737e-01,7.741444925183932724e-10,9.999999992258555848e-01,7.741444925183933758e-10
9.999999998902970866e-01,1.097029182977391614e-10,9.999999998902970866e-01,1.097029182977391614e-10
9.999999999773966364e-01,2.260333082498428119e-11,9.999999999773966364e-01,2.260333082498428119e-11
9.999999978183631288e-01,2.181636924981145843e-09,9.999999978183630178e-01,2.181636924981145429e-09
9.999999997909722049e-01,2.090278510374960789e-10,9.999999997909720939e-01,2.090278510374960531e-10
9.999998453444800539e-01,1.546555199388795430e-07,9.999998453444800539e-01,1.546555199388795430e-07
9.978702591859832660e-01,2.129740814016792966e-03,9.978702591859832660e-01,2.129740814016792966e-03
9.999999999411371965e-01,5.886277232117284305e-11,9.999999999411373075e-01,5.886277232117284305e-11
9.999999999809391360e-01,1.906088483002907982e-11,9.999999999809390250e-01,1.906088483002907336e-11
9.999999999941007189e-01,5.899290110926180300e-12,9.999999999941007189e-01,5.899290110926179492e-12
4.500959010759066119e-134,1.000000000000000000e+00,4.500959010759066119e-134,1.000000000000000000e+00
1.911837754384021198e-32,1.000000000000000000e+00,1.911837754384020925e-32,1.000000000000000000e+00
4.237959541148734566e-04,9.995762040458850972e-01,4.237959541148734566e-04,9.995762040458850972e-01
4.600492363013862073e-46,1.000000000000000000e+00,4.600492363013861296e-46,1.000000000000000000e+00
2.660874161039035271e-54,1.000000000000000000e+00,2.660874161039035271e-54,1.000000000000000000e+00
2.660874161039035271e-54,1.000000000000000000e+00,2.660874161039035271e-54,1.000000000000000000e+00
9.352388813991274362e-59,1.000000000000000000e+00,9.352388813991274362e-59,1.000000000000000000e+00
2.800694639585632473e-01,7.199305360414367527e-01,2.800694639585632473e-01,7.199305360414367527e-01
4.701494535525086588e-02,9.529850546447492521e-01,4.701494535525086588e-02,9.529850546447491411e-01
9.999999997909722049e-01,2.090278510374961048e-10,9.999999997909720939e-01,2.090278510374960789e-10
9.452084402543763364e-01,5.479155974562357340e-02,9.452084402543764474e-01,5.479155974562357340e-02
9.999999998528751322e-01,1.471248556216652851e-10,9.999999998528752432e-01,1.471248556216652851e-10
9.999999999946544982e-01,5.345521493530644748e-12,9.999999999946543872e-01,5.345521493530644748e-12
9.999999999955236918e-01,4.476278123316889114e-12,9.999999999955238028e-01,4.476278123312817834e-12
9.999999987502279364e-01,1.249771974215698906e-09,9.999999987502280474e-01,1.249771974215699113e-09
9.999999999773966364e-01,2.260333082498428443e-11,9.999999999773966364e-01,2.260333082498427796e-11
9.999999999946250773e-01,5.374910414188940042e-12,9.999999999946250773e-01,5.374910414188940042e-12
9.999999999899356062e-01,1.006436526578589698e-11,9.999999999899357173e-01,1.006436526578589860e-11
9.999999999953544938e-01,4.645487461593400738e-12,9.999999999953546048e-01,4.645487461593401545e-12
9.999999999937111417e-01,6.288878759656028098e-12,9.999999999937111417e-01,6.288878759656028906e-12
9.887602347578915429e-01,1.123976524210834778e-02,9.887602347578916540e-01,1.123976524210834778e-02
9.978702591859831550e-01,2.129740814016792966e-03,9.978702591859831550e-01,2.129740814016792532e-03
9.999999999955205832e-01,4.479402961111010443e-12,9.999999999955205832e-01,4.479402961111009636e-12
9.999999999918550708e-01,8.144940323968754590e-12,9.999999999918549598e-01,8.144940323968754590e-12
9.999999352164864463e-01,6.478351360443056142e-08,9.999999352164864463e-01,6.478351360443054819e-08
9.999999999837737574e-01,1.622624383833991339e-11,9.999999999837737574e-01,1.622624383833991339e-11
9.999999999945707874e-01,5.429193516079488614e-12,9.999999999945708984e-01,5.429193516079488614e-12
9.999999999899356062e-01,1.006436526578589698e-11,9.999999999899356062e-01,1.006436526578589698e-11
9.999999999899356062e-01,1.006436526578589698e-11,9.999999999899357173e-01,1.006436526578589698e-11
9.999999999954136687e-01,4.586312181179923827e-12,9.999999999954136687e-01,4.586312181179923020e-12
9.999999999951034724e-01,4.896557034242470453e-12,9.999999999951033613e-01,4.896557034242469645e-12
9.999696545150300597e-01,3.034548496995225332e-05,9.999696545150300597e-01,3.034548496995225332e-05
2.418487454726552142e-100,1.000000000000000000e+00,2.418487454726552142e-100,1.000000000000000000e+00
1.280513414456495686e-29,1.000000000000000000e+00,1.280513414456495686e-29,1.000000000000000000e+00
2.350216348694370992e-154,1.000000000000000000e+00,2.350216348694370660e-154,1.000000000000000000e+00
2.418487454726552142e-100,1.000000000000000000e+00,2.418487454726552142e-100,1.000000000000000000e+00
1.911837754384020925e-32,1.000000000000000000e+00,1.911837754384020925e-32,1.000000000000000000e+00
6.045497240046952841e-108,1.000000000000000000e+00,6.045497240046952841e-108,1.000000000000000000e+00
6.508554717942417122e-69,1.000000000000000000e+00,6.508554717942417122e-69,1.000000000000000000e+00
9.525930785818268729e-64,1.000000000000000000e+00,9.525930785818268729e-64,1.000000000000000000e+00
9.998888664506998536e-01,1.111335493001669244e-04,9.998888664506998536e-01,1.111335493001669244e-04
9.452084402543764474e-01,5.479155974562357340e-02,9.452084402543764474e-01,5.479155974562358034e-02
9.998888664506998536e-01,1.111335493001669108e-04,9.998888664506998536e-01,1.111335493001669108e-04
9.999912770566483644e-01,8.722943351643822307e-06,9.999912770566483644e-01,8.722943351643822307e-06
9.999999999928261829e-01,7.173779663617554087e-12,9.999999999928261829e-01,7.173779663617554087e-12
9.999999923441931227e-01,7.655806880242996726e-09,9.999999923441931227e-01,7.655806880242995071e-09
9.999999999650964755e-01,3.490349648753541817e-11,9.999999999650965865e-01,3.490349648753541817e-11
9.999999995101670480e-01,4.898329619720321904e-10,9.999999995101669370e-01,4.898329619715866502e-10
9.999999999894058078e-01,1.059421469913364527e-11,9.999999999894056968e-01,1.059421469913364366e-11
9.999999999953544938e-01,4.645487461593400738e-12,9.999999999953544938e-01,4.645487461593400738e-12
9.999999992258554737e-01,7.741444925183932724e-10,9.999999992258555848e-01,7.741444925183933758e-10
9.999999999906338255e-01,9.366147880949484455e-12,9.999999999906338255e-01,9.366147880949484455e-12
4.701494535525086588e-02,9.529850546447491411e-01,4.701494535525086588e-02,9.529850546447491411e-01
4.600492363013862073e-46,1.000000000000000000e+00,4.600492363013861296e-46,1.000000000000000000e+00
9.012425899339083855e-20,1.000000000000000000e+00,9.012425899339083855e-20,1.000000000000000000e+00
7.552308208691973969e-14,9.999999999999245048e-01,7.552308208691972707e-14,9.999999999999245048e-01
4.600492363013861296e-46,1.000000000000000000e+00,4.600492363013861296e-46,1.000000000000000000e+00
1.807898221814212591e-35,1.000000000000000000e+00,1.807898221814212859e-35,1.000000000000000000e+00
4.237959541152587278e-04,9.995762040458847641e-01,4.237959541152587278e-04,9.995762040458846531e-01
5.646231525397522758e-22,1.000000000000000000e+00,5.646231525397521818e-22,1.000000000000000000e+00
1.807898221814212859e-35,1.000000000000000000e+00,1.807898221814212859e-35,1.000000000000000000e+00
9.995273477505129955e-01,4.726522494869007571e-04,9.995273477505132176e-01,4.726522494869008113e-04
7.171004187926856011e-01,2.828995812073143989e-01,7.171004187926856011e-01,2.828995812073144545e-01
9.999999999720921018e-01,2.790791985149938442e-11,9.999999999720921018e-01,2.790791985149938765e-11
7.171004187926856011e-01,2.828995812073143989e-01,7.171004187926856011e-01,2.828995812073144545e-01
9.978702591859831550e-01,2.129740814016792966e-03,9.978702591859831550e-01,2.129740814016792532e-03
9.999999923441931227e-01,7.655806880242996726e-09,9.999999923441930116e-01,7.655806880242995071e-09
1.807898221814212859e-35,1.000000000000000000e+00,1.807898221814212859e-35,1.000000000000000000e+00
9.999999999933496531e-01,6.650344746622824749e-12,9.999999999933497641e-01,6.650344746622825557e-12
4.109082433403016163e-50,1.000000000000000000e+00,4.109082433403016638e-50,1.000000000000000000e+00
2.800694639585632473e-01,7.199305360414367527e-01,2.800694639585632473e-01,7.199305360414367527e-01
9.999998453444801649e-01,1.546555199388795694e-07,9.999998453444800539e-01,1.546555199388795430e-07
9.999999999949116258e-01,5.088395614214643122e-12,9.999999999949116258e-01,5.088395614214643122e-12
9.999999999946544982e-01,5.345521493530644748e-12,9.999999999946544982e-01,5.345521493530643940e-12
9.999999999411371965e-01,5.886277232111930896e-11,9.999999999411371965e-01,5.886277232111930896e-11
3.397932514671746071e-80,1.000000000000000000e+00,3.397932514671746071e-80,1.000000000000000000e+00
2.660874161039035271e-54,1.000000000000000000e+00,2.660874161039035271e-54,1.000000000000000000e+00
9.887602347578916540e-01,1.123976524210834951e-02,9.887602347578915429e-01,1.123976524210834778e-02
9.999999960903752649e-01,3.909624719500289360e-09,9.999999960903752649e-01,3.909624719496733311e-09
9.999996165722054853e-01,3.834277945116991989e-07,9.999996165722053743e-01,3.834277945116991989e-07
9.999999999650964755e-01,3.490349648753541817e-11,9.999999999650964755e-01,3.490349648753542463e-11
9.998888664506998536e-01,1.111335493001669108e-04,9.998888664506999646e-01,1.111335493001669379e-04
3.118280795927734485e-12,9.999999999968817166e-01,3.118280795927734081e-12,9.999999999968817166e-01
1.204632648634710935e-17,1.000000000000000000e+00,1.204632648634710935e-17,1.000000000000000000e+00
3.118280795927734081e-12,9.999999999968817166e-01,3.118280795927734081e-12,9.999999999968818276e-01
9.995273477505131066e-01,4.726522494869007571e-04,9.995273477505132176e-01,4.726522494869008113e-04
9.999971298270134978e-01,2.870172986526453539e-06,9.999971298270134978e-01,2.870172986526453963e-06
7.171004187926856011e-01,2.828995812073143989e-01,7.171004187925010820e-01,2.828995812074989180e-01
9.438928158360106543e-16,9.999999999999991118e-01,9.438928158360106543e-16,9.999999999999990008e-01
9.999999996834016969e-01,3.165983998451924549e-10,9.999999996834016969e-01,3.165983998451924032e-10
9.999999987502280474e-01,1.249771974215699320e-09,9.999999987502280474e-01,1.249771974215699320e-09
9.999998453444800539e-01,1.546555199388795430e-07,9.999998453444800539e-01,1.546555199388795430e-07
9.999999998902970866e-01,1.097029182977391614e-10,9.999999998902971976e-01,1.097029182977391743e-10
9.999999698367983969e-01,3.016320162196981276e-08,9.999999698367983969e-01,3.016320162196981276e-08
9.452084402543764474e-01,5.479155974562357340e-02,9.452084402543764474e-01,5.479155974562358034e-02
9.999999998528751322e-01,1.471248556216652851e-10,9.999999998528752432e-01,1.471248556216652851e-10
9.995273477505131066e-01,4.726522494869007571e-04,9.995273477505131066e-01,4.726522494869007029e-04
9.999989299898902617e-01,1.070010109752451616e-06,9.999989299898902617e-01,1.070010109752451404e-06
9.452084402543764474e-01,5.479155974562357340e-02,9.452084402543764474e-01,5.479155974562357340e-02
1.024093259719808437e-07,9.999998975906739807e-01,1.024093259719808304e-07,9.999998975906739807e-01
3.118280795927734081e-12,9.999999999968817166e-01,3.118280795927734485e-12,9.999999999968817166e-01
4.600492363013862073e-46,1.000000000000000000e+00,4.600492363013861296e-46,1.000000000000000000e+00
4.238036665420999683e-09,9.999999957619633006e-01,4.238036665420999683e-09,9.999999957619633006e-01
4.237959541148734023e-04,9.995762040458850972e-01,4.237959541148734023e-04,9.995762040458850972e-01
2.800694639585632473e-01,7.199305360414367527e-01,2.800694639585633028e-01,7.199305360414367527e-01
4.701494535525086588e-02,9.529850546447492521e-01,4.701494535525086588e-02,9.529850546447491411e-01
1.024093259719808437e-07,9.999998975906740917e-01,1.024093259719808304e-07,9.999998975906739807e-01
2.800694639585632473e-01,7.199305360414367527e-01,2.800694639585632473e-01,7.199305360414366417e-01
1.204632648634710781e-17,1.000000000000000000e+00,1.204632648634710935e-17,1.000000000000000000e+00
9.999999999923419036e-01,7.658139894179651727e-12,9.999999999923419036e-01,7.658139894179651727e-12
9.887602347578916540e-01,1.123976524210834951e-02,9.887602347578916540e-01,1.123976524210834951e-02
6.877579828398016970e-27,1.000000000000000000e+00,6.877579828398016970e-27,1.000000000000000000e+00
9.438928158360104571e-16,9.999999999999990008e-01,9.438928158360108515e-16,9.999999999999991118e-01
9.012425899339085059e-20,1.000000000000000000e+00,9.012425899339083855e-20,1.000000000000000000e+00
9.999996165722054853e-01,3.834277945116991989e-07,9.999996165722055963e-01,3.834277945116993048e-07
9.999996165722054853e-01,3.834277945116991989e-07,9.999996165722054853e-01,3.834277945116991989e-07
9.999999999954980456e-01,4.502010443780544061e-12,9.999999999954979346e-01,4.502010443780543253e-12
9.012425899339083855e-20,1.000000000000000000e+00,9.012425899339085059e-20,1.000000000000000000e+00
9.999999996834015858e-01,3.165983998451924032e-10,9.999999996834016969e-01,3.165983998451924032e-10
1.911837754384020925e-32,1.000000000000000000e+00,1.911837754384021198e-32,1.000000000000000000e+00
9.352388813982768745e-59,1.000000000000000000e+00,9.352388813982768745e-59,1.000000000000000000e+00
4.600492363013861296e-46,1.000000000000000000e+00,4.600492363013861296e-46,1.000000000000000000e+00
9.999999998528751322e-01,1.471248556216652851e-10,9.999999998528751322e-01,1.471248556216652851e-10
9.452084402543764474e-01,5.479155974562357340e-02,9.452084402543764474e-01,5.479155974562356646e-02
9.452084402541879316e-01,5.479155974581197824e-02,9.452084402541880426e-01,5.479155974581197824e-02
9.999999992258554737e-01,7.741444925190974099e-10,9.999999992258554737e-01,7.741444925183932724e-10
9.999999999948683271e-01,5.131695836125928254e-12,9.999999999948683271e-01,5.131695836125929062e-12
4.237959541148734566e-04,9.995762040458850972e-01,4.237959541148734566e-04,9.995762040458850972e-01
4.238036665420999683e-09,9.999999957619633006e-01,4.238036665421000511e-09,9.999999957619634117e-01
7.171004187926854900e-01,2.828995812073143989e-01,7.171004187926854900e-01,2.828995812073143989e-01
9.999696545150300597e-01,3.034548496995225671e-05,9.999696545150300597e-01,3.034548496995225671e-05
3.118280795941914493e-12,9.999999999968817166e-01,3.118280795941914089e-12,9.999999999968817166e-01
4.701494535525086588e-02,9.529850546447491411e-01,4.701494535525086588e-02,9.529850546447492521e-01
8.282882430931687010e-39,1.000000000000000000e+00,8.282882430931687010e-39,1.000000000000000000e+00
7.552308208691973969e-14,9.999999999999245048e-01,7.552308208691972707e-14,9.999999999999245048e-01
4.238036665420999683e-09,9.999999957619633006e-01,4.238036665420999683e-09,9.999999957619633006e-01
1.909432868922088636e-06,9.999980905671310705e-01,1.909432868922088636e-06,9.999980905671310705e-01
9.999999923441931227e-01,7.655806880236033519e-09,9.999999923441931227e-01,7.655806880236033519e-09
9.999999999935760275e-01,6.423970721783424334e-12,9.999999999935760275e-01,6.423970721783425142e-12
9.999999999949116258e-01,5.088395614214643122e-12,9.999999999949116258e-01,5.088395614214643930e-12
9.999999999927624561e-01,7.237517422397948055e-12,9.999999999927624561e-01,7.237517422397948863e-12
9.999999999935760275e-01,6.423970721783424334e-12,9.999999999935760275e-01,6.423970721783424334e-12
9.999999999954550800e-01,4.544940010493467665e-12,9.999999999954549690e-01,4.544940010493467665e-12
9.999999999949931162e-01,5.006829722114496983e-12,9.999999999949932272e-01,5.006829722114497791e-12
9.999999999944297890e-01,5.570273398721386575e-12,9.999999999944297890e-01,5.570273398721386575e-12
9.999999999941007189e-01,5.899290110936911030e-12,9.999999999941006079e-01,5.899290110936911030e-12
9.999999999899356062e-01,1.006436526579505090e-11,9.999999999899356062e-01,1.006436526579504928e-11
9.999999996834015858e-01,3.165983998454803138e-10,9.999999996834014748e-01,3.165983998454803138e-10
1.024093259720739776e-07,9.999998975906740917e-01,1.024093259720739776e-07,9.999998975906740917e-01
9.525930785800939717e-64,1.000000000000000000e+00,9.525930785800941067e-64,1.000000000000000000e+00
9.999999845245973740e-01,1.547540265996880164e-08,9.999999845245973740e-01,1.547540265996879833e-08
9.999999978183631288e-01,2.181636924983129835e-09,9.999999978183630178e-01,2.181636924983129422e-09
9.999999923441931227e-01,7.655806880236033519e-09,9.999999923441931227e-01,7.655806880236031865e-09
9.998888664506997426e-01,1.111335493002679856e-04,9.998888664506997426e-01,1.111335493002679720e-04
5.075134280216156077e-03,9.949248657197837797e-01,5.075134280216155210e-03,9.949248657197837797e-01
9.999696545150300597e-01,3.034548496995225332e-05,9.999696545150300597e-01,3.034548496995225332e-05
9.995273477505123294e-01,4.726522494877600958e-04,9.995273477505122184e-01,4.726522494877600958e-04
9.999999845245973740e-01,1.547540265996880164e-08,9.999999845245973740e-01,1.547540265996880164e-08
9.999998453444800539e-01,1.546555199390202034e-07,9.999998453444801649e-01,1.546555199390202298e-07
9.999999999650964755e-01,3.490349648750366865e-11,9.999999999650965865e-01,3.490349648750367511e-11
9.999999997909720939e-01,2.090278510373059566e-10,9.999999997909720939e-01,2.090278510373059566e-10
9.999996165722054853e-01,3.834277945116991989e-07,9.999996165722054853e-01,3.834277945116991989e-07
9.999999978183630178e-01,2.181636924983129422e-09,9.999999978183630178e-01,2.181636924983129835e-09
9.999971298270134978e-01,2.870172986529064095e-06,9.999971298270134978e-01,2.870172986529064518e-06
9.999996165722054853e-01,3.834277945116991460e-07,9.999996165722053743e-01,3.834277945116991989e-07
9.999999978183630178e-01,2.181636924983129422e-09,9.999999978183630178e-01,2.181636924983129835e-09
9.999999352164864463e-01,6.478351360437163970e-08,9.999999352164864463e-01,6.478351360437163970e-08
3.118280795941914493e-12,9.999999999968817166e-01,3.118280795941914089e-12,9.999999999968816056e-01
3.397932514668656164e-80,1.000000000000000000e+00,3.397932514668655415e-80,1.000000000000000000e+00
9.012425899339083855e-20,1.000000000000000000e+00,9.012425899339083855e-20,1.000000000000000000e+00
9.999999999773967474e-01,2.260333082494317096e-11,9.999999999773966364e-01,2.260333082494316450e-11
9.999999999955387908e-01,4.461220696103422996e-12,9.999999999955387908e-01,4.461220696103422188e-12
9.999999698367983969e-01,3.016320162196981276e-08,9.999999698367983969e-01,3.016320162196981276e-08
5.646231525387251759e-22,1.000000000000000000e+00,5.646231525387251759e-22,1.000000000000000000e+00
9.999999960903753760e-01,3.909624719493177261e-09,9.999999960903752649e-01,3.909624719493177261e-09
9.999996165722054853e-01,3.834277945116991989e-07,9.999996165722053743e-01,3.834277945116991989e-07
9.999999999773966364e-01,2.260333082494316773e-11,9.999999999773967474e-01,2.260333082494316773e-11
9.999999996834015858e-01,3.165983998454803655e-10,9.999999996834015858e-01,3.165983998454803138e-10
9.999999999879028989e-01,1.209708840223511955e-11,9.999999999879030099e-01,1.209708840223511955e-11
9.999999992258554737e-01,7.741444925198013406e-10,9.999999992258554737e-01,7.741444925198014440e-10
9.999999999720921018e-01,2.790791985147400678e-11,9.999999999720921018e-01,2.790791985147401001e-11
9.995273477505122184e-01,4.726522494877600416e-04,9.995273477505122184e-01,4.726522494877600416e-04
9.452084402542821895e-01,5.479155974571777582e-02,9.452084402542821895e-01,5.479155974571778276e-02
5.075134280216156077e-03,9.949248657197837797e-01,5.075134280216156077e-03,9.949248657197838908e-01
9.999999995101670480e-01,4.898329619720321904e-10,9.999999995101670480e-01,4.898329619720322938e-10
9.995273477505122184e-01,4.726522494877600416e-04,9.995273477505123294e-01,4.726522494877601500e-04
9.999999999937111417e-01,6.288878759650308112e-12,9.999999999937111417e-01,6.288878759650308112e-12
9.999999999923419036e-01,7.658139894186616523e-12,9.999999999923417926e-01,7.658139894186614907e-12
9.999999996834015858e-01,3.165983998454803138e-10,9.999999996834015858e-01,3.165983998454803138e-10
9.999989299898902617e-01,1.070010109751478587e-06,9.999989299898902617e-01,1.070010109751478587e-06
2.418487454726552142e-100,1.000000000000000000e+00,2.418487454726552142e-100,1.000000000000000000e+00
3.397932514671746071e-80,1.000000000000000000e+00,3.397932514668655415e-80,1.000000000000000000e+00
2.660874161039035271e-54,1.000000000000000000e+00,2.660874161039035271e-54,1.000000000000000000e+00
9.978702591859831550e-01,2.129740814016792532e-03,9.978702591859832660e-01,2.129740814016792966e-03
9.999696545150300597e-01,3.034548496995224994e-05,9.999696545150300597e-01,3.034548496995225332e-05
9.999999999933496531e-01,6.650344746616776799e-12,9.999999999933496531e-01,6.650344746616775991e-12
9.999999999542144025e-01,4.578553539534772841e-11,9.999999999542144025e-01,4.578553539534772841e-11
9.995273477505122184e-01,4.726522494877600958e-04,9.995273477505122184e-01,4.726522494877600416e-04
2.165113646090341416e-74,1.000000000000000000e+00,2.165113646090341809e-74,1.000000000000000000e+00
1.911837754384020925e-32,1.000000000000000000e+00,1.911837754384020925e-32,1.000000000000000000e+00
5.433273934950958058e-210,1.000000000000000000e+00,5.433273934950958058e-210,1.000000000000000000e+00
1.000000000000000000e+00,1.128820428772755044e-107,5.749920361298876739e-256,1.000000000000000000e+00
1.000000000000000000e+00,5.433273934896601270e-200,9.999999998999999750e-11,9.999999998999999917e-01
5.000000000000000000e-01,5.000000000000000000e-01,6.645704156083383328e-60,1.000000000000000000e+00
2.100928176090802747e-52,1.000000000000000000e+00,3.140137818027783076e-271,1.000000000000000000e+00
3.124935915933229627e-26,1.000000000000000000e+00,6.380622092960013576e-63,1.000000000000000000e+00
3.416788365906701850e-240,1.000000000000000000e+00,2.647869429084471877e-203,1.000000000000000000e+00
1.729472159140637897e-86,1.000000000000000000e+00,1.729472159139065218e-86,1.000000000000000000e+00
2.660874161039035271e-54,1.000000000000000000e+00,2.660874161039035271e-54,1.000000000000000000e+00
9.999999978183631288e-01,2.181636924983130249e-09,9.999999978183631288e-01,2.181636924983129835e-09
7.171004187926854900e-01,2.828995812073143989e-01,7.171004187925010820e-01,2.828995812074989180e-01
9.999696545150300597e-01,3.034548496995225671e-05,9.999696545150300597e-01,3.034548496995225671e-05
9.999912770566483644e-01,8.722943351643822307e-06,9.999912770566483644e-01,8.722943351643822307e-06
2.660874161039035271e-54,1.000000000000000000e+00,2.660874161039035271e-54,1.000000000000000000e+00
9.999999992258554737e-01,7.741444925198014440e-10,9.999999992258554737e-01,7.741444925198014440e-10
9.999999998528751322e-01,1.471248556219329039e-10,9.999999998528751322e-01,1.471248556219328780e-10
9.999999998528751322e-01,1.471248556219329039e-10,9.999999998528752432e-01,1.471248556219329039e-10
9.999999999941007189e-01,5.899290110936910222e-12,9.999999999941006079e-01,5.899290110936910222e-12
9.995273477505123294e-01,4.726522494877600958e-04,9.995273477505122184e-01,4.726522494877600958e-04
1.024093259720739908e-07,9.999998975906740917e-01,1.024093259720739644e-07,9.999998975906739807e-01
9.999999999937111417e-01,6.288878759650308920e-12,9.999999999937111417e-01,6.288878759650308920e-12
9.999999996834016969e-01,3.165983998454803655e-10,9.999999996834015858e-01,3.165983998454803655e-10
9.999999999720921018e-01,2.790791985147400678e-11,9.999999999720921018e-01,2.790791985147400678e-11
9.999999999720921018e-01,2.790791985147400678e-11,9.999999999720921018e-01,2.790791985147400678e-11
9.999999999954932717e-01,4.506725468261765663e-12,9.999999999954932717e-01,4.506725468261766471e-12
9.999999999894058078e-01,1.059421469913364527e-11,9.999999999894056968e-01,1.059421469913364366e-11
9.999999999950521801e-01,4.947834189809815755e-12,9.999999999950521801e-01,4.947834189809816563e-12
9.999999999955205832e-01,4.479402961111009636e-12,9.999999999955205832e-01,4.479402961111009636e-12
9.999999845245973740e-01,1.547540265996879833e-08,9.999999845245973740e-01,1.547540265996879833e-08
9.999999999955372365e-01,4.462777587630370121e-12,9.999999999955372365e-01,4.462777587630370121e-12
9.999999999954614083e-01,4.538601109210478302e-12,9.999999999954614083e-01,4.538601109210477494e-12
4.701494535525086588e-02,9.529850546447492521e-01,4.701494535525085894e-02,9.529850546447490300e-01
9.999999999203140755e-01,7.968584051278041660e-11,9.999999999203141865e-01,7.968584051278044245e-11
9.999999999720921018e-01,2.790791985147400355e-11,9.999999999720921018e-01,2.790791985147401001e-11
2.800694639585632473e-01,7.199305360414367527e-01,2.800694639585631918e-01,7.199305360414367527e-01
9.999999999411373075e-01,5.886277232106577486e-11,9.999999999411371965e-01,5.886277232106577486e-11
9.999696545150300597e-01,3.034548496995225332e-05,9.999696545150299487e-01,3.034548496995224994e-05
9.999912770566483644e-01,8.722943351643822307e-06,9.999912770566483644e-01,8.722943351643822307e-06
9.999999999954137797e-01,4.586312181171581743e-12,9.999999999954137797e-01,4.586312181171581743e-12
9.999999997909720939e-01,2.090278510373059566e-10,9.999999997909722049e-01,2.090278510373059825e-10
9.999999999809391360e-01,1.906088483001174457e-11,9.999999999809391360e-01,1.906088483001174457e-11
9.999999999916409088e-01,8.359062569322534390e-12,9.999999999916409088e-01,8.359062569322534390e-12
9.999999698367983969e-01,3.016320162196980614e-08,9.999999698367983969e-01,3.016320162196981276e-08
9.999999999809391360e-01,1.906088483001174457e-11,9.999999999809391360e-01,1.906088483001173811e-11
1.645146773957851234e-304,1.000000000000000000e+00,1.645146772890690992e-304,1.000000000000000000e+00
9.995273477505126625e-01,4.726522494873303722e-04,9.995273477505123294e-01,4.726522494877600958e-04
1.729472159139065218e-86,1.000000000000000000e+00,1.729472159139064860e-86,1.000000000000000000e+00
2.660874161039035271e-54,1.000000000000000000e+00,2.660874161039035271e-54,1.000000000000000000e+00
3.397932514671746071e-80,1.000000000000000000e+00,3.397932514668655415e-80,1.000000000000000000e+00
8.800956425750327818e-125,1.000000000000000000e+00,8.800956425750327818e-125,1.000000000000000000e+00
9.352388813982768745e-59,1.000000000000000000e+00,9.352388813982768745e-59,1.000000000000000000e+00
8.282882430931687010e-39,1.000000000000000000e+00,8.282882430931687010e-39,1.000000000000000000e+00
9.525930785800942416e-64,1.000000000000000000e+00,9.525930785800941067e-64,1.000000000000000000e+00
1.729472159139065218e-86,1.000000000000000000e+00,1.729472159139065218e-86,1.000000000000000000e+00
4.701494535525085894e-02,9.529850546447492521e-01,4.701494535525086588e-02,9.529850546447492521e-01
3.118280795941914089e-12,9.999999999968817166e-01,3.118280795941914493e-12,9.999999999968818276e-01
1.280513414456495686e-29,1.000000000000000000e+00,1.280513414456495686e-29,1.000000000000000000e+00
9.999999999950520690e-01,4.947834189809815755e-12,9.999999999950521801e-01,4.947834189809816563e-12
9.999999996834016969e-01,3.165983998454803655e-10,9.999999996834015858e-01,3.165983998454803655e-10
9.999971298270134978e-01,2.870172986529064095e-06,9.999971298270133868e-01,2.870172986529064095e-06
9.999998453444800539e-01,1.546555199390202034e-07,9.999998453444800539e-01,1.546555199390202034e-07
9.999999996834016969e-01,3.165983998454803655e-10,9.999999996834015858e-01,3.165983998454803655e-10
9.999999999860557098e-01,1.394431753178002253e-11,9.999999999860555988e-01,1.394431753178002091e-11
9.999999997909720939e-01,2.090278510373059566e-10,9.999999997909722049e-01,2.090278510373059825e-10
9.999999999933496531e-01,6.650344746616775991e-12,9.999999999933496531e-01,6.650344746616775991e-12
9.999999998902970866e-01,1.097029182976393956e-10,9.999999998902970866e-01,1.097029182976393956e-10
9.999999999411371965e-01,5.886277232106577486e-11,9.999999999411371965e-01,5.886277232106576194e-11
9.999999999894058078e-01,1.059421469913364527e-11,9.999999999894058078e-01,1.059421469913364527e-11
9.999999999933496531e-01,6.650344746616775991e-12,9.999999999933496531e-01,6.650344746616775183e-12
9.998888664506996315e-01,1.111335493002679720e-04,9.998888664506997426e-01,1.111335493003690603e-04
9.999999999809391360e-01,1.906088483001174134e-11,9.999999999809391360e-01,1.906088483001174134e-11
9.999999960903752649e-01,3.909624719493177261e-09,9.999999960903753760e-01,3.909624719493177261e-09
9.999989299898902617e-01,1.070010109751478587e-06,9.999989299898903727e-01,1.070010109751478587e-06
1.331061532859419804e-10,9.999999998668939183e-01,1.331061532859419804e-10,9.999999998668938073e-01
1.204632648636902181e-17,1.000000000000000000e+00,1.204632648636902181e-17,1.000000000000000000e+00
3.205186936474936068e-05,9.999679481306352757e-01,3.205186936474936068e-05,9.999679481306352757e-01
4.238036665420999683e-09,9.999999957619633006e-01,4.238036665420999683e-09,9.999999957619633006e-01
9.999996165722054853e-01,3.834277945116991989e-07,9.999996165722054853e-01,3.834277945116991989e-07
9.978702591859831550e-01,2.129740814016792966e-03,9.978702591859831550e-01,2.129740814016792532e-03
9.999999923441931227e-01,7.655806880236033519e-09,9.999999923441930116e-01,7.655806880236033519e-09
9.999999999542145135e-01,4.578553539534773487e-11,9.999999999542146245e-01,4.578553539534772841e-11
9.999999998902970866e-01,1.097029182976393956e-10,9.999999998902970866e-01,1.097029182976393827e-10
4.237959541148734023e-04,9.995762040458850972e-01,4.237959541148734023e-04,9.995762040458852082e-01
3.205186936474935391e-05,9.999679481306352757e-01,3.205186936474936068e-05,9.999679481306351647e-01
1.911837754384020925e-32,1.000000000000000000e+00,1.911837754384020925e-32,1.000000000000000000e+00
9.999999998902970866e-01,1.097029182976393827e-10,9.999999998902970866e-01,1.097029182976393956e-10
1.331061532859419804e-10,9.999999998668938073e-01,1.331061532859419804e-10,9.999999998668939183e-01
2.411949648351974612e-24,1.000000000000000000e+00,2.411949648351974980e-24,1.000000000000000000e+00
2.660874161039035271e-54,1.000000000000000000e+00,2.660874161039035271e-54,1.000000000000000000e+00
8.282882430931687010e-39,1.000000000000000000e+00,8.282882430931687010e-39,1.000000000000000000e+00
9.999989299898902617e-01,1.070010109751478587e-06,9.999989299898901507e-01,1.070010109751478587e-06
9.999999999954056751e-01,4.594320500571814490e-12,9.999999999954056751e-01,4.594320500571813683e-12
9.999999999894058078e-01,1.059421469913364527e-11,9.999999999894056968e-01,1.059421469913364366e-11
9.999999999950521801e-01,4.947834189809815755e-12,9.999999999950521801e-01,4.947834189809816563e-12
9.999999999946544982e-01,5.345521493535506857e-12,9.999999999946544982e-01,5.345521493535506857e-12
9.999999999935760275e-01,6.423970721783424334e-12,9.999999999935760275e-01,6.423970721783424334e-12
9.999999999899356062e-01,1.006436526579505090e-11,9.999999999899356062e-01,1.006436526579505090e-11
9.999999999905299086e-01,9.470110775166798837e-12,9.999999999905299086e-01,9.470110775166800452e-12
9.999999999899356062e-01,1.006436526579504928e-11,9.999999999899357173e-01,1.006436526579505090e-11
9.999999999899356062e-01,1.006436526579504928e-11,9.999999999899357173e-01,1.006436526579505090e-11
9.999999999899356062e-01,1.006436526579504928e-11,9.999999999899357173e-01,1.006436526579505090e-11
9.999999999899356062e-01,1.006436526579504928e-11,9.999999999899357173e-01,1.006436526579505090e-11
9.999999999899356062e-01,1.006436526579504928e-11,9.999999999899357173e-01,1.006436526579505090e-11
9.999999999899356062e-01,1.006436526579504928e-11,9.999999999899357173e-01,1.006436526579505090e-11
9.999999999908945059e-01,9.105508767037208177e-12,9.999999999908945059e-01,9.105508767037206561e-12
9.999999996834015858e-01,3.165983998454803138e-10,9.999999996834016969e-01,3.165983998454803138e-10
9.999999999955372365e-01,4.462777587630370929e-12,9.999999999955371255e-01,4.462777587630370121e-12
9.999999999899356062e-01,1.006436526579505090e-11,9.999999999899356062e-01,1.006436526579504928e-11
9.999999999913983251e-01,8.601674835982171242e-12,9.999999999913984361e-01,8.601674835982172858e-12
9.999999987502280474e-01,1.249771974216835866e-09,9.999999987502279364e-01,1.249771974216835659e-09
9.999999999932954742e-01,6.704528808008843897e-12,9.999999999932954742e-01,6.704528808008843089e-12
9.999999999905297976e-01,9.470110775166797221e-12,9.999999999905299086e-01,9.470110775166798837e-12
9.999999999926451055e-01,7.354885591312209531e-12,9.999999999926451055e-01,7.354885591312209531e-12
9.999999999953218532e-01,4.678158430711390749e-12,9.999999999953218532e-01,4.678158430711390749e-12
2.800694639585632473e-01,7.199305360414367527e-01,2.800694639585632473e-01,7.199305360414367527e-01
9.999999999953544938e-01,4.645487461589175977e-12,9.999999999953544938e-01,4.645487461589175977e-12
9.999999999923419036e-01,7.658139894186616523e-12,9.999999999923417926e-01,7.658139894186614907e-12
9.999999999946544982e-01,5.345521493535506857e-12,9.999999999946543872e-01,5.345521493535506049e-12
9.999999999926452166e-01,7.354885591312209531e-12,9.999999999926452166e-01,7.354885591312209531e-12
9.999999999953544938e-01,4.645487461589175977e-12,9.999999999953546048e-01,4.645487461589175977e-12
9.999999999954136687e-01,4.586312181171580935e-12,9.999999999954136687e-01,4.586312181171581743e-12
9.999999999905297976e-01,9.470110775166797221e-12,9.999999999905299086e-01,9.470110775166800452e-12
9.999999923441931227e-01,7.655806880236033519e-09,9.999999923441932337e-01,7.655806880236035174e-09
9.999999997909722049e-01,2.090278510373060083e-10,9.999999997909722049e-01,2.090278510373059308e-10
9.999999999809391360e-01,1.906088483001174457e-11,9.999999999809391360e-01,1.906088483001174457e-11
9.999999998528751322e-01,1.471248556219329039e-10,9.999999998528751322e-01,1.471248556219329039e-10
9.999999999955236918e-01,4.476278123320960393e-12,9.999999999955238028e-01,4.476278123320960393e-12
9.999999999947765117e-01,5.223516961197078862e-12,9.999999999947765117e-01,5.223516961197079670e-12
9.999999999809391360e-01,1.906088483001174134e-11,9.999999999809391360e-01,1.906088483001174134e-11
9.012425899339085059e-20,1.000000000000000000e+00,9.012425899339083855e-20,1.000000000000000000e+00
7.171004187925009710e-01,2.828995812074989180e-01,7.171004187926856011e-01,2.828995812073143989e-01
9.978702591859831550e-01,2.129740814016792966e-03,9.978702591859831550e-01,2.129740814016792532e-03
9.438928158360106543e-16,9.999999999999991118e-01,9.438928158360104571e-16,9.999999999999990008e-01
9.999999995101670480e-01,4.898329619715867536e-10,9.999999995101670480e-01,4.898329619720321904e-10
9.999999999916409088e-01,8.359062569322534390e-12,9.999999999916409088e-01,8.359062569322536005e-12
9.999999999913983251e-01,8.601674835982171242e-12,9.999999999913983251e-01,8.601674835982171242e-12
9.999999999929860550e-01,7.013891618576499311e-12,9.999999999929861660e-01,7.013891618576499311e-12
9.978702591859832660e-01,2.129740814016792966e-03,9.978702591859831550e-01,2.129740814016792966e-03
9.999999352164864463e-01,6.478351360437163970e-08,9.999999352164864463e-01,6.478351360437163970e-08
9.999999999203141865e-01,7.968584051278042953e-11,9.999999999203140755e-01,7.968584051278041660e-11
9.999971298270134978e-01,2.870172986529064518e-06,9.999971298270134978e-01,2.870172986529064518e-06
8.282882430931687010e-39,1.000000000000000000e+00,8.282882430931687010e-39,1.000000000000000000e+00
7.171004187925010820e-01,2.828995812074989735e-01,7.171004187926856011e-01,2.828995812073143989e-01
1.807898221819145446e-35,1.000000000000000000e+00,1.807898221819145713e-35,1.000000000000000000e+00
9.012425899339083855e-20,1.000000000000000000e+00,9.012425899339083855e-20,1.000000000000000000e+00
7.552308208691973969e-14,9.999999999999245048e-01,7.552308208691972707e-14,9.999999999999245048e-01
9.452084402542821895e-01,5.479155974571777582e-02,9.452084402542821895e-01,5.479155974571777582e-02
3.205186936474936068e-05,9.999679481306352757e-01,3.205186936474936068e-05,9.999679481306351647e-01
9.999999996834015858e-01,3.165983998454803138e-10,9.999999996834016969e-01,3.165983998454803655e-10
9.999999999411371965e-01,5.886277232106576194e-11,9.999999999411371965e-01,5.886277232106577486e-11
9.999999998528751322e-01,1.471248556219329039e-10,9.999999998528751322e-01,1.471248556219328780e-10
9.999999987502280474e-01,1.249771974216835866e-09,9.999999987502279364e-01,1.249771974216835659e-09
9.999999999720921018e-01,2.790791985147400355e-11,9.999999999720921018e-01,2.790791985147400678e-11
9.999999987502280474e-01,1.249771974216835866e-09,9.999999987502280474e-01,1.249771974216835866e-09
9.999999999951034724e-01,4.896557034238017087e-12,9.999999999951034724e-01,4.896557034238017087e-12
3.205186936474936068e-05,9.999679481306352757e-01,3.205186936474936068e-05,9.999679481306352757e-01
9.999999999941006079e-01,5.899290110936910222e-12,9.999999999941007189e-01,5.899290110936911030e-12
9.999999999905297976e-01,9.470110775166797221e-12,9.999999999905299086e-01,9.470110775166798837e-12
9.999999999919976235e-01,8.002350202421019763e-12,9.999999999919977345e-01,8.002350202421018147e-12
9.999999999945707874e-01,5.429193516084425848e-12,9.999999999945707874e-01,5.429193516084426656e-12
9.999999999933919526e-01,6.607938860828685574e-12,9.999999999933920636e-01,6.607938860828686381e-12
9.999999999955432317e-01,4.456731138813877432e-12,9.999999999955432317e-01,4.456731138813877432e-12
9.999999999906339365e-01,9.366147880949484455e-12,9.999999999906338255e-01,9.366147880949482839e-12
9.999999999954056751e-01,4.594320500571813683e-12,9.999999999954056751e-01,4.594320500571814490e-12
9.999999999952000618e-01,4.800040419957958194e-12,9.999999999951999508e-01,4.800040419957957387e-12
9.999999999955387908e-01,4.461220696103422188e-12,9.999999999955387908e-01,4.461220696103422996e-12
9.999999999955387908e-01,4.461220696103422188e-12,9.999999999955387908e-01,4.461220696103422188e-12
9.999999999954614083e-01,4.538601109210478302e-12,9.999999999954615193e-01,4.538601109210477494e-12
9.999999999943958162e-01,5.604174516204302312e-12,9.999999999943958162e-01,5.604174516204301504e-12
9.999999999919976235e-01,8.002350202421018147e-12,9.999999999919977345e-01,8.002350202421018147e-12
9.999999999954136687e-01,4.586312181171581743e-12,9.999999999954136687e-01,4.586312181171580935e-12
5.646231525387251759e-22,1.000000000000000000e+00,5.646231525387251759e-22,1.000000000000000000e+00
9.999696545150299487e-01,3.034548496995225332e-05,9.999696545150300597e-01,3.034548496995225332e-05
9.998888664506997426e-01,1.111335493002679856e-04,9.998888664506997426e-01,1.111335493002679720e-04
9.999999997909722049e-01,2.090278510373059825e-10,9.999999997909720939e-01,2.090278510373059825e-10
9.999999999879028989e-01,1.209708840223511955e-11,9.999999999879028989e-01,1.209708840223511794e-11
9.999999999411371965e-01,5.886277232111930896e-11,9.999999999411371965e-01,5.886277232111930896e-11
9.999999998528751322e-01,1.471248556219329039e-10,9.999999998528751322e-01,1.471248556219328780e-10
9.999999999879028989e-01,1.209708840223511955e-11,9.999999999879028989e-01,1.209708840223511955e-11
9.999999978183631288e-01,2.181636924983129835e-09,9.999999978183631288e-01,2.181636924983129835e-09
9.999999698367982859e-01,3.016320162196980614e-08,9.999999698367982859e-01,3.016320162196979952e-08
9.999999996834015858e-01,3.165983998454803655e-10,9.999999996834015858e-01,3.165983998454803138e-10
9.999999978183631288e-01,2.181636924983129835e-09,9.999999978183631288e-01,2.181636924983129835e-09
9.995273477505122184e-01,4.726522494877600416e-04,9.995273477505122184e-01,4.726522494877600958e-04
9.999999999952164931e-01,4.783576318021085249e-12,9.999999999952163821e-01,4.783576318021084441e-12
9.999999999411371965e-01,5.886277232111930896e-11,9.999999999411373075e-01,5.886277232111930896e-11
9.999999999954136687e-01,4.586312181171581743e-12,9.999999999954137797e-01,4.586312181175753189e-12
9.999999999918550708e-01,8.144940323968754590e-12,9.999999999918549598e-01,8.144940323968754590e-12
9.999999960903752649e-01,3.909624719493177261e-09,9.999999960903752649e-01,3.909624719493177261e-09
9.999999999955387908e-01,4.461220696103422188e-12,9.999999999955386798e-01,4.461220696103422188e-12
9.999999997909720939e-01,2.090278510373059566e-10,9.999999997909722049e-01,2.090278510373059825e-10
9.999999999809391360e-01,1.906088483001174457e-11,9.999999999809391360e-01,1.906088483001174457e-11
9.999999998528751322e-01,1.471248556219329039e-10,9.999999998528751322e-01,1.471248556219329039e-10
9.999999999411371965e-01,5.886277232106577486e-11,9.999999999411373075e-01,5.886277232106577486e-11
9.999999999411371965e-01,5.886277232111930896e-11,9.999999999411371965e-01,5.886277232111930896e-11
4.237959541148734023e-04,9.995762040458850972e-01,4.237959541148734566e-04,9.995762040458850972e-01
9.887602347578916540e-01,1.123976524210834951e-02,9.887602347578916540e-01,1.123976524210834951e-02
9.999998453444800539e-01,1.546555199390202034e-07,9.999998453444800539e-01,1.546555199390202034e-07
9.999999996834016969e-01,3.165983998454803655e-10,9.999999996834015858e-01,3.165983998454803655e-10
9.999971298270134978e-01,2.870172986529064095e-06,9.999971298270133868e-01,2.870172986529064095e-06
9.999999999933496531e-01,6.650344746616775991e-12,9.999999999933497641e-01,6.650344746616775991e-12
9.999999999915556437e-01,8.444435846196011580e-12,9.999999999915555327e-01,8.444435846196009964e-12
9.999999999943958162e-01,5.604174516204302312e-12,9.999999999943958162e-01,5.604174516204303120e-12
9.999999999905297976e-01,9.470110775166797221e-12,9.999999999905299086e-01,9.470110775166798837e-12
9.999999999946250773e-01,5.374910414188940849e-12,9.999999999946250773e-01,5.374910414188940849e-12
9.999971298270133868e-01,2.870172986529064518e-06,9.999971298270134978e-01,2.870172986529064518e-06
7.171004187926856011e-01,2.828995812073143989e-01,7.171004187926856011e-01,2.828995812073143989e-01
1.394504833157899974e-10,9.999999998605495488e-01,3.534823188409061860e-10,9.999999996465176455e-01
5.000000000000000000e-01,5.000000000000000000e-01,3.802272892165729910e-93,1.000000000000000000e+00
3.869696153139902648e-116,1.000000000000000000e+00,3.869696153139902085e-116,1.000000000000000000e+00
3.869696153143421369e-116,1.000000000000000000e+00,3.869696153139902085e-116,1.000000000000000000e+00
6.508554717930578769e-69,1.000000000000000000e+00,6.508554717930578769e-69,1.000000000000000000e+00
9.999999996834015858e-01,3.165983998454803138e-10,9.999999996834016969e-01,3.165983998454803655e-10
9.999999999899356062e-01,1.006436526579505090e-11,9.999999999899357173e-01,1.006436526579505090e-11
9.999999999899356062e-01,1.006436526579504928e-11,9.999999999899357173e-01,1.006436526579505090e-11
9.999999999932954742e-01,6.704528808008843089e-12,9.999999999932954742e-01,6.704528808008843089e-12
9.999999998902970866e-01,1.097029182976393956e-10,9.999999998902970866e-01,1.097029182976393956e-10
9.995273477505122184e-01,4.726522494877600416e-04,9.995273477505123294e-01,4.726522494877600958e-04
9.978702591859832660e-01,2.129740814016792966e-03,9.978702591859832660e-01,2.129740814016792966e-03
9.887602347578916540e-01,1.123976524210834778e-02,9.887602347578915429e-01,1.123976524210834778e-02
9.999999999899356062e-01,1.006436526579504928e-11,9.999999999899356062e-01,1.006436526579504928e-11
9.999999999894058078e-01,1.059421469913364366e-11,9.999999999894058078e-01,1.059421469913364527e-11
9.999999999947278839e-01,5.272117414829799913e-12,9.999999999947278839e-01,5.272117414829799913e-12
9.999999999905297976e-01,9.470110775166797221e-12,9.999999999905299086e-01,9.470110775166800452e-12
9.999999999950521801e-01,4.947834189809815755e-12,9.999999999950521801e-01,4.947834189809815755e-12
9.999999999923419036e-01,7.658139894186616523e-12,9.999999999923419036e-01,7.658139894186614907e-12
3.205186936474935391e-05,9.999679481306352757e-01,3.205186936474935391e-05,9.999679481306351647e-01
6.508554717930577740e-69,1.000000000000000000e+00,6.508554717930578769e-69,1.000000000000000000e+00
3.953601888784993871e-117,1.000000000000000000e+00,3.953601888784993871e-117,1.000000000000000000e+00
1.000000000000000000e+00,1.290465927084959029e-32,2.190368571284408973e-308,1.000000000000000000e+00
4.331222496422335978e-81,1.000000000000000000e+00,1.547443845796180094e-85,1.000000000000000000e+00
1.547443845780698457e-75,1.000000000000000000e+00,2.418487454726552142e-100,1.000000000000000000e+00
1.000000000000000000e+00,1.547443845780698457e-75,1.306047896578363466e-272,1.000000000000000000e+00
1.306047896584302788e-262,1.000000000000000000e+00,2.350216348694370660e-154,1.000000000000000000e+00
6.045497240046953598e-108,1.000000000000000000e+00,6.045497240046952841e-108,1.000000000000000000e+00
2.660874161039035271e-54,1.000000000000000000e+00,2.660874161039035271e-54,1.000000000000000000e+00
9.012425899339085059e-20,1.000000000000000000e+00,9.012425899339083855e-20,1.000000000000000000e+00
9.999996165722054853e-01,3.834277945116991989e-07,9.999996165722055963e-01,3.834277945116993048e-07
9.999912770566483644e-01,8.722943351643822307e-06,9.999912770566483644e-01,8.722943351643824001e-06
2.660874161039035271e-54,1.000000000000000000e+00,2.660874161039035271e-54,1.000000000000000000e+00
9.999999998528751322e-01,1.471248556219329039e-10,9.999999998528751322e-01,1.471248556219329039e-10
9.999999999952163821e-01,4.783576318021084441e-12,9.999999999952164931e-01,4.783576318021084441e-12
9.999999999954550800e-01,4.544940010493467665e-12,9.999999999954550800e-01,4.544940010493467665e-12
9.999999999955205832e-01,4.479402961111009636e-12,9.999999999955205832e-01,4.479402961111010443e-12
9.999999999906339365e-01,9.366147880949484455e-12,9.999999999906339365e-01,9.366147880949484455e-12
9.999999999837737574e-01,1.622624383835467016e-11,9.999999999837738685e-01,1.622624383835467339e-11
9.999999999954932717e-01,4.506725468261765663e-12,9.999999999954932717e-01,4.506725468261765663e-12
9.999999999944297890e-01,5.570273398721386575e-12,9.999999999944296780e-01,5.570273398721385767e-12
9.999999999954614083e-01,4.538601109210478302e-12,9.999999999954612973e-01,4.538601109210477494e-12
9.999999999928261829e-01,7.173779663624078636e-12,9.999999999928261829e-01,7.173779663624078636e-12
9.999999999946544982e-01,5.345521493535506857e-12,9.999999999946544982e-01,5.345521493535506049e-12
9.999999999946544982e-01,5.345521493535506857e-12,9.999999999946543872e-01,5.345521493535506049e-12
9.999999999949116258e-01,5.088395614214643122e-12,9.999999999949116258e-01,5.088395614214643122e-12
9.999999999860555988e-01,1.394431753178002253e-11,9.999999999860557098e-01,1.394431753178002253e-11
9.999999999837737574e-01,1.622624383835467016e-11,9.999999999837737574e-01,1.622624383835467016e-11
9.999999999899356062e-01,1.006436526579504928e-11,9.999999999899356062e-01,1.006436526579505090e-11
9.999999999954136687e-01,4.586312181171581743e-12,9.999999999954136687e-01,4.586312181171580935e-12
9.999999999899356062e-01,1.006436526579505090e-11,9.999999999899357173e-01,1.006436526579505090e-11
9.999999999899356062e-01,1.006436526579504928e-11,9.999999999899357173e-01,1.006436526579505090e-11
9.999999999899356062e-01,1.006436526579504928e-11,9.999999999899357173e-01,1.006436526579505090e-11
9.999999999899356062e-01,1.006436526579504928e-11,9.999999999899357173e-01,1.006436526579505090e-11
9.999999999899356062e-01,1.006436526579504928e-11,9.999999999899357173e-01,1.006436526579505090e-11
9.999999999899356062e-01,1.006436526579504928e-11,9.999999999899357173e-01,1.006436526579505090e-11
9.999999999899356062e-01,1.006436526579504928e-11,9.999999999899357173e-01,1.006436526579505090e-11
9.999999999899356062e-01,1.006436526579504928e-11,9.999999999899357173e-01,1.006436526579505090e-11
9.999999999899356062e-01,1.006436526579504928e-11,9.999999999899357173e-01,1.006436526579505090e-11
9.999999999955432317e-01,4.456731138813877432e-12,9.999999999955433427e-01,4.456731138813877432e-12
9.999999999953217422e-01,4.678158430711391556e-12,9.999999999953218532e-01,4.678158430711391556e-12
9.999999999910679227e-01,8.932022517729985918e-12,9.999999999910679227e-01,8.932022517729985918e-12
9.999999999948683271e-01,5.131695836125929062e-12,9.999999999948683271e-01,5.131695836125929062e-12
9.999999999932953632e-01,6.704528808008842281e-12,9.999999999932954742e-01,6.704528808008843897e-12
9.999999999899356062e-01,1.006436526579505090e-11,9.999999999899357173e-01,1.006436526579505090e-11
9.999999999899356062e-01,1.006436526579504928e-11,9.999999999899357173e-01,1.006436526579505090e-11
9.999999999944562123e-01,5.543774189641498620e-12,9.999999999944562123e-01,5.543774189641498620e-12
9.999999987502279364e-01,1.249771974216835659e-09,9.999999987502280474e-01,1.249771974216836073e-09
9.999999999906338255e-01,9.366147880949482839e-12,9.999999999906338255e-01,9.366147880949482839e-12
9.999999999905299086e-01,9.470110775166798837e-12,9.999999999905297976e-01,9.470110775166798837e-12
9.999999999946250773e-01,5.374910414188940849e-12,9.999999999946250773e-01,5.374910414188940849e-12
9.999999999951034724e-01,4.896557034242470453e-12,9.999999999951033613e-01,4.896557034242470453e-12
9.999999999955236918e-01,4.476278123320959585e-12,9.999999999955236918e-01,4.476278123316888306e-12
9.999999999951034724e-01,4.896557034238017087e-12,9.999999999951033613e-01,4.896557034238016279e-12
9.999999978183631288e-01,2.181636924983129835e-09,9.999999978183631288e-01,2.181636924983129835e-09
9.999999999837737574e-01,1.622624383835467016e-11,9.999999999837738685e-01,1.622624383835467339e-11
9.999999999941007189e-01,5.899290110936911030e-12,9.999999999941007189e-01,5.899290110936909414e-12
9.999999999952000618e-01,4.800040419957958194e-12,9.999999999951999508e-01,4.800040419957956579e-12
9.999999999899356062e-01,1.006436526579505090e-11,9.999999999899356062e-01,1.006436526579505090e-11
9.999999999951999508e-01,4.800040419957957387e-12,9.999999999951999508e-01,4.800040419957956579e-12
9.999999999899356062e-01,1.006436526579505090e-11,9.999999999899356062e-01,1.006436526579505090e-11
9.999999999899356062e-01,1.006436526579504928e-11,9.999999999899357173e-01,1.006436526579505090e-11
9.999999999899356062e-01,1.006436526579504928e-11,9.999999999899357173e-01,1.006436526579505090e-11
9.999999999899356062e-01,1.006436526579504928e-11,9.999999999899357173e-01,1.006436526579505090e-11
9.999989299898902617e-01,1.070010109751478587e-06,9.999989299898902617e-01,1.070010109751478587e-06
1.807898221819145713e-35,1.000000000000000000e+00,1.807898221819145713e-35,1.000000000000000000e+00
1.024093259721671248e-07,9.999998975906740917e-01,1.024093259720739776e-07,9.999998975906739807e-01
9.999999999942685847e-01,5.731468574214170742e-12,9.999999999942685847e-01,5.731468574214171550e-12
9.999999999837737574e-01,1.622624383835467016e-11,9.999999999837737574e-01,1.622624383835467016e-11
9.999999999955205832e-01,4.479402961111010443e-12,9.999999999955204721e-01,4.479402961111009636e-12
9.999999999773966364e-01,2.260333082494316450e-11,9.999999999773966364e-01,2.260333082494316450e-11
9.999912770566483644e-01,8.722943351643822307e-06,9.999912770566483644e-01,8.722943351643824001e-06
9.999971298270133868e-01,2.870172986529064095e-06,9.999971298270134978e-01,2.870172986529064518e-06
9.999999999906338255e-01,9.366147880949484455e-12,9.999999999906339365e-01,9.366147880949484455e-12
9.999999999944296780e-01,5.570273398721385767e-12,9.999999999944296780e-01,5.570273398721385767e-12
9.999999999915556437e-01,8.444435846196011580e-12,9.999999999915555327e-01,8.444435846196009964e-12
9.999999999954550800e-01,4.544940010493467665e-12,9.999999999954549690e-01,4.544940010493467665e-12
9.999999999952000618e-01,4.800040419957958194e-12,9.999999999951999508e-01,4.800040419957957387e-12
9.999999999879030099e-01,1.209708840223512117e-11,9.999999999879028989e-01,1.209708840223511794e-11
9.999999999946544982e-01,5.345521493528214097e-12,9.999999999946544982e-01,5.345521493525782638e-12
9.978702591859851534e-01,2.129740814014860050e-03,9.978702591859870408e-01,2.129740814012927135e-03
1.204632648636354292e-17,1.000000000000000000e+00,1.204632648636354292e-17,1.000000000000000000e+00
9.999999999916410198e-01,8.359062569322536005e-12,9.999999999916409088e-01,8.359062569318734529e-12
9.999999999894058078e-01,1.059421469912400830e-11,9.999999999894056968e-01,1.059421469912400830e-11
9.999999999203141865e-01,7.968584051288913916e-11,9.999999999203141865e-01,7.968584051281667038e-11
3.205186936474936068e-05,9.999679481306352757e-01,3.205186936474936068e-05,9.999679481306352757e-01
9.999999845245973740e-01,1.547540265997583929e-08,9.999999845245972629e-01,1.547540265997583598e-08
9.999999987502280474e-01,1.249771974215130840e-09,9.999999987502280474e-01,1.249771974213994087e-09
9.999999999954550800e-01,4.544940010491400521e-12,9.999999999954551910e-01,4.544940010491401329e-12
9.999999999899356062e-01,1.006436526578132002e-11,9.999999999899356062e-01,1.006436526578589698e-11
9.999999999899356062e-01,1.006436526578589698e-11,9.999999999899357173e-01,1.006436526578132164e-11
9.999999999899356062e-01,1.006436526578589698e-11,9.999999999899357173e-01,1.006436526578132164e-11
9.999999999894058078e-01,1.059421469911919062e-11,9.999999999894058078e-01,1.059421469911919062e-11
9.999999999905299086e-01,9.470110775171105992e-12,9.999999999905299086e-01,9.470110775166800452e-12
9.999999995101670480e-01,4.898329619718094720e-10,9.999999995101670480e-01,4.898329619718094720e-10
9.999999998528751322e-01,1.471248556216652851e-10,9.999999998528752432e-01,1.471248556216652851e-10
9.999999999899356062e-01,1.006436526578132002e-11,9.999999999899354952e-01,1.006436526578131841e-11
9.999999999943958162e-01,5.604174516204302312e-12,9.999999999943959272e-01,5.604174516204302312e-12
9.999999999923986360e-01,7.601346801423424645e-12,9.999999999923987470e-01,7.601346801423423029e-12
9.999999999899356062e-01,1.006436526577216611e-11,9.999999999899356062e-01,1.006436526577216772e-11
9.999999999720921018e-01,2.790791985149938765e-11,9.999999999720919908e-01,2.790791985148669237e-11
9.999999999950521801e-01,4.947834189818816191e-12,9.999999999950521801e-01,4.947834189818816191e-12
9.999999999905299086e-01,9.470110775162493297e-12,9.999999999905297976e-01,9.470110775162491682e-12
9.999999999954932717e-01,4.506725468259716291e-12,9.999999999954932717e-01,4.506725468259717098e-12
9.999999999937111417e-01,6.288878759653168509e-12,9.999999999937111417e-01,6.288878759653168509e-12
9.999989299898901507e-01,1.070010109750505346e-06,9.999989299898902617e-01,1.070010109750505346e-06
9.999999999926451055e-01,7.354885591318896446e-12,9.999999999926451055e-01,7.354885591318898062e-12
9.999971298270134978e-01,2.870172986527759240e-06,9.999971298270133868e-01,2.870172986527758817e-06
9.999999999837737574e-01,1.622624383838418371e-11,9.999999999837737574e-01,1.622624383838419017e-11
9.999999999949931162e-01,5.006829722121326878e-12,9.999999999949932272e-01,5.006829722121327685e-12
9.999999698367983969e-01,3.016320162201096003e-08,9.999999698367983969e-01,3.016320162201096003e-08
9.999999999905299086e-01,9.470110775162493297e-12,9.999999999905299086e-01,9.470110775162493297e-12
4.109082433403016163e-50,1.000000000000000000e+00,4.109082433403016638e-50,1.000000000000000000e+00
9.452084402541645058e-01,5.479155974583552885e-02,9.452084402541645058e-01,5.479155974583552885e-02
9.999999995101670480e-01,4.898329619718094720e-10,9.999999995101670480e-01,4.898329619718094720e-10
9.999999845245973740e-01,1.547540265996176068e-08,9.999999845245972629e-01,1.547540265996176068e-08
9.999999352164864463e-01,6.478351360443056142e-08,9.999999352164863353e-01,6.478351360443054819e-08
9.999999999928261829e-01,7.173779663617554087e-12,9.999999999928261829e-01,7.173779663617554895e-12
4.600492363005493674e-46,1.000000000000000000e+00,4.600492363005492896e-46,1.000000000000000000e+00
9.999999845245973740e-01,1.547540265996176399e-08,9.999999845245973740e-01,1.547540265996176399e-08
7.171004187924088225e-01,2.828995812075911775e-01,7.171004187924087114e-01,2.828995812075911775e-01
9.999996165722054853e-01,3.834277945113505390e-07,9.999996165722053743e-01,3.834277945113504331e-07
9.999999999952834395e-01,4.716556624700920409e-12,9.999999999952834395e-01,4.716556624700921216e-12
9.999999999953546048e-01,4.645487461589176785e-12,9.999999999953544938e-01,4.645487461589175977e-12
9.999999999940605289e-01,5.939534100358918212e-12,9.999999999940605289e-01,5.939534100358918212e-12
9.999999999933496531e-01,6.650344746604679282e-12,9.999999999933495420e-01,6.650344746604678474e-12
9.999999999946544982e-01,5.345521493530644748e-12,9.999999999946544982e-01,5.345521493530644748e-12
9.999999999411373075e-01,5.886277232090517258e-11,9.999999999411371965e-01,5.886277232090515965e-11
9.999999978183631288e-01,2.181636924982137632e-09,9.999999978183631288e-01,2.181636924982138046e-09
9.999999999879028989e-01,1.209708840221861633e-11,9.999999999879027879e-01,1.209708840221861633e-11
9.999999999899356062e-01,1.006436526578132002e-11,9.999999999899357173e-01,1.006436526578132164e-11
9.999999999899356062e-01,1.006436526578132002e-11,9.999999999899357173e-01,1.006436526578132164e-11
9.999999999899356062e-01,1.006436526578132002e-11,9.999999999899357173e-01,1.006436526578132164e-11
9.999999999542145135e-01,4.578553539524362643e-11,9.999999999542144025e-01,4.578553539524361997e-11
9.999999997909720939e-01,2.090278510376861754e-10,9.999999997909720939e-01,2.090278510376862012e-10
5.646231525382116259e-22,1.000000000000000000e+00,5.646231525382116259e-22,1.000000000000000000e+00
9.999999352164864463e-01,6.478351360440110056e-08,9.999999352164864463e-01,6.478351360440110056e-08
7.552308208698841477e-14,9.999999999999245048e-01,7.552308208698841477e-14,9.999999999999243938e-01
9.999999352164864463e-01,6.478351360443054819e-08,9.999999352164864463e-01,6.478351360443056142e-08
9.999999923441931227e-01,7.655806880246477502e-09,9.999999923441931227e-01,7.655806880246477502e-09
9.978702591859832660e-01,2.129740814016792966e-03,9.978702591859831550e-01,2.129740814016792532e-03
9.999999698367983969e-01,3.016320162202467799e-08,9.999999698367985079e-01,3.016320162202467138e-08
9.999999987502280474e-01,1.249771974214562567e-09,9.999999987502280474e-01,1.249771974214562774e-09
1.204632648636354292e-17,1.000000000000000000e+00,1.204632648636354447e-17,1.000000000000000000e+00
4.701494535518974810e-02,9.529850546448103144e-01,4.701494535518973422e-02,9.529850546448102033e-01
9.999999960903752649e-01,3.909624719494954872e-09,9.999999960903753760e-01,3.909624719494955699e-09
9.999999992258554737e-01,7.741444925169851009e-10,9.999999992258555848e-01,7.741444925169853076e-10
9.452084402541879316e-01,5.479155974581197824e-02,9.452084402541880426e-01,5.479155974581198518e-02
9.999999999650964755e-01,3.490349648751954664e-11,9.999999999650965865e-01,3.490349648751954664e-11
9.999999999939095385e-01,6.090412875510231638e-12,9.999999999939095385e-01,6.090412875510230831e-12
9.999999999899356062e-01,1.006436526578132002e-11,9.999999999899356062e-01,1.006436526578132002e-11
9.999999999913983251e-01,8.601674835986082579e-12,9.999999999913984361e-01,8.601674835986084194e-12
9.999999999411371965e-01,5.886277232090517258e-11,9.999999999411371965e-01,5.886277232090515965e-11
9.999999999952163821e-01,4.783576318016734472e-12,9.999999999952163821e-01,4.783576318016733665e-12
9.999999999650964755e-01,3.490349648751954664e-11,9.999999999650964755e-01,3.490349648751954664e-11
9.999998453444800539e-01,1.546555199390202034e-07,9.999998453444801649e-01,1.546555199390202034e-07
5.075134280209267490e-03,9.949248657197907741e-01,5.075134280209267490e-03,9.949248657197907741e-01
9.999999999948927520e-01,5.107369090446972452e-12,9.999999999948926410e-01,5.107369090444649238e-12
9.999999999941007189e-01,5.899290110939593712e-12,9.999999999941007189e-01,5.899290110939593712e-12
9.999999999720921018e-01,2.790791985149938765e-11,9.999999999720919908e-01,2.790791985149938765e-11
9.999999999954056751e-01,4.594320500578081353e-12,9.999999999954056751e-01,4.594320500578081353e-12
9.999999999837737574e-01,1.622624383839156371e-11,9.999999999837736464e-01,1.622624383839156694e-11
5.075134280209267490e-03,9.949248657197907741e-01,5.075134280209267490e-03,9.949248657197906631e-01
9.999999999955236918e-01,4.476278123316889114e-12,9.999999999955236918e-01,4.476278123316889114e-12
9.999999999899356062e-01,1.006436526578132002e-11,9.999999999899357173e-01,1.006436526578132002e-11
9.999999999949116258e-01,5.088395614219270971e-12,9.999999999949116258e-01,5.088395614219270971e-12
9.999999960903753760e-01,3.909624719494955699e-09,9.999999960903752649e-01,3.909624719496733311e-09
1.911837754383151682e-32,1.000000000000000000e+00,1.911837754383151682e-32,1.000000000000000000e+00
3.397932514668655415e-80,1.000000000000000000e+00,3.397932514668655415e-80,1.000000000000000000e+00
9.998888664506995205e-01,1.111335493005206454e-04,9.998888664506996315e-01,1.111335493004701215e-04
1.729472159139065218e-86,1.000000000000000000e+00,1.729472159139065218e-86,1.000000000000000000e+00
4.600492363007585385e-46,1.000000000000000000e+00,4.600492363007585385e-46,1.000000000000000000e+00
1.204632648636354447e-17,1.000000000000000000e+00,1.204632648636354292e-17,1.000000000000000000e+00
5.646231525382116259e-22,1.000000000000000000e+00,5.646231525382116259e-22,1.000000000000000000e+00
9.999999996834016969e-01,3.165983998449044410e-10,9.999999996834016969e-01,3.165983998449044410e-10
9.999999960903752649e-01,3.909624719494954872e-09,9.999999960903752649e-01,3.909624719494955699e-09
3.205186936474936068e-05,9.999679481306352757e-01,3.205186936474936068e-05,9.999679481306353868e-01
9.999999999773967474e-01,2.260333082488149431e-11,9.999999999773966364e-01,2.260333082487121594e-11
1.280513414455913306e-29,1.000000000000000000e+00,1.280513414455913306e-29,1.000000000000000000e+00
2.868567708306298073e-249,1.000000000000000000e+00,2.868567708306297576e-249,1.000000000000000000e+00
1.331061532860025197e-10,9.999999998668938073e-01,1.331061532860024938e-10,9.999999998668938073e-01
9.999999999720921018e-01,2.790791985149938442e-11,9.999999999720921018e-01,2.790791985149938765e-11
2.900305680529806418e-42,1.000000000000000000e+00,2.900305680529806418e-42,1.000000000000000000e+00
1.331061532859419804e-10,9.999999998668939183e-01,1.331061532860024938e-10,9.999999998668938073e-01
9.525930785805273995e-64,1.000000000000000000e+00,9.525930785805273995e-64,1.000000000000000000e+00
1.729472159139065218e-86,1.000000000000000000e+00,1.729472159139065218e-86,1.000000000000000000e+00
6.877579828413654833e-27,1.000000000000000000e+00,6.877579828404271829e-27,1.000000000000000000e+00
9.999999997909720939e-01,2.090278510376862012e-10,9.999999997909720939e-01,2.090278510376861754e-10
2.411949648347587080e-24,1.000000000000000000e+00,2.411949648347587447e-24,1.000000000000000000e+00
7.171004187924088225e-01,2.828995812075911775e-01,7.171004187924088225e-01,2.828995812075911775e-01
1.331061532860025197e-10,9.999999998668939183e-01,1.331061532860025197e-10,9.999999998668939183e-01
9.978702591859831550e-01,2.129740814016792532e-03,9.978702591859831550e-01,2.129740814016792532e-03
9.999999992258555848e-01,7.741444925169851009e-10,9.999999992258554737e-01,7.741444925169852043e-10
9.999971298270134978e-01,2.870172986529064518e-06,9.999971298270133868e-01,2.870172986529064095e-06
9.999999999542145135e-01,4.578553539524362643e-11,9.999999999542144025e-01,4.578553539524361997e-11
9.999999997909720939e-01,2.090278510376861754e-10,9.999999997909720939e-01,2.090278510376862012e-10
9.999696545150299487e-01,3.034548497000745277e-05,9.999696545150299487e-01,3.034548497000744938e-05
3.205186936474936068e-05,9.999679481306352757e-01,3.205186936474936068e-05,9.999679481306352757e-01
9.999999999954932717e-01,4.506725468261766471e-12,9.999999999954932717e-01,4.506725468261765663e-12
9.999999995101669370e-01,4.898329619722550121e-10,9.999999995101671590e-01,4.898329619722550121e-10
4.237959541152587278e-04,9.995762040458847641e-01,4.237959541152587278e-04,9.995762040458846531e-01
9.999999845245972629e-01,1.547540265996176068e-08,9.999999845245973740e-01,1.547540265996176068e-08
9.999998453444800539e-01,1.546555199390202034e-07,9.999998453444801649e-01,1.546555199390202034e-07
9.999999999720921018e-01,2.790791985149938765e-11,9.999999999720921018e-01,2.790791985149939089e-11
9.999999960903752649e-01,3.909624719494954872e-09,9.999999960903752649e-01,3.909624719496732483e-09
9.999996165722054853e-01,3.834277945115248689e-07,9.999996165722053743e-01,3.834277945115247630e-07
9.999999999905299086e-01,9.470110775149573447e-12,9.999999999905297976e-01,9.470110775149571831e-12
9.999999999899356062e-01,1.006436526578132002e-11,9.999999999899357173e-01,1.006436526578132164e-11
9.999999999899356062e-01,1.006436526578132002e-11,9.999999999899357173e-01,1.006436526578132164e-11
9.999999999899356062e-01,1.006436526578132002e-11,9.999999999899357173e-01,1.006436526578132164e-11
9.999999999899356062e-01,1.006436526578132002e-11,9.999999999899357173e-01,1.006436526578132164e-11
9.999999999899356062e-01,1.006436526578132002e-11,9.999999999899357173e-01,1.006436526578132164e-11
9.999999999899356062e-01,1.006436526578132002e-11,9.999999999899357173e-01,1.006436526578132164e-11
9.999999999899356062e-01,1.006436526578132002e-11,9.999999999899357173e-01,1.006436526578132164e-11
9.999999999899356062e-01,1.006436526578132002e-11,9.999999999899357173e-01,1.006436526578132164e-11
9.999999999899356062e-01,1.006436526578132002e-11,9.999999999899357173e-01,1.006436526578132164e-11
9.999999999899356062e-01,1.006436526578132002e-11,9.999999999899357173e-01,1.006436526578132164e-11
9.999999999899356062e-01,1.006436526578132002e-11,9.999999999899357173e-01,1.006436526578132164e-11
9.999999999899356062e-01,1.006436526578132002e-11,9.999999999899357173e-01,1.006436526578132164e-11
9.999999999899356062e-01,1.006436526578132002e-11,9.999999999899357173e-01,1.006436526578132164e-11
9.999999999899356062e-01,1.006436526578132002e-11,9.999999999899357173e-01,1.006436526578132164e-11
9.999999999899356062e-01,1.006436526578132002e-11,9.999999999899357173e-01,1.006436526578132164e-11
9.999999999899356062e-01,1.006436526578132002e-11,9.999999999899357173e-01,1.006436526578132164e-11
9.999999999899356062e-01,1.006436526578132002e-11,9.999999999899357173e-01,1.006436526578132164e-11
9.999999999899356062e-01,1.006436526578132002e-11,9.999999999899357173e-01,1.006436526578132164e-11
9.999999999899356062e-01,1.006436526578132002e-11,9.999999999899357173e-01,1.006436526578132164e-11
9.999999999899356062e-01,1.006436526578132002e-11,9.999999999899357173e-01,1.006436526578132164e-11
9.999999999908945059e-01,9.105508767008222928e-12,9.999999999908945059e-01,9.105508767008222928e-12
9.999999999899356062e-01,1.006436526578132002e-11,9.999999999899356062e-01,1.006436526578132002e-11
9.999999999899356062e-01,1.006436526578132002e-11,9.999999999899357173e-01,1.006436526578132164e-11
9.999999999899356062e-01,1.006436526578132002e-11,9.999999999899357173e-01,1.006436526578132164e-11
9.999999999899356062e-01,1.006436526578132002e-11,9.999999999899357173e-01,1.006436526578132164e-11
9.999999999899356062e-01,1.006436526578132002e-11,9.999999999899357173e-01,1.006436526578132164e-11
9.999999999899356062e-01,1.006436526578132002e-11,9.999999999899357173e-01,1.006436526578132164e-11
9.999999999899356062e-01,1.006436526578132002e-11,9.999999999899357173e-01,1.006436526578132164e-11
9.999999999899356062e-01,1.006436526578132002e-11,9.999999999899357173e-01,1.006436526578132164e-11
9.999999999899356062e-01,1.006436526578132002e-11,9.999999999899357173e-01,1.006436526578132164e-11
9.999999999899356062e-01,1.006436526578132002e-11,9.999999999899357173e-01,1.006436526578132164e-11
9.999999999899356062e-01,1.006436526578132002e-11,9.999999999899357173e-01,1.006436526578132164e-11
9.999999999955432317e-01,4.456731138811850678e-12,9.999999999955433427e-01,4.456731138811851486e-12
9.999999999899356062e-01,1.006436526578132002e-11,9.999999999899356062e-01,1.006436526578132002e-11
9.999999999899356062e-01,1.006436526578132002e-11,9.999999999899357173e-01,1.006436526578132164e-11
9.999999999899356062e-01,1.006436526578132002e-11,9.999999999899357173e-01,1.006436526578132164e-11
9.999999999899356062e-01,1.006436526578132002e-11,9.999999999899357173e-01,1.006436526578132164e-11
9.999999999899356062e-01,1.006436526578132002e-11,9.999999999899357173e-01,1.006436526578132164e-11
9.999999999955387908e-01,4.461220696109508912e-12,9.999999999955387908e-01,4.461220696109508912e-12
9.999999999953546048e-01,4.645487461591289165e-12,9.999999999953544938e-01,4.645487461591288357e-12
9.999999999899356062e-01,1.006436526578132002e-11,9.999999999899354952e-01,1.006436526578131841e-11
9.999999999899356062e-01,1.006436526578132002e-11,9.999999999899357173e-01,1.006436526578132164e-11
9.999999999899356062e-01,1.006436526578132002e-11,9.999999999899357173e-01,1.006436526578132164e-11
9.999999999899356062e-01,1.006436526578132002e-11,9.999999999899357173e-01,1.006436526578132164e-11
9.999999999899356062e-01,1.006436526578132002e-11,9.999999999899357173e-01,1.006436526578132164e-11
9.999999999899356062e-01,1.006436526578132002e-11,9.999999999899357173e-01,1.006436526578132164e-11
9.999999999899356062e-01,1.006436526578132002e-11,9.999999999899357173e-01,1.006436526578132164e-11
9.999999999899356062e-01,1.006436526578132002e-11,9.999999999899357173e-01,1.006436526578132164e-11
9.999999999899356062e-01,1.006436526578132002e-11,9.999999999899357173e-01,1.006436526578132164e-11
9.999999999899356062e-01,1.006436526578132002e-11,9.999999999899357173e-01,1.006436526578132164e-11
9.999999999899356062e-01,1.006436526578132002e-11,9.999999999899357173e-01,1.006436526578132164e-11
9.999999999899356062e-01,1.006436526578132002e-11,9.999999999899357173e-01,1.006436526578132164e-11
9.999999999949116258e-01,5.088395614221585300e-12,9.999999999949116258e-01,5.088395614221584492e-12
9.999999999899356062e-01,1.006436526578132002e-11,9.999999999899356062e-01,1.006436526578132002e-11
9.999999999899356062e-01,1.006436526578132002e-11,9.999999999899357173e-01,1.006436526578132164e-11
9.999999999899356062e-01,1.006436526578132002e-11,9.999999999899357173e-01,1.006436526578132164e-11
9.999999999899356062e-01,1.006436526578132002e-11,9.999999999899357173e-01,1.006436526578132164e-11
9.999999999899356062e-01,1.006436526578132002e-11,9.999999999899357173e-01,1.006436526578132164e-11
9.999999999899356062e-01,1.006436526578132002e-11,9.999999999899357173e-01,1.006436526578132164e-11
9.999999999899356062e-01,1.006436526578132002e-11,9.999999999899357173e-01,1.006436526578132164e-11
9.999999999899356062e-01,1.006436526578132002e-11,9.999999999899357173e-01,1.006436526578132164e-11
9.999999999899356062e-01,1.006436526578132002e-11,9.999999999899357173e-01,1.006436526578132164e-11
9.999999999899356062e-01,1.006436526578132002e-11,9.999999999899357173e-01,1.006436526578132164e-11
9.999999999899356062e-01,1.006436526578132002e-11,9.999999999899357173e-01,1.006436526578132164e-11
9.999999999899356062e-01,1.006436526578132002e-11,9.999999999899357173e-01,1.006436526578132164e-11
9.999999999899356062e-01,1.006436526578132002e-11,9.999999999899357173e-01,1.006436526578132164e-11
9.999999999899356062e-01,1.006436526578132002e-11,9.999999999899357173e-01,1.006436526578132164e-11
9.999999999899356062e-01,1.006436526578132002e-11,9.999999999899357173e-01,1.006436526578132164e-11
9.999999999899356062e-01,1.006436526578132002e-11,9.999999999899357173e-01,1.006436526578132164e-11
9.999999999899356062e-01,1.006436526578132002e-11,9.999999999899357173e-01,1.006436526578132164e-11
9.999999999899356062e-01,1.006436526578132002e-11,9.999999999899357173e-01,1.006436526578132164e-11
9.999999999899356062e-01,1.006436526578132002e-11,9.999999999899357173e-01,1.006436526578132164e-11
9.999999999899356062e-01,1.006436526578132002e-11,9.999999999899357173e-01,1.006436526578132164e-11
9.999999999899356062e-01,1.006436526578132002e-11,9.999999999899357173e-01,1.006436526578132164e-11
9.999999999899356062e-01,1.006436526578132002e-11,9.999999999899357173e-01,1.006436526578132164e-11
9.999999999899356062e-01,1.006436526578132002e-11,9.999999999899357173e-01,1.006436526578132164e-11
9.999999999899356062e-01,1.006436526578132002e-11,9.999999999899357173e-01,1.006436526578132164e-11
9.999999999899356062e-01,1.006436526578132002e-11,9.999999999899357173e-01,1.006436526578132164e-11
9.999999999899356062e-01,1.006436526578132002e-11,9.999999999899357173e-01,1.006436526578132164e-11
9.999999999899356062e-01,1.006436526578132002e-11,9.999999999899357173e-01,1.006436526578132164e-11
9.999999999927624561e-01,7.237517422384783443e-12,9.999999999927625671e-01,7.237517422384785059e-12
9.999999999899356062e-01,1.006436526578132002e-11,9.999999999899356062e-01,1.006436526578132002e-11
9.999999999899356062e-01,1.006436526578132002e-11,9.999999999899357173e-01,1.006436526578132164e-11
9.999999999899356062e-01,1.006436526578132002e-11,9.999999999899357173e-01,1.006436526578132164e-11
9.999999999933496531e-01,6.650344746610728040e-12,9.999999999933495420e-01,6.650344746610727233e-12
9.999999999899356062e-01,1.006436526578132002e-11,9.999999999899356062e-01,1.006436526578132002e-11
9.999999999899356062e-01,1.006436526578132002e-11,9.999999999899357173e-01,1.006436526578132164e-11
9.999999999899356062e-01,1.006436526578132002e-11,9.999999999899357173e-01,1.006436526578132164e-11
9.999999999899356062e-01,1.006436526578132002e-11,9.999999999899357173e-01,1.006436526578132164e-11
9.999999999899356062e-01,1.006436526578132002e-11,9.999999999899357173e-01,1.006436526578132164e-11
9.999999999899356062e-01,1.006436526578132002e-11,9.999999999899357173e-01,1.006436526578132164e-11
9.999999999899356062e-01,1.006436526578132002e-11,9.999999999899357173e-01,1.006436526578132164e-11
9.999999999899356062e-01,1.006436526578132002e-11,9.999999999899357173e-01,1.006436526578132164e-11
9.999999999899356062e-01,1.006436526578132002e-11,9.999999999899357173e-01,1.006436526578132164e-11
9.999999999899356062e-01,1.006436526578132002e-11,9.999999999899357173e-01,1.006436526578132164e-11
9.999999999899356062e-01,1.006436526578132002e-11,9.999999999899357173e-01,1.006436526578132164e-11
9.999999999899356062e-01,1.006436526578132002e-11,9.999999999899357173e-01,1.006436526578132164e-11
9.999999999899356062e-01,1.006436526578132002e-11,9.999999999899357173e-01,1.006436526578132164e-11
9.999999999899356062e-01,1.006436526578132002e-11,9.999999999899357173e-01,1.006436526578132164e-11
9.999999999899356062e-01,1.006436526578132002e-11,9.999999999899357173e-01,1.006436526578132164e-11
9.999999999899356062e-01,1.006436526578132002e-11,9.999999999899357173e-01,1.006436526578132164e-11
9.999999999899356062e-01,1.006436526578132002e-11,9.999999999899357173e-01,1.006436526578132164e-11
9.999999999899356062e-01,1.006436526578132002e-11,9.999999999899357173e-01,1.006436526578132164e-11
9.999999999899356062e-01,1.006436526578132002e-11,9.999999999899357173e-01,1.006436526578132164e-11
9.999999999899356062e-01,1.006436526578132002e-11,9.999999999899357173e-01,1.006436526578132164e-11
9.999999999899356062e-01,1.006436526578132002e-11,9.999999999899357173e-01,1.006436526578132164e-11
9.999999999899356062e-01,1.006436526578132002e-11,9.999999999899357173e-01,1.006436526578132164e-11
9.999999999899356062e-01,1.006436526578132002e-11,9.999999999899357173e-01,1.006436526578132164e-11
9.999999999899356062e-01,1.006436526578132002e-11,9.999999999899357173e-01,1.006436526578132164e-11
9.999999999899356062e-01,1.006436526578132002e-11,9.999999999899357173e-01,1.006436526578132164e-11
9.999999999899356062e-01,1.006436526578132002e-11,9.999999999899357173e-01,1.006436526578132164e-11
9.999999999899356062e-01,1.006436526578132002e-11,9.999999999899357173e-01,1.006436526578132164e-11
9.999999999899356062e-01,1.006436526578132002e-11,9.999999999899357173e-01,1.006436526578132164e-11
9.999999999899356062e-01,1.006436526578132002e-11,9.999999999899357173e-01,1.006436526578132164e-11
9.999999999899356062e-01,1.006436526578132002e-11,9.999999999899357173e-01,1.006436526578132164e-11
9.999999999899356062e-01,1.006436526578132002e-11,9.999999999899357173e-01,1.006436526578132164e-11
9.999999999899356062e-01,1.006436526578132002e-11,9.999999999899357173e-01,1.006436526578132164e-11
9.999999999899356062e-01,1.006436526578132002e-11,9.999999999899357173e-01,1.006436526578132164e-11
9.999999999899356062e-01,1.006436526578132002e-11,9.999999999899357173e-01,1.006436526578132164e-11
9.999999999899356062e-01,1.006436526578132002e-11,9.999999999899357173e-01,1.006436526578132164e-11
9.999999999899356062e-01,1.006436526578132002e-11,9.999999999899357173e-01,1.006436526578132164e-11
9.999999999899356062e-01,1.006436526578132002e-11,9.999999999899357173e-01,1.006436526578132164e-11
9.999999999899356062e-01,1.006436526578132002e-11,9.999999999899357173e-01,1.006436526578132164e-11
9.999999999899356062e-01,1.006436526578132002e-11,9.999999999899357173e-01,1.006436526578132164e-11
9.999999999899356062e-01,1.006436526578132002e-11,9.999999999899357173e-01,1.006436526578132164e-11
9.999999999899356062e-01,1.006436526578132002e-11,9.999999999899357173e-01,1.006436526578132164e-11
9.999999999899356062e-01,1.006436526578132002e-11,9.999999999899357173e-01,1.006436526578132164e-11
9.999999999899356062e-01,1.006436526578132002e-11,9.999999999899357173e-01,1.006436526578132164e-11
9.999999999899356062e-01,1.006436526578132002e-11,9.999999999899357173e-01,1.006436526578132164e-11
9.999999999899356062e-01,1.006436526578132002e-11,9.999999999899357173e-01,1.006436526578132164e-11
9.999999999899356062e-01,1.006436526578132002e-11,9.999999999899357173e-01,1.006436526578132164e-11
9.999999999933496531e-01,6.650344746607703661e-12,9.999999999933495420e-01,6.650344746607702853e-12
9.999999999905299086e-01,9.470110775149573447e-12,9.999999999905299086e-01,9.470110775149573447e-12
9.999999999899356062e-01,1.006436526578132002e-11,9.999999999899357173e-01,1.006436526578132164e-11
9.999999999899356062e-01,1.006436526578132002e-11,9.999999999899357173e-01,1.006436526578132164e-11
9.999999999919976235e-01,8.002350202417379845e-12,9.999999999919976235e-01,8.002350202417378229e-12
9.999999999899356062e-01,1.006436526578132002e-11,9.999999999899356062e-01,1.006436526578132002e-11
9.999999999899356062e-01,1.006436526578132002e-11,9.999999999899357173e-01,1.006436526578132164e-11
9.999999999899356062e-01,1.006436526578132002e-11,9.999999999899357173e-01,1.006436526578132164e-11
9.999999999899356062e-01,1.006436526578132002e-11,9.999999999899357173e-01,1.006436526578132164e-11
9.999999999899356062e-01,1.006436526578132002e-11,9.999999999899357173e-01,1.006436526578132164e-11
9.999999999935760275e-01,6.423970721795109876e-12,9.999999999935761386e-01,6.423970721795109876e-12
9.999999999899356062e-01,1.006436526578132002e-11,9.999999999899356062e-01,1.006436526578132002e-11
9.999999999899356062e-01,1.006436526578132002e-11,9.999999999899357173e-01,1.006436526578132164e-11
9.999999999899356062e-01,1.006436526578132002e-11,9.999999999899357173e-01,1.006436526578132164e-11
9.999999999899356062e-01,1.006436526578132002e-11,9.999999999899357173e-01,1.006436526578132164e-11
9.999999999899356062e-01,1.006436526578132002e-11,9.999999999899357173e-01,1.006436526578132164e-11
9.999999999899356062e-01,1.006436526578132002e-11,9.999999999899357173e-01,1.006436526578132164e-11
9.999999999899356062e-01,1.006436526578132002e-11,9.999999999899357173e-01,1.006436526578132164e-11
9.999999999899356062e-01,1.006436526578132002e-11,9.999999999899357173e-01,1.006436526578132164e-11
9.999999999899356062e-01,1.006436526578132002e-11,9.999999999899357173e-01,1.006436526578132164e-11
9.999999999927624561e-01,7.237517422384783443e-12,9.999999999927625671e-01,7.237517422384785059e-12
9.999999999899356062e-01,1.006436526578132002e-11,9.999999999899356062e-01,1.006436526578132002e-11
9.999999999899356062e-01,1.006436526578132002e-11,9.999999999899357173e-01,1.006436526578132164e-11
9.999999999942685847e-01,5.731468574224596934e-12,9.999999999942685847e-01,5.731468574224596934e-12
9.999999999899356062e-01,1.006436526578132002e-11,9.999999999899356062e-01,1.006436526578132164e-11
9.999999999899356062e-01,1.006436526578132002e-11,9.999999999899357173e-01,1.006436526578132164e-11
9.999999999899356062e-01,1.006436526578132002e-11,9.999999999899357173e-01,1.006436526578132164e-11
9.999999999899356062e-01,1.006436526578132002e-11,9.999999999899357173e-01,1.006436526578132164e-11
9.999999999899356062e-01,1.006436526578132002e-11,9.999999999899357173e-01,1.006436526578132164e-11
9.999999999954056751e-01,4.594320500582260069e-12,9.999999999954055641e-01,4.594320500582260069e-12
9.999999999899356062e-01,1.006436526578132002e-11,9.999999999899356062e-01,1.006436526578132002e-11
9.999999999899356062e-01,1.006436526578132002e-11,9.999999999899357173e-01,1.006436526578132164e-11
9.999999999899356062e-01,1.006436526578132002e-11,9.999999999899357173e-01,1.006436526578132164e-11
9.999999999899356062e-01,1.006436526578132002e-11,9.999999999899357173e-01,1.006436526578132164e-11
9.999999999951034724e-01,4.896557034246923819e-12,9.999999999951034724e-01,4.896557034244696732e-12
9.999999999899356062e-01,1.006436526578132002e-11,9.999999999899356062e-01,1.006436526578131841e-11
9.999999999899356062e-01,1.006436526578132002e-11,9.999999999899357173e-01,1.006436526578132164e-11
9.999999999899356062e-01,1.006436526578132002e-11,9.999999999899357173e-01,1.006436526578132164e-11
9.999999999951034724e-01,4.896557034246923819e-12,9.999999999951034724e-01,4.896557034244696732e-12
9.999999999899356062e-01,1.006436526578132002e-11,9.999999999899356062e-01,1.006436526578131841e-11
9.999999999899356062e-01,1.006436526578132002e-11,9.999999999899357173e-01,1.006436526578132164e-11
9.999999999542145135e-01,4.578553539524362643e-11,9.999999999542144025e-01,4.578553539524361997e-11
9.999999999915555327e-01,8.444435846172968461e-12,9.999999999915555327e-01,8.444435846172970076e-12
9.999999999899356062e-01,1.006436526578132002e-11,9.999999999899356062e-01,1.006436526578131841e-11
9.999999999899356062e-01,1.006436526578132002e-11,9.999999999899357173e-01,1.006436526578132164e-11
9.999999999899356062e-01,1.006436526578132002e-11,9.999999999899357173e-01,1.006436526578132164e-11
9.999999998528751322e-01,1.471248556215314886e-10,9.999999998528751322e-01,1.471248556215314886e-10
9.999999999899356062e-01,1.006436526578132002e-11,9.999999999899354952e-01,1.006436526578131841e-11
9.999999999899356062e-01,1.006436526578132002e-11,9.999999999899357173e-01,1.006436526578132164e-11
9.999999999899356062e-01,1.006436526578132002e-11,9.999999999899357173e-01,1.006436526578132164e-11
9.999999999899356062e-01,1.006436526578132002e-11,9.999999999899357173e-01,1.006436526578132164e-11
9.999999999899356062e-01,1.006436526578132002e-11,9.999999999899357173e-01,1.006436526578132164e-11
9.999999999899356062e-01,1.006436526578132002e-11,9.999999999899357173e-01,1.006436526578132164e-11
9.999999999899356062e-01,1.006436526578132002e-11,9.999999999899357173e-01,1.006436526578132164e-11
9.999999999899356062e-01,1.006436526578132002e-11,9.999999999899357173e-01,1.006436526578132164e-11
9.999999999899356062e-01,1.006436526577674306e-11,9.999999999899357173e-01,1.006436526577674468e-11
9.999999999899356062e-01,1.006436526577445378e-11,9.999999999899357173e-01,1.006436526577674306e-11
9.999999999899356062e-01,1.006436526577445378e-11,9.999999999899357173e-01,1.006436526577216611e-11
9.999999999899356062e-01,1.006436526578818465e-11,9.999999999899357173e-01,1.006436526578589698e-11
9.999999999899356062e-01,1.006436526577903074e-11,9.999999999899357173e-01,1.006436526577674306e-11
9.999999999899356062e-01,1.006436526577903074e-11,9.999999999899357173e-01,1.006436526578818627e-11
9.999999999899356062e-01,1.006436526577903074e-11,9.999999999899357173e-01,1.006436526577903235e-11
9.999999999899356062e-01,1.006436526577903074e-11,9.999999999899357173e-01,1.006436526578360931e-11
9.999999999899356062e-01,1.006436526577903074e-11,9.999999999899357173e-01,1.006436526578360931e-11
9.999999999899356062e-01,1.006436526577903074e-11,9.999999999899357173e-01,1.006436526577903235e-11
9.999999999916409088e-01,8.359062569314933052e-12,9.999999999916409088e-01,8.359062569314933052e-12
9.999999999899356062e-01,1.006436526577903074e-11,9.999999999899356062e-01,1.006436526577903074e-11
9.999999999899356062e-01,1.006436526578132002e-11,9.999999999899357173e-01,1.006436526577903235e-11
9.999999999899356062e-01,1.006436526578132002e-11,9.999999999899357173e-01,1.006436526577903235e-11
9.999999999899356062e-01,1.006436526578132002e-11,9.999999999899357173e-01,1.006436526578132164e-11
9.999999999899356062e-01,1.006436526578132002e-11,9.999999999899357173e-01,1.006436526578132164e-11
9.999999999899356062e-01,1.006436526578132002e-11,9.999999999899357173e-01,1.006436526578132164e-11
9.999999999899356062e-01,1.006436526578132002e-11,9.999999999899357173e-01,1.006436526578132164e-11
9.999999999899356062e-01,1.006436526578132002e-11,9.999999999899357173e-01,1.006436526578132164e-11
9.999999999899356062e-01,1.006436526577674306e-11,9.999999999899357173e-01,1.006436526577674468e-11
9.999999999899356062e-01,1.006436526577903074e-11,9.999999999899357173e-01,1.006436526577674468e-11
9.999999999899356062e-01,1.006436526578132002e-11,9.999999999899357173e-01,1.006436526577903235e-11
9.999999999899356062e-01,1.006436526578132002e-11,9.999999999899357173e-01,1.006436526578132164e-11
9.999999999899356062e-01,1.006436526578132002e-11,9.999999999899357173e-01,1.006436526578132164e-11
9.999999999899356062e-01,1.006436526578132002e-11,9.999999999899357173e-01,1.006436526578132164e-11
9.999999999899356062e-01,1.006436526578132002e-11,9.999999999899357173e-01,1.006436526578132164e-11
9.999999999899356062e-01,1.006436526578132002e-11,9.999999999899357173e-01,1.006436526578132164e-11
9.999999999899356062e-01,1.006436526578132002e-11,9.999999999899357173e-01,1.006436526578132164e-11
9.999999999899356062e-01,1.006436526578132002e-11,9.999999999899357173e-01,1.006436526578132164e-11
9.999999999899356062e-01,1.006436526578132002e-11,9.999999999899357173e-01,1.006436526578132164e-11
9.999999999899356062e-01,1.006436526578132002e-11,9.999999999899357173e-01,1.006436526578132164e-11
9.999999999948926410e-01,5.107369090440003617e-12,9.999999999948925300e-01,5.107369090440002809e-12
9.999999999899356062e-01,1.006436526578132002e-11,9.999999999899356062e-01,1.006436526578132164e-11
9.999999999899356062e-01,1.006436526578132002e-11,9.999999999899357173e-01,1.006436526578132164e-11
9.999999999899356062e-01,1.006436526578132002e-11,9.999999999899357173e-01,1.006436526578132164e-11
9.999999999899356062e-01,1.006436526578132002e-11,9.999999999899357173e-01,1.006436526578132164e-11
9.999999999899356062e-01,1.006436526578132002e-11,9.999999999899357173e-01,1.006436526578132164e-11
9.999999999899356062e-01,1.006436526578132002e-11,9.999999999899357173e-01,1.006436526578132164e-11
9.999999999899356062e-01,1.006436526578132002e-11,9.999999999899357173e-01,1.006436526578132164e-11
9.999999999899356062e-01,1.006436526578132002e-11,9.999999999899357173e-01,1.006436526578132164e-11
9.999999999899356062e-01,1.006436526578132002e-11,9.999999999899357173e-01,1.006436526578132164e-11
9.999999999899356062e-01,1.006436526578132002e-11,9.999999999899357173e-01,1.006436526578132164e-11
9.999999999899356062e-01,1.006436526578132002e-11,9.999999999899357173e-01,1.006436526578132164e-11
9.999999999899356062e-01,1.006436526578132002e-11,9.999999999899357173e-01,1.006436526578132164e-11
9.999999999899356062e-01,1.006436526578132002e-11,9.999999999899357173e-01,1.006436526578132164e-11
9.999999998528751322e-01,1.471248556214645645e-10,9.999999998528751322e-01,1.471248556214645645e-10
9.999999999899356062e-01,1.006436526578132002e-11,9.999999999899354952e-01,1.006436526578131841e-11
9.999999999899356062e-01,1.006436526578132002e-11,9.999999999899357173e-01,1.006436526578132164e-11
9.999999999899356062e-01,1.006436526578132002e-11,9.999999999899357173e-01,1.006436526578132164e-11
9.999999999899356062e-01,1.006436526578132002e-11,9.999999999899357173e-01,1.006436526578132164e-11
9.999999999899356062e-01,1.006436526578132002e-11,9.999999999899357173e-01,1.006436526578132164e-11
9.999999999899356062e-01,1.006436526578132002e-11,9.999999999899357173e-01,1.006436526578132164e-11
9.999999999899356062e-01,1.006436526578132002e-11,9.999999999899357173e-01,1.006436526578132164e-11
9.999999999899356062e-01,1.006436526578132002e-11,9.999999999899357173e-01,1.006436526578132164e-11
9.999999999899356062e-01,1.006436526578132002e-11,9.999999999899357173e-01,1.006436526578132164e-11
9.999999999899356062e-01,1.006436526578132002e-11,9.999999999899357173e-01,1.006436526578132164e-11
9.999999999899356062e-01,1.006436526578132002e-11,9.999999999899357173e-01,1.006436526578132164e-11
9.999999999899356062e-01,1.006436526578132002e-11,9.999999999899357173e-01,1.006436526578132164e-11
9.999999999899356062e-01,1.006436526578132002e-11,9.999999999899357173e-01,1.006436526578132164e-11
9.999999999899356062e-01,1.006436526578132002e-11,9.999999999899357173e-01,1.006436526578132164e-11
9.999999999899356062e-01,1.006436526578132002e-11,9.999999999899357173e-01,1.006436526578132164e-11
9.999999999946250773e-01,5.374910414198717575e-12,9.999999999946250773e-01,5.374910414198717575e-12
9.999999999899356062e-01,1.006436526578132002e-11,9.999999999899357173e-01,1.006436526578132164e-11
9.999999999899356062e-01,1.006436526578132002e-11,9.999999999899357173e-01,1.006436526578132164e-11
9.999999999899356062e-01,1.006436526577903074e-11,9.999999999899357173e-01,1.006436526578132164e-11
9.999999999899356062e-01,1.006436526577903074e-11,9.999999999899357173e-01,1.006436526578132164e-11
9.999999999899356062e-01,1.006436526577903074e-11,9.999999999899357173e-01,1.006436526578132164e-11
9.999999999938302686e-01,6.169712484157130292e-12,9.999999999938303796e-01,6.169712484157130292e-12
9.999999999905299086e-01,9.470110775158187757e-12,9.999999999905299086e-01,9.470110775158187757e-12
9.999999999899356062e-01,1.006436526577903074e-11,9.999999999899357173e-01,1.006436526578132164e-11
9.999999999899356062e-01,1.006436526577903074e-11,9.999999999899357173e-01,1.006436526578132164e-11
9.999999999899356062e-01,1.006436526577903074e-11,9.999999999899357173e-01,1.006436526578132164e-11
9.999999999899356062e-01,1.006436526577903074e-11,9.999999999899357173e-01,1.006436526578132164e-11
9.999999999809391360e-01,1.906088482999440609e-11,9.999999999809390250e-01,1.906088482999440286e-11
9.999999999918550708e-01,8.144940323957642581e-12,9.999999999918551818e-01,8.144940323957644197e-12
9.999999999899356062e-01,1.006436526577903074e-11,9.999999999899357173e-01,1.006436526577903235e-11
9.999999999899356062e-01,1.006436526577903074e-11,9.999999999899357173e-01,1.006436526577903235e-11
9.999999999899356062e-01,1.006436526577903074e-11,9.999999999899357173e-01,1.006436526577903235e-11
9.999999999899356062e-01,1.006436526577903074e-11,9.999999999899357173e-01,1.006436526577903235e-11
9.999999999899356062e-01,1.006436526577903074e-11,9.999999999899357173e-01,1.006436526577903235e-11
9.999999999411371965e-01,5.886277232091854964e-11,9.999999999411371965e-01,5.886277232091854964e-11
9.999999999899356062e-01,1.006436526577903074e-11,9.999999999899356062e-01,1.006436526577903074e-11
9.999999999899356062e-01,1.006436526577903074e-11,9.999999999899357173e-01,1.006436526578132164e-11
9.999999999899356062e-01,1.006436526577903074e-11,9.999999999899357173e-01,1.006436526578132164e-11
9.999999999899356062e-01,1.006436526577903074e-11,9.999999999899357173e-01,1.006436526578132164e-11
9.999999999899356062e-01,1.006436526577903074e-11,9.999999999899357173e-01,1.006436526578132164e-11
9.999999999899356062e-01,1.006436526577903074e-11,9.999999999899357173e-01,1.006436526578132164e-11
9.999999999899356062e-01,1.006436526577903074e-11,9.999999999899357173e-01,1.006436526578132164e-11
9.999999999899356062e-01,1.006436526577903074e-11,9.999999999899357173e-01,1.006436526578132164e-11
9.999999999899356062e-01,1.006436526577903074e-11,9.999999999899357173e-01,1.006436526578132164e-11
9.999999999899356062e-01,1.006436526577903074e-11,9.999999999899357173e-01,1.006436526578132164e-11
9.999999999899356062e-01,1.006436526577903074e-11,9.999999999899357173e-01,1.006436526578132164e-11
9.999999999899356062e-01,1.006436526577903074e-11,9.999999999899357173e-01,1.006436526578132164e-11
9.999999999899356062e-01,1.006436526577903074e-11,9.999999999899357173e-01,1.006436526578132164e-11
9.999999999899356062e-01,1.006436526577903074e-11,9.999999999899357173e-01,1.006436526578132164e-11
9.999999999899356062e-01,1.006436526577903074e-11,9.999999999899357173e-01,1.006436526578132164e-11
9.999999999899356062e-01,1.006436526577903074e-11,9.999999999899357173e-01,1.006436526578132164e-11
9.999999999899356062e-01,1.006436526577903074e-11,9.999999999899357173e-01,1.006436526578132164e-11
9.999999999899356062e-01,1.006436526577903074e-11,9.999999999899357173e-01,1.006436526578132164e-11
9.999999999899356062e-01,1.006436526577903074e-11,9.999999999899357173e-01,1.006436526578132164e-11
9.999999999899356062e-01,1.006436526577903074e-11,9.999999999899357173e-01,1.006436526578132164e-11
9.999999999899356062e-01,1.006436526577903074e-11,9.999999999899357173e-01,1.006436526578132164e-11
9.999999999899356062e-01,1.006436526577903074e-11,9.999999999899357173e-01,1.006436526578132164e-11
9.999999999899356062e-01,1.006436526577903074e-11,9.999999999899357173e-01,1.006436526578132164e-11
9.999999999899356062e-01,1.006436526577903074e-11,9.999999999899357173e-01,1.006436526578132164e-11
9.999999999899356062e-01,1.006436526577903074e-11,9.999999999899357173e-01,1.006436526578132164e-11
9.999999999899356062e-01,1.006436526577903074e-11,9.999999999899357173e-01,1.006436526578132164e-11
9.999999999899356062e-01,1.006436526577903074e-11,9.999999999899357173e-01,1.006436526578132164e-11
9.999999999899356062e-01,1.006436526577903074e-11,9.999999999899357173e-01,1.006436526578132164e-11
9.999999999899356062e-01,1.006436526577903074e-11,9.999999999899357173e-01,1.006436526578132164e-11
9.999999999899356062e-01,1.006436526577903074e-11,9.999999999899357173e-01,1.006436526578132164e-11
9.999999999899356062e-01,1.006436526577903074e-11,9.999999999899357173e-01,1.006436526578132164e-11
9.999999999899356062e-01,1.006436526577903074e-11,9.999999999899357173e-01,1.006436526578132164e-11
9.999999999899356062e-01,1.006436526577903074e-11,9.999999999899357173e-01,1.006436526578132164e-11
9.999999999899356062e-01,1.006436526577903074e-11,9.999999999899357173e-01,1.006436526578132164e-11
9.999999999899356062e-01,1.006436526577903074e-11,9.999999999899357173e-01,1.006436526578132164e-11
9.999999999899356062e-01,1.006436526577903074e-11,9.999999999899357173e-01,1.006436526578132164e-11
9.999999999899356062e-01,1.006436526577903074e-11,9.999999999899357173e-01,1.006436526578132164e-11
9.999999999899356062e-01,1.006436526577903074e-11,9.999999999899357173e-01,1.006436526578132164e-11
9.999999999899356062e-01,1.006436526577903074e-11,9.999999999899357173e-01,1.006436526578132164e-11
9.999999999899356062e-01,1.006436526577903074e-11,9.999999999899357173e-01,1.006436526578132164e-11
9.999999999948926410e-01,5.107369090440003617e-12,9.999999999948925300e-01,5.107369090440002809e-12
9.999999999954932717e-01,4.506725468257666918e-12,9.999999999954932717e-01,4.506725468257667726e-12
9.999999999899356062e-01,1.006436526577903235e-11,9.999999999899356062e-01,1.006436526577903235e-11
9.999999999899356062e-01,1.006436526577903074e-11,9.999999999899357173e-01,1.006436526577903235e-11
9.999999999899356062e-01,1.006436526577903074e-11,9.999999999899357173e-01,1.006436526577903235e-11
9.999999999899356062e-01,1.006436526577903074e-11,9.999999999899357173e-01,1.006436526577903235e-11
9.999999999899356062e-01,1.006436526577903074e-11,9.999999999899357173e-01,1.006436526577903235e-11
9.999999999899356062e-01,1.006436526577903074e-11,9.999999999899357173e-01,1.006436526577903235e-11
9.999999999899356062e-01,1.006436526577903074e-11,9.999999999899357173e-01,1.006436526577903235e-11
9.999999999899356062e-01,1.006436526577903074e-11,9.999999999899357173e-01,1.006436526577903235e-11
9.999999999899356062e-01,1.006436526577903074e-11,9.999999999899357173e-01,1.006436526577903235e-11
9.999999999899356062e-01,1.006436526577903074e-11,9.999999999899357173e-01,1.006436526577903235e-11
9.999999999899356062e-01,1.006436526577903074e-11,9.999999999899357173e-01,1.006436526577903235e-11
9.999999999899356062e-01,1.006436526577903074e-11,9.999999999899357173e-01,1.006436526577903235e-11
9.999999999899356062e-01,1.006436526577903074e-11,9.999999999899357173e-01,1.006436526577903235e-11
9.999999999899356062e-01,1.006436526577903074e-11,9.999999999899357173e-01,1.006436526577903235e-11
9.999999999899356062e-01,1.006436526577903074e-11,9.999999999899357173e-01,1.006436526577903235e-11
9.999999999899356062e-01,1.006436526577903074e-11,9.999999999899357173e-01,1.006436526577903235e-11
9.999999999899356062e-01,1.006436526577903074e-11,9.999999999899357173e-01,1.006436526577903235e-11
9.999999999899356062e-01,1.006436526577903074e-11,9.999999999899357173e-01,1.006436526577903235e-11
9.999999999899356062e-01,1.006436526577903074e-11,9.999999999899357173e-01,1.006436526577903235e-11
9.999999999899356062e-01,1.006436526577903074e-11,9.999999999899357173e-01,1.006436526577903235e-11
9.999999999899356062e-01,1.006436526577903074e-11,9.999999999899357173e-01,1.006436526577903235e-11
9.999999999899356062e-01,1.006436526577903074e-11,9.999999999899357173e-01,1.006436526577903235e-11
9.999999999944562123e-01,5.543774189651583115e-12,9.999999999944562123e-01,5.543774189650322957e-12
9.999999999899356062e-01,1.006436526577903235e-11,9.999999999899357173e-01,1.006436526577903235e-11
9.999999999899356062e-01,1.006436526577903074e-11,9.999999999899357173e-01,1.006436526577903235e-11
9.999999999899356062e-01,1.006436526577903074e-11,9.999999999899357173e-01,1.006436526577903235e-11
9.999999999650964755e-01,3.490349648755128969e-11,9.999999999650964755e-01,3.490349648755128969e-11
9.999999999899356062e-01,1.006436526577903074e-11,9.999999999899357173e-01,1.006436526577903235e-11
9.999999999899356062e-01,1.006436526577903074e-11,9.999999999899357173e-01,1.006436526578132164e-11
9.999999999899356062e-01,1.006436526577903074e-11,9.999999999899357173e-01,1.006436526578132164e-11
9.999999999899356062e-01,1.006436526577903074e-11,9.999999999899357173e-01,1.006436526578132164e-11
9.999999999899356062e-01,1.006436526577903074e-11,9.999999999899357173e-01,1.006436526578132164e-11
9.999999999899356062e-01,1.006436526577903074e-11,9.999999999899357173e-01,1.006436526578132164e-11
9.999999999899356062e-01,1.006436526577903074e-11,9.999999999899357173e-01,1.006436526578132164e-11
9.999999999899356062e-01,1.006436526577903074e-11,9.999999999899357173e-01,1.006436526578132164e-11
9.999999999899356062e-01,1.006436526577903074e-11,9.999999999899357173e-01,1.006436526578132164e-11
9.999999999899356062e-01,1.006436526577903074e-11,9.999999999899357173e-01,1.006436526578132164e-11
9.999999999899356062e-01,1.006436526577903074e-11,9.999999999899357173e-01,1.006436526578132164e-11
9.999999999899356062e-01,1.006436526577903074e-11,9.999999999899357173e-01,1.006436526578132164e-11
9.999999999899356062e-01,1.006436526577903074e-11,9.999999999899357173e-01,1.006436526578132164e-11
9.999999999899356062e-01,1.006436526578132002e-11,9.999999999899357173e-01,1.006436526578360931e-11
9.999999999899356062e-01,1.006436526577903074e-11,9.999999999899357173e-01,1.006436526578360931e-11
9.999999999899356062e-01,1.006436526577559761e-11,9.999999999899357173e-01,1.006436526578132164e-11
9.999999999899356062e-01,1.006436526577674306e-11,9.999999999899357173e-01,1.006436526578132002e-11
9.999999999899356062e-01,1.006436526577788690e-11,9.999999999899357173e-01,1.006436526577903235e-11
9.999999999899356062e-01,1.006436526577903074e-11,9.999999999899357173e-01,1.006436526577903235e-11
9.999999999899356062e-01,1.006436526577559761e-11,9.999999999899357173e-01,1.006436526577788852e-11
9.999999999899356062e-01,1.006436526577674306e-11,9.999999999899357173e-01,1.006436526577903235e-11
9.999999999899356062e-01,1.006436526577559761e-11,9.999999999899357173e-01,1.006436526578017619e-11
9.999999999899356062e-01,1.006436526577674306e-11,9.999999999899357173e-01,1.006436526577903235e-11
9.999999999899356062e-01,1.006436526577559761e-11,9.999999999899357173e-01,1.006436526578017619e-11
9.999999999899356062e-01,1.006436526577674306e-11,9.999999999899357173e-01,1.006436526577903235e-11
9.999999999899356062e-01,1.006436526577788690e-11,9.999999999899357173e-01,1.006436526578017619e-11
9.999999999954979346e-01,4.502010443781566727e-12,9.999999999954980456e-01,4.502010443781566727e-12
9.999999999899356062e-01,1.006436526577788852e-11,9.999999999899356062e-01,1.006436526577788690e-11
9.999999999946544982e-01,5.345521493527606636e-12,9.999999999946544982e-01,5.345521493527605828e-12
9.999999999899356062e-01,1.006436526577559923e-11,9.999999999899357173e-01,1.006436526577559923e-11
9.999999999899356062e-01,1.006436526577674306e-11,9.999999999899357173e-01,1.006436526577903235e-11
9.999999999899356062e-01,1.006436526577559761e-11,9.999999999899357173e-01,1.006436526578017619e-11
9.999999999899356062e-01,1.006436526577674306e-11,9.999999999899357173e-01,1.006436526577903235e-11
9.999999999899356062e-01,1.006436526577559761e-11,9.999999999899357173e-01,1.006436526578017619e-11
9.999999999899356062e-01,1.006436526577674306e-11,9.999999999899357173e-01,1.006436526577903235e-11
9.999999999899356062e-01,1.006436526577559761e-11,9.999999999899357173e-01,1.006436526578017619e-11
9.999999999899356062e-01,1.006436526577674306e-11,9.999999999899357173e-01,1.006436526577903235e-11
9.999999999899356062e-01,1.006436526577559761e-11,9.999999999899357173e-01,1.006436526578017619e-11
9.999999999899356062e-01,1.006436526577674306e-11,9.999999999899357173e-01,1.006436526577903235e-11
9.999999999899356062e-01,1.006436526577788690e-11,9.999999999899357173e-01,1.006436526578017619e-11
9.999999999899356062e-01,1.006436526577674306e-11,9.999999999899357173e-01,1.006436526577674306e-11
9.999999999899356062e-01,1.006436526577788690e-11,9.999999999899357173e-01,1.006436526577788852e-11
9.999999999899356062e-01,1.006436526577674306e-11,9.999999999899357173e-01,1.006436526577674306e-11
9.999999999837737574e-01,1.622624383838049694e-11,9.999999999837737574e-01,1.622624383837865517e-11
9.999999999899356062e-01,1.006436526577788690e-11,9.999999999899356062e-01,1.006436526577788852e-11
9.999999999899356062e-01,1.006436526577674306e-11,9.999999999899357173e-01,1.006436526577674306e-11
9.999994766752900999e-01,5.233247099483705786e-07,9.999994766752900999e-01,5.233247099484299768e-07
9.999994766752899888e-01,5.233247099483704727e-07,9.999994766752899888e-01,5.233247099484298709e-07
9.999994766752899888e-01,5.233247099483704727e-07,9.999994766752899888e-01,5.233247099484298709e-07
9.999994766752899888e-01,5.233247099483704727e-07,9.999994766752899888e-01,5.233247099484298709e-07
9.999994766752899888e-01,5.233247099483704727e-07,9.999994766752899888e-01,5.233247099484298709e-07
9.999994766752899888e-01,5.233247099483704727e-07,9.999994766752899888e-01,5.233247099484298709e-07
9.999994766752899888e-01,5.233247099483704727e-07,9.999994766752899888e-01,5.233247099484298709e-07
9.999994766752899888e-01,5.233247099483704727e-07,9.999994766752899888e-01,5.233247099484298709e-07
9.999994766752899888e-01,5.233247099483704727e-07,9.999994766752899888e-01,5.233247099484298709e-07
9.999994766752899888e-01,5.233247099483704727e-07,9.999994766752899888e-01,5.233247099484298709e-07
9.999994766752899888e-01,5.233247099483704727e-07,9.999994766752899888e-01,5.233247099484298709e-07
9.999994766752899888e-01,5.233247099483704727e-07,9.999994766752899888e-01,5.233247099484298709e-07
9.999994766752899888e-01,5.233247099483704727e-07,9.999994766752899888e-01,5.233247099484298709e-07
9.999994766752899888e-01,5.233247099483704727e-07,9.999994766752899888e-01,5.233247099484298709e-07
9.999994766752899888e-01,5.233247099483704727e-07,9.999994766752899888e-01,5.233247099484298709e-07
9.999994766752899888e-01,5.233247099483704727e-07,9.999994766752899888e-01,5.233247099484298709e-07
9.999994766752899888e-01,5.233247099483704727e-07,9.999994766752899888e-01,5.233247099484298709e-07
9.999994766752899888e-01,5.233247099483704727e-07,9.999994766752899888e-01,5.233247099484298709e-07
9.999994766752899888e-01,5.233247099483704727e-07,9.999994766752899888e-01,5.233247099484298709e-07
9.999994766752899888e-01,5.233247099483704727e-07,9.999994766752899888e-01,5.233247099484298709e-07
9.999994766752899888e-01,5.233247099483704727e-07,9.999994766752899888e-01,5.233247099484298709e-07
9.999994766752899888e-01,5.233247099483704727e-07,9.999994766752899888e-01,5.233247099484298709e-07
9.999994766752899888e-01,5.233247099483704727e-07,9.999994766752899888e-01,5.233247099484298709e-07
9.999994766752899888e-01,5.233247099483704727e-07,9.999994766752899888e-01,5.233247099484298709e-07
9.999994766752899888e-01,5.233247099483704727e-07,9.999994766752899888e-01,5.233247099484298709e-07
9.999994766752899888e-01,5.233247099483704727e-07,9.999994766752899888e-01,5.233247099484298709e-07
9.999994766752899888e-01,5.233247099483704727e-07,9.999994766752899888e-01,5.233247099484298709e-07
9.999994766752899888e-01,5.233247099483704727e-07,9.999994766752899888e-01,5.233247099484298709e-07
9.999994766752899888e-01,5.233247099483704727e-07,9.999994766752899888e-01,5.233247099484298709e-07
9.999994766752899888e-01,5.233247099483704727e-07,9.999994766752899888e-01,5.233247099484298709e-07
9.999999999899356062e-01,1.006436526577788852e-11,9.999999999899356062e-01,1.006436526577788528e-11
9.999999999899356062e-01,1.006436526577674306e-11,9.999999999899357173e-01,1.006436526577674306e-11
9.999999999899356062e-01,1.006436526577788690e-11,9.999999999899357173e-01,1.006436526577788852e-11
9.999999999899356062e-01,1.006436526577674306e-11,9.999999999899357173e-01,1.006436526577674306e-11
9.999999999899356062e-01,1.006436526577788690e-11,9.999999999899357173e-01,1.006436526577788852e-11
9.999999999899356062e-01,1.006436526577674306e-11,9.999999999899357173e-01,1.006436526577674306e-11
9.999999999899356062e-01,1.006436526577788690e-11,9.999999999899357173e-01,1.006436526577788852e-11
9.999999999899356062e-01,1.006436526577674306e-11,9.999999999899357173e-01,1.006436526577674306e-11
9.999999999899356062e-01,1.006436526577788690e-11,9.999999999899357173e-01,1.006436526577788852e-11
9.999999999899356062e-01,1.006436526577674306e-11,9.999999999899357173e-01,1.006436526577674306e-11
9.999999999899356062e-01,1.006436526577788690e-11,9.999999999899357173e-01,1.006436526577788852e-11
9.999999999899356062e-01,1.006436526577674306e-11,9.999999999899357173e-01,1.006436526577674306e-11
9.999999999899356062e-01,1.006436526577788690e-11,9.999999999899357173e-01,1.006436526577788852e-11
9.999999999899356062e-01,1.006436526577674306e-11,9.999999999899357173e-01,1.006436526577674306e-11
9.999999999899356062e-01,1.006436526577903074e-11,9.999999999899357173e-01,1.006436526577903235e-11
9.999999999899356062e-01,1.006436526577731498e-11,9.999999999899357173e-01,1.006436526578017619e-11
9.999999999899356062e-01,1.006436526577845882e-11,9.999999999899357173e-01,1.006436526578017619e-11
9.999999999899356062e-01,1.006436526577845882e-11,9.999999999899357173e-01,1.006436526578132002e-11
9.999999999899356062e-01,1.006436526577960265e-11,9.999999999899357173e-01,1.006436526578017619e-11
9.999999999899356062e-01,1.006436526577788690e-11,9.999999999899357173e-01,1.006436526577846043e-11
9.999999999899356062e-01,1.006436526577903074e-11,9.999999999899357173e-01,1.006436526577846043e-11
9.999999999899356062e-01,1.006436526577903074e-11,9.999999999899357173e-01,1.006436526577846043e-11
9.999999999899356062e-01,1.006436526577903074e-11,9.999999999899357173e-01,1.006436526577846043e-11
9.999999999899356062e-01,1.006436526577903074e-11,9.999999999899357173e-01,1.006436526577903235e-11
7.171004187923165629e-01,2.828995812076834371e-01,7.171004187923165629e-01,2.828995812076834371e-01
9.917254581046610304e-227,1.000000000000000000e+00,9.917254581046612178e-227,1.000000000000000000e+00
9.917254581064652054e-217,1.000000000000000000e+00,4.419384698552727600e-187,1.000000000000000000e+00
8.689222111713136916e-63,1.000000000000000000e+00,9.923522085282597806e-144,1.000000000000000000e+00
2.799170251284461970e-43,1.000000000000000000e+00,7.348060592020960103e-144,1.000000000000000000e+00
2.350216348695172205e-154,1.000000000000000000e+00,2.350216348695172536e-154,1.000000000000000000e+00
1.000000000000000000e+00,2.350216348709333411e-144,3.307133096693965277e-177,1.000000000000000000e+00
4.600492363009677096e-46,1.000000000000000000e+00,4.600492363008892996e-46,1.000000000000000000e+00
1.280513414455476662e-29,1.000000000000000000e+00,1.280513414455330927e-29,1.000000000000000000e+00
3.307133096694717506e-177,1.000000000000000000e+00,3.307133096694717068e-177,1.000000000000000000e+00
9.525930785812312472e-64,1.000000000000000000e+00,9.525930785813396041e-64,1.000000000000000000e+00
3.802272892173943089e-93,1.000000000000000000e+00,3.802272892173943089e-93,1.000000000000000000e+00
6.508554717928359142e-69,1.000000000000000000e+00,6.508554717929468956e-69,1.000000000000000000e+00
8.282882430917561031e-39,1.000000000000000000e+00,8.282882430917562336e-39,1.000000000000000000e+00
9.438928158351523737e-16,9.999999999999990008e-01,9.438928158351523737e-16,9.999999999999991118e-01
1.280513414455331207e-29,1.000000000000000000e+00,1.280513414455330927e-29,1.000000000000000000e+00
4.500959010766229823e-134,1.000000000000000000e+00,4.500959010765973697e-134,1.000000000000000000e+00
4.238036665413291187e-09,9.999999957619634117e-01,4.238036665414254853e-09,9.999999957619634117e-01
9.887602347578985373e-01,1.123976524210140021e-02,9.887602347578986484e-01,1.123976524210140021e-02
6.877579828407399975e-27,1.000000000000000000e+00,6.877579828407399975e-27,1.000000000000000000e+00
9.887602347578992035e-01,1.123976524210076704e-02,9.887602347578986484e-01,1.123976524210140021e-02
9.999999999773967474e-01,2.260333082489948549e-11,9.999999999773967474e-01,2.260333082490205427e-11
9.999999998902970866e-01,1.097029182977266890e-10,9.999999998902970866e-01,1.097029182977267019e-10
9.999999997909720939e-01,2.090278510376742847e-10,9.999999997909720939e-01,2.090278510376980661e-10
9.995273477505133286e-01,4.726522494866859225e-04,9.995273477505133286e-01,4.726522494866859225e-04
9.999999999944562123e-01,5.543774189650480477e-12,9.999999999944562123e-01,5.543774189650637189e-12
9.999999999947765117e-01,5.223516961197226689e-12,9.999999999947765117e-01,5.223516961197079670e-12
9.999999999955238028e-01,4.476278123315490015e-12,9.999999999955238028e-01,4.476278123315363192e-12
9.999999999927624561e-01,7.237517422385606585e-12,9.999999999927624561e-01,7.237517422386016944e-12
9.999999999913983251e-01,8.601674835981683335e-12,9.999999999913983251e-01,8.601674835982171242e-12
9.999999999953544938e-01,4.645487461590760060e-12,9.999999999953546048e-01,4.645487461591025017e-12
9.999999999938302686e-01,6.169712484157305583e-12,9.999999999938302686e-01,6.169712484157656165e-12
9.999999999941007189e-01,5.899290110940934649e-12,9.999999999941007189e-01,5.899290110941102670e-12
9.999999999937110307e-01,6.288878759657814938e-12,9.999999999937111417e-01,6.288878759657816553e-12
9.999999698367982859e-01,3.016320162199380761e-08,9.999999698367983969e-01,3.016320162199381423e-08
9.999999999203141865e-01,7.968584051281440856e-11,9.999999999203140755e-01,7.968584051281439563e-11
9.999999999951034724e-01,4.896557034244975420e-12,9.999999999951034724e-01,4.896557034244976228e-12
9.999999999936636241e-01,6.336410936400289017e-12,9.999999999936636241e-01,6.336410936400469155e-12
9.999999999905297976e-01,9.470110775154686780e-12,9.999999999905299086e-01,9.470110775154958199e-12
9.999999999927624561e-01,7.237517422386222931e-12,9.999999999927625671e-01,7.237517422386019367e-12
9.999999999923987470e-01,7.601346801418238610e-12,9.999999999923986360e-01,7.601346801418669972e-12
9.999999960903752649e-01,3.909624719500399375e-09,9.999999960903752649e-01,3.909624719500400202e-09
9.999999999203141865e-01,7.968584051281893220e-11,9.999999999203140755e-01,7.968584051281891928e-11
9.999999999952834395e-01,4.716556624698373435e-12,9.999999999952835505e-01,4.716556624698106056e-12
9.999999999933496531e-01,6.650344746610917064e-12,9.999999999933496531e-01,6.650344746610539017e-12
9.999999999899356062e-01,1.006436526577817447e-11,9.999999999899356062e-01,1.006436526577846043e-11
9.999999999930926364e-01,6.907402739702388370e-12,9.999999999930926364e-01,6.907402739702486113e-12
9.999999999919977345e-01,8.002350202416698067e-12,9.999999999919976235e-01,8.002350202417378229e-12
9.999999999899356062e-01,1.006436526577888856e-11,9.999999999899356062e-01,1.006436526577788690e-11
9.999999999899356062e-01,1.006436526577845882e-11,9.999999999899357173e-01,1.006436526577874639e-11
9.999999999899356062e-01,1.006436526577845882e-11,9.999999999899357173e-01,1.006436526577831665e-11
9.999999999899356062e-01,1.006436526577831503e-11,9.999999999899357173e-01,1.006436526577817447e-11
9.999999999899356062e-01,1.006436526577845882e-11,9.999999999899357173e-01,1.006436526577803069e-11
9.999999999899356062e-01,1.006436526577831503e-11,9.999999999899357173e-01,1.006436526577846043e-11
9.999999999922692950e-01,7.730700947459396649e-12,9.999999999922692950e-01,7.730700947459396649e-12
9.999999999952834395e-01,4.716556624698038201e-12,9.999999999952834395e-01,4.716556624698105248e-12
4.237959541146688134e-04,9.995762040458854303e-01,4.237959541146386184e-04,9.995762040458853193e-01
9.999999999542144025e-01,4.578553539526151421e-11,9.999999999542144025e-01,4.578553539526151421e-11
9.999999999899356062e-01,1.006436526577846043e-11,9.999999999899356062e-01,1.006436526577845720e-11
9.999999999899356062e-01,1.006436526577845882e-11,9.999999999899357173e-01,1.006436526577860260e-11
9.999999999923986360e-01,7.601346801418671587e-12,9.999999999923986360e-01,7.601346801418886460e-12
9.999999999953218532e-01,4.678158430710028809e-12,9.999999999953217422e-01,4.678158430709879367e-12
9.999999999954933827e-01,4.506725468258932731e-12,9.999999999954932717e-01,4.506725468258964235e-12
9.999999999944296780e-01,5.570273398730865224e-12,9.999999999944296780e-01,5.570273398730865224e-12
9.999999999949116258e-01,5.088395614220102191e-12,9.999999999949116258e-01,5.088395614220102191e-12
9.999999999941007189e-01,5.899290110941280385e-12,9.999999999941007189e-01,5.899290110941354702e-12
